layers/ppt11.asc
NCOLS 421 
NROWS 354 
XLLCORNER -106.645833332895 
YLLCORNER 25.8541666666667 
CELLSIZE 0.0416666666669039 
NODATA_value -3.4e+38 
[rows 184 to 206 of 354, columns 260 to 311 of 421]
678.390014648438 648.369995117188 633.640014648438 631.349975585938 645.719970703125 675.549987792969 691.719970703125 712.429992675781 745.279968261719 768.070007324219 785.640014648438 810.090026855469 830.460021972656 839.640014648438 850.679992675781 852.210021972656 839.130004882812 833.010009765625 848.380004882812 863.400024414062 858.150024414062 856.159973144531 850.840026855469 825.809997558594 783.130004882812 740.690002441406 726.190002441406 739.090026855469 757.799987792969 770.22998046875 782.890014648438 836.039978027344 837.760009765625 814.589965820312 776.760009765625 777.739990234375 793.799987792969 798.580017089844 799.349975585938 807.72998046875 824.219970703125 824.969970703125 -3.4e+38 -3.4e+38 -3.4e+38 -3.4e+38 -3.4e+38 -3.4e+38 -3.4e+38 -3.4e+38 -3.4e+38 -3.4e+38
657.429992675781 645.679992675781 639.140014648438 644.150024414062 662.25 681.429992675781 688.390014648438 698.549987792969 717.169982910156 739.47998046875 780.830017089844 813.900024414062 831.679992675781 840.150024414062 848.590026855469 841.840026855469 838.660034179688 844.470031738281 855.010009765625 854.840026855469 851.75 858.760009765625 847.169982910156 808.150024414062 765.739990234375 733.200012207031 716.470031738281 716.530029296875 735.350036621094 749.460021972656 752.539978027344 752.309997558594 772.400024414062 772.549987792969 747.460021972656 749.559997558594 760.349975585938 767.789978027344 779.059997558594 785.669982910156 791.97998046875 812.349975585938 -3.4e+38 -3.4e+38 -3.4e+38 -3.4e+38 -3.4e+38 -3.4e+38 -3.4e+38 -3.4e+38 -3.4e+38 -3.4e+38
651.109985351562 651.7099609375 661.690002441406 670.820007324219 686.309997558594 690.02001953125 689.409973144531 683.530029296875 677.72998046875 703.640014648438 772.330017089844 819.690002441406 846.820007324219 849.169982910156 850.179992675781 839.02001953125 848.599975585938 862.789978027344 860.9599609375 848.390014648438 838.130004882812 841.320007324219 813.469970703125 782.239990234375 756.47998046875 744.789978027344 734.77001953125 737.719970703125 753.559997558594 758.460021972656 754.880004882812 761.119995117188 773.719970703125 770.210021972656 743.919982910156 734.469970703125 740.609985351562 754.850036621094 759.580017089844 771.099975585938 792.160034179688 827.450012207031 -3.4e+38 -3.4e+38 -3.4e+38 -3.4e+38 -3.4e+38 -3.4e+38 -3.4e+38 -3.4e+38 -3.4e+38 -3.4e+38
665.169982910156 669.390014648438 678.890014648438 686.640014648438 707.119995117188 707.830017089844 688.609985351562 673.539978027344 676.690002441406 717.4599609375 782.090026855469 835.429992675781 857.609985351562 848.280029296875 839.149963378906 838.77001953125 850.089965820312 856.739990234375 845.97998046875 841.52001953125 833.849975585938 822.190002441406 791.769958496094 780.570007324219 781.830017089844 780.590026855469 775.909973144531 775.659973144531 779.160034179688 779.599975585938 784.910034179688 792.830017089844 794.219970703125 775.659973144531 748.830017089844 737.049987792969 744.159973144531 764.969970703125 778.299987792969 793.22998046875 810.650024414062 841.549987792969 -3.4e+38 -3.4e+38 -3.4e+38 -3.4e+38 -3.4e+38 -3.4e+38 -3.4e+38 -3.4e+38 -3.4e+38 -3.4e+38
665.700012207031 677.179992675781 690.5 710.440002441406 729.52001953125 722.330017089844 698.070007324219 699.080017089844 729.010009765625 763.350036621094 786.219970703125 815.890014648438 828.820007324219 827.349975585938 826.799987792969 833.239990234375 846.440002441406 843.869995117188 832.5 832.630004882812 832.549987792969 817.919982910156 810.580017089844 809.969970703125 815.070007324219 802.679992675781 789.429992675781 790.100036621094 799.280029296875 814.130004882812 821.869995117188 816.890014648438 799.830017089844 777.960021972656 764.140014648438 757.97998046875 764.840026855469 782.890014648438 809.989990234375 828.830017089844 834.52001953125 857.780029296875 -3.4e+38 -3.4e+38 -3.4e+38 -3.4e+38 -3.4e+38 -3.4e+38 -3.4e+38 -3.4e+38 -3.4e+38 -3.4e+38
674.77001953125 697.239990234375 722 733.809997558594 731.700012207031 723.100036621094 721.22998046875 743.940002441406 773.900024414062 779.630004882812 773.869995117188 785.809997558594 800.380004882812 812.910034179688 824.969970703125 831.580017089844 834.720031738281 827.849975585938 817.559997558594 816.929992675781 809.100036621094 809.010009765625 822.679992675781 825.530029296875 810.419982910156 792.630004882812 785.760009765625 792.179992675781 811.5 839.619995117188 851.159973144531 833.72998046875 804.200012207031 777.580017089844 766.909973144531 769.700012207031 775.440002441406 789.840026855469 817.690002441406 848.919982910156 857.570007324219 869.399963378906 -3.4e+38 -3.4e+38 -3.4e+38 -3.4e+38 -3.4e+38 -3.4e+38 -3.4e+38 -3.4e+38 -3.4e+38 -3.4e+38
703.22998046875 730.02001953125 754.470031738281 750.539978027344 726.22998046875 713.47998046875 721.27001953125 752.119995117188 778.849975585938 777.640014648438 773.410034179688 776.409973144531 794.940002441406 804.219970703125 810.27001953125 815.710021972656 808.469970703125 803.030029296875 798.369995117188 790.840026855469 786.400024414062 795.210021972656 819.760009765625 832.109985351562 823.429992675781 809.669982910156 809.22998046875 819.52001953125 846.049987792969 878.4599609375 872.140014648438 840.609985351562 812.599975585938 776.789978027344 759.460021972656 768.320007324219 779.880004882812 792.710021972656 840.600036621094 889.789978027344 888.260009765625 877.880004882812 -3.4e+38 -3.4e+38 -3.4e+38 -3.4e+38 -3.4e+38 -3.4e+38 -3.4e+38 -3.4e+38 -3.4e+38 -3.4e+38
730.590026855469 746.869995117188 751 735.109985351562 710.200012207031 691.130004882812 701.220031738281 734.840026855469 746.880004882812 747.739990234375 761.279968261719 770.02001953125 789.919982910156 796.150024414062 813.169982910156 813.059997558594 798.72998046875 780.530029296875 773.179992675781 771.330017089844 769.190002441406 790.869995117188 820.559997558594 845.719970703125 839.75 831.690002441406 839.919982910156 874.909973144531 902.960021972656 892.489990234375 850.030029296875 828.150024414062 807.880004882812 785.239990234375 775.900024414062 788.789978027344 810.170043945312 811.299987792969 862.320007324219 896.380004882812 881.869995117188 866.190002441406 -3.4e+38 -3.4e+38 -3.4e+38 -3.4e+38 -3.4e+38 -3.4e+38 -3.4e+38 -3.4e+38 -3.4e+38 -3.4e+38
766.940002441406 765.169982910156 760.970031738281 742.850036621094 724.369995117188 698.690002441406 689.52001953125 716.549987792969 736.690002441406 744.099975585938 756.049987792969 774 795.789978027344 814.47998046875 819.679992675781 806.530029296875 796.899963378906 770.52001953125 761.720031738281 768.390014648438 775.039978027344 791.219970703125 810.030029296875 828.27001953125 851.349975585938 861.580017089844 886.580017089844 903.659973144531 887.909973144531 856.559997558594 821.02001953125 790.789978027344 782.559997558594 786.119995117188 806.850036621094 841.450012207031 854.100036621094 842.349975585938 863.320007324219 867.829956054688 843 856.239990234375 -3.4e+38 -3.4e+38 -3.4e+38 -3.4e+38 -3.4e+38 -3.4e+38 -3.4e+38 -3.4e+38 -3.4e+38 -3.4e+38
798.390014648438 791.559997558594 783.940002441406 756.72998046875 734 718.22998046875 708.5 721.210021972656 749.02001953125 758.849975585938 765.630004882812 777.849975585938 809.840026855469 821.219970703125 802.779968261719 797.340026855469 791.609985351562 763.840026855469 756.710021972656 759.309997558594 760.029968261719 782.450012207031 803.359985351562 816.320007324219 840.330017089844 863.410034179688 883.739990234375 885.630004882812 844.150024414062 812.109985351562 817.549987792969 815.160034179688 811.450012207031 811.830017089844 821.710021972656 843.429992675781 848.320007324219 859.380004882812 865.650024414062 850.440002441406 845.570007324219 858.789978027344 -3.4e+38 -3.4e+38 -3.4e+38 -3.4e+38 -3.4e+38 -3.4e+38 -3.4e+38 -3.4e+38 -3.4e+38 -3.4e+38
831.070007324219 825.22998046875 818.349975585938 786.900024414062 758.130004882812 744.739990234375 744.239990234375 757.160034179688 769.390014648438 764.190002441406 768.349975585938 767.140014648438 775.909973144531 786.25 782.809997558594 778.950012207031 768.880004882812 757.530029296875 755.190002441406 757.109985351562 769.869995117188 795.100036621094 813.570007324219 833.960021972656 851.099975585938 855.299987792969 860.200012207031 861.5 831.02001953125 795.510009765625 790.320007324219 816.700012207031 845.52001953125 841.5 831.780029296875 839.97998046875 861.659973144531 866.179992675781 846.52001953125 833.830017089844 836.160034179688 842.940002441406 -3.4e+38 -3.4e+38 -3.4e+38 -3.4e+38 -3.4e+38 -3.4e+38 -3.4e+38 -3.4e+38 -3.4e+38 -3.4e+38
832.950012207031 835.809997558594 832.359985351562 816.820007324219 797.349975585938 785.359985351562 783.140014648438 784 782.169982910156 774.640014648438 768.100036621094 764.210021972656 747 741.739990234375 745.97998046875 754.799987792969 753.940002441406 767.529968261719 778.090026855469 775.390014648438 778.570007324219 792.450012207031 808.75 831.950012207031 847.159973144531 856.52001953125 858.279968261719 841.799987792969 823.77001953125 807.179992675781 794.150024414062 812.340026855469 838.489990234375 842.450012207031 850.869995117188 870.890014648438 877.049987792969 852.200012207031 819.489990234375 813.410034179688 821.030029296875 826.200012207031 -3.4e+38 -3.4e+38 -3.4e+38 -3.4e+38 -3.4e+38 -3.4e+38 -3.4e+38 -3.4e+38 -3.4e+38 -3.4e+38
821.390014648438 841.130004882812 850.830017089844 851.039978027344 846.039978027344 824.27001953125 804.469970703125 789.549987792969 776.080017089844 756.080017089844 750.369995117188 767.260009765625 751.450012207031 737.859985351562 738.099975585938 756.890014648438 766.460021972656 779.039978027344 797.880004882812 800.510009765625 793.429992675781 786.22998046875 805.779968261719 839.200012207031 843.340026855469 843.929992675781 846.789978027344 832.210021972656 809.940002441406 792.659973144531 792.339965820312 815.109985351562 839.029968261719 861.369995117188 883.549987792969 888.440002441406 869.029968261719 842.169982910156 840.52001953125 846.779968261719 814.419982910156 817.460021972656 -3.4e+38 -3.4e+38 -3.4e+38 -3.4e+38 -3.4e+38 -3.4e+38 -3.4e+38 -3.4e+38 -3.4e+38 -3.4e+38
822.429992675781 832.179992675781 847.030029296875 866.52001953125 870.700012207031 844.309997558594 813.049987792969 791.440002441406 771.77001953125 741.460021972656 727.340026855469 743.030029296875 751.929992675781 747.929992675781 756.239990234375 779.580017089844 790.880004882812 791.510009765625 803.659973144531 820.010009765625 817.799987792969 813.9599609375 844.489990234375 856.960021972656 854.52001953125 840.989990234375 829.339965820312 814.619995117188 809.059997558594 820.160034179688 833.440002441406 856.799987792969 875.839965820312 885.159973144531 904.510009765625 912.789978027344 883.27001953125 859.409973144531 868.450012207031 871.450012207031 832.700012207031 817.429992675781 -3.4e+38 -3.4e+38 -3.4e+38 -3.4e+38 -3.4e+38 -3.4e+38 -3.4e+38 -3.4e+38 -3.4e+38 -3.4e+38
803.190002441406 809.25 827.840026855469 843.969970703125 837.109985351562 816.840026855469 802.779968261719 786.450012207031 758.549987792969 728.489990234375 723.039978027344 745.289978027344 756.909973144531 753.7099609375 770.929992675781 802.0400390625 805.390014648438 800.169982910156 808.950012207031 828.710021972656 842.989990234375 852.450012207031 859.880004882812 846.820007324219 821.739990234375 803.97998046875 796.440002441406 800.460021972656 813.849975585938 836.52001953125 866.049987792969 899.580017089844 917.440002441406 919.559997558594 924.960021972656 922.580017089844 905.77001953125 903.260009765625 897.190002441406 866.700012207031 851.650024414062 845.440002441406 -3.4e+38 -3.4e+38 -3.4e+38 -3.4e+38 -3.4e+38 -3.4e+38 -3.4e+38 -3.4e+38 -3.4e+38 -3.4e+38
779.679992675781 777.369995117188 788.890014648438 801.77001953125 794.039978027344 778.029968261719 764.909973144531 747.989990234375 727.059997558594 718.489990234375 727 746.890014648438 755.630004882812 768.320007324219 791.609985351562 809.880004882812 808.27001953125 800.02001953125 806.619995117188 823.469970703125 838.179992675781 835.320007324219 819.239990234375 807.029968261719 806.780029296875 807 811.899963378906 819.049987792969 829.440002441406 844.119995117188 871.47998046875 914.099975585938 944.580017089844 946.109985351562 939.849975585938 933.719970703125 916.840026855469 922.530029296875 923.830017089844 868.590026855469 858.619995117188 861.460021972656 -3.4e+38 -3.4e+38 -3.4e+38 -3.4e+38 -3.4e+38 -3.4e+38 -3.4e+38 -3.4e+38 -3.4e+38 -3.4e+38
745.159973144531 741.309997558594 752.719970703125 764.849975585938 760.530029296875 747.260009765625 730.100036621094 708.960021972656 703.910034179688 717.640014648438 735.390014648438 760.440002441406 766.2099609375 780.390014648438 798.279968261719 806.5400390625 804.660034179688 794.5 781.159973144531 781.919982910156 797.97998046875 811.720031738281 809.419982910156 808.299987792969 832.160034179688 841.440002441406 833.590026855469 831.099975585938 831.169982910156 827.529968261719 850.429992675781 893 936.489990234375 959.220031738281 961.109985351562 961.190002441406 958.919982910156 957.390014648438 935.609985351562 877.849975585938 853.070007324219 858.059997558594 -3.4e+38 -3.4e+38 -3.4e+38 -3.4e+38 -3.4e+38 -3.4e+38 -3.4e+38 -3.4e+38 -3.4e+38 -3.4e+38
730.619995117188 723.260009765625 736.2900390625 741.400024414062 731.940002441406 720.320007324219 699.470031738281 689.559997558594 697.190002441406 728.029968261719 743.669982910156 764.779968261719 769.700012207031 779.75 798.580017089844 796.77001953125 792 782.650024414062 768.340026855469 769.789978027344 795.440002441406 816.72998046875 829.890014648438 838.950012207031 857.130004882812 848.25 836.109985351562 823.809997558594 820.190002441406 822.219970703125 850.380004882812 899.760009765625 935.830017089844 952.340026855469 956.7099609375 962.590026855469 972.049987792969 958.789978027344 930.649963378906 883.359985351562 850.380004882812 848.690002441406 -3.4e+38 -3.4e+38 -3.4e+38 -3.4e+38 -3.4e+38 -3.4e+38 -3.4e+38 -3.4e+38 -3.4e+38 -3.4e+38
748.25 743.119995117188 751.090026855469 747.549987792969 732.02001953125 707.070007324219 687.72998046875 690.22998046875 710.179992675781 740.630004882812 752.679992675781 776.030029296875 776.720031738281 786.77001953125 793.7900390625 775.940002441406 760.599975585938 760.469970703125 776.150024414062 799.780029296875 818.609985351562 834.989990234375 847.160034179688 864.940002441406 867.159973144531 842.950012207031 840.02001953125 839.299987792969 841.260009765625 851.690002441406 888.149963378906 926.130004882812 937.320007324219 929.220031738281 929.72998046875 941.169982910156 945.869995117188 923.299987792969 898.940002441406 872.859985351562 855.739990234375 836.649963378906 -3.4e+38 -3.4e+38 -3.4e+38 -3.4e+38 -3.4e+38 -3.4e+38 -3.4e+38 -3.4e+38 -3.4e+38 -3.4e+38
774.609985351562 772.710021972656 768.929992675781 759.739990234375 737.659973144531 701.970031738281 685.440002441406 689.580017089844 713.739990234375 745.210021972656 761.489990234375 782.380004882812 779.929992675781 775.510009765625 764.010009765625 746.880004882812 746.070007324219 773.059997558594 809.460021972656 823.070007324219 822.760009765625 822.72998046875 829.5 837.820007324219 835.589965820312 834.840026855469 840.359985351562 856.260009765625 868.22998046875 891.77001953125 918.309997558594 931.450012207031 929.169982910156 905.760009765625 893.719970703125 897.859985351562 896.469970703125 881.989990234375 874.739990234375 867.530029296875 853.460021972656 832.77001953125 -3.4e+38 -3.4e+38 -3.4e+38 -3.4e+38 -3.4e+38 -3.4e+38 -3.4e+38 -3.4e+38 -3.4e+38 -3.4e+38
784.47998046875 772.77001953125 751.980041503906 733.609985351562 719.690002441406 703.869995117188 701.669982910156 713.239990234375 735.900024414062 762.679992675781 773.619995117188 774.02001953125 768.719970703125 758.559997558594 741.760009765625 734.47998046875 744.529968261719 775.279968261719 804.390014648438 814.200012207031 811.580017089844 806.159973144531 805.380004882812 808.989990234375 820.359985351562 832.570007324219 849.570007324219 882.530029296875 909.760009765625 915.480041503906 909.150024414062 896.530029296875 893.650024414062 887.47998046875 883.660034179688 890.279968261719 899.150024414062 885.059997558594 890.929992675781 894.830017089844 886.760009765625 884.719970703125 -3.4e+38 -3.4e+38 -3.4e+38 -3.4e+38 -3.4e+38 -3.4e+38 -3.4e+38 -3.4e+38 -3.4e+38 -3.4e+38
775.659973144531 753.690002441406 726.739990234375 709.760009765625 706.169982910156 722.049987792969 740.279968261719 752.640014648438 759.419982910156 775.210021972656 775.059997558594 763.169982910156 763.109985351562 759.700012207031 743.350036621094 730.690002441406 739.669982910156 764.080017089844 790.659973144531 810.720031738281 814.779968261719 816.179992675781 815.450012207031 825.260009765625 847.909973144531 862 875 908.719970703125 939.320007324219 935.919982910156 911.549987792969 903.27001953125 901.880004882812 905.869995117188 910.159973144531 909.679992675781 918.869995117188 918.039978027344 925.099975585938 922.440002441406 911.760009765625 924.409973144531 -3.4e+38 -3.4e+38 -3.4e+38 -3.4e+38 -3.4e+38 -3.4e+38 -3.4e+38 -3.4e+38 -3.4e+38 -3.4e+38
752.440002441406 726.789978027344 713.77001953125 714.779968261719 721.950012207031 742.02001953125 767.130004882812 784.049987792969 779.839965820312 774.760009765625 760.630004882812 749.559997558594 751.489990234375 753.010009765625 737.75 729.070007324219 741.649963378906 764.970031738281 779.260009765625 801.789978027344 819.469970703125 818.359985351562 831.320007324219 844.140014648438 863.200012207031 876.869995117188 885.960021972656 908.489990234375 924.27001953125 922.220031738281 926.510009765625 945.22998046875 944.380004882812 929.950012207031 923.400024414062 934.830017089844 942.890014648438 939.429992675781 936.390014648438 921.070007324219 893.670043945312 893.739990234375 -3.4e+38 -3.4e+38 -3.4e+38 -3.4e+38 -3.4e+38 -3.4e+38 -3.4e+38 -3.4e+38 -3.4e+38 -3.4e+38
