layers/ppt11.asc
NCOLS 421 
NROWS 354 
XLLCORNER -106.645833332895 
YLLCORNER 25.8541666666667 
CELLSIZE 0.0416666666669039 
NODATA_value -3.4e+38 
[rows 23 to 45 of 354, columns 312 to 363 of 421]
1036.89001464844 1024.34997558594 1002.35003662109 1003.25 1002.25 1008.54998779297 1007.09002685547 1002.15002441406 985.510009765625 985.469970703125 1001.16998291016 1008.15997314453 1003.10998535156 1000.90997314453 985.940002441406 978.22998046875 970.030029296875 956.130004882812 936.470031738281 927.549987792969 932.179992675781 942.950012207031 960.679992675781 967.450012207031 956.369995117188 959.380004882812 965.950012207031 956.97998046875 895.299987792969 831.279968261719 822.380004882812 826.510009765625 841.309997558594 866.030029296875 884.510009765625 897.880004882812 901.450012207031 901.609985351562 884.119995117188 872.47998046875 860.25 856.609985351562 861.789978027344 859.960021972656 851.679992675781 843.399963378906 837.150024414062 819.390014648438 809.440002441406 807.539978027344 822.850036621094 831.460021972656
1055.56005859375 1042.26000976562 1034.52001953125 1041.580078125 1046.34997558594 1037.9599609375 1028.68005371094 1018.96997070312 1006.08001708984 1002.51000976562 1010.13000488281 1019.83001708984 1021.7900390625 1016.02001953125 999.080017089844 976.239990234375 961.27001953125 946.710021972656 930.909973144531 918.400024414062 924.880004882812 938.440002441406 952.130004882812 952.989990234375 947.039978027344 951.690002441406 960.47998046875 934.450012207031 849.830017089844 807.260009765625 813.5 822.489990234375 840.900024414062 858.010009765625 875.289978027344 887.210021972656 898.650024414062 908.580017089844 909.609985351562 897.559997558594 879.659973144531 866.450012207031 859.940002441406 847.690002441406 843.440002441406 832.809997558594 824.820007324219 798.820007324219 774.909973144531 763.450012207031 777.219970703125 802.919982910156
1059.23999023438 1056.03002929688 1064.72998046875 1073.93005371094 1070 1051.41003417969 1031.31005859375 1020.86999511719 1015.54998779297 1014.90997314453 1018.72998046875 1029.69995117188 1037.56005859375 1027.31005859375 1000.75 972.510009765625 951.090026855469 941.059997558594 944.320007324219 935.599975585938 933.929992675781 952.869995117188 963.119995117188 959.619995117188 948.239990234375 939.610046386719 939.299987792969 927.609985351562 887.340026855469 833.47998046875 827.5 837.22998046875 848.309997558594 855.97998046875 866.640014648438 873 885.299987792969 899.559997558594 912.25 922.609985351562 910.960021972656 893.75 874.090026855469 855.02001953125 845.659973144531 838.739990234375 834.559997558594 818.739990234375 803.52001953125 791.72998046875 803.019958496094 823.559997558594
1055.56994628906 1056.88000488281 1067.0400390625 1069.98999023438 1058.83996582031 1039.57995605469 1023.19000244141 1020.89001464844 1031.38000488281 1035.61999511719 1039.05993652344 1043.63000488281 1039.19995117188 1025.85998535156 1009.84002685547 984.869995117188 968.25 962.390014648438 962.789978027344 944.839965820312 934 936.190002441406 942.230041503906 935.72998046875 921.309997558594 903.27001953125 907.22998046875 929.960021972656 916.359985351562 851.239990234375 835.640014648438 839.429992675781 843.419982910156 839.690002441406 835.659973144531 834.390014648438 850.109985351562 869.320007324219 872.47998046875 872.869995117188 883.030029296875 887.380004882812 866.649963378906 844.700012207031 856.239990234375 864.679992675781 867.299987792969 862.049987792969 852.380004882812 844.580017089844 837.219970703125 839.789978027344
1054.27001953125 1062.11999511719 1061.44995117188 1061.14001464844 1061.39001464844 1053.35998535156 1040.88000488281 1041.89001464844 1057.19995117188 1063.21997070312 1066.27001953125 1070.83996582031 1066.69995117188 1053.39001464844 1033.09997558594 1015.34997558594 1007.60998535156 998.179992675781 969.349975585938 925.5 906.669982910156 906.100036621094 904.52001953125 894.330017089844 874.880004882812 859.779968261719 871.210021972656 917.669982910156 924.779968261719 876.970031738281 833.589965820312 828.299987792969 825.030029296875 816.260009765625 805.429992675781 814.190002441406 832.080017089844 846.909973144531 848.5 852.719970703125 850.580017089844 856.150024414062 850.690002441406 843.989990234375 867.090026855469 888.289978027344 903.450012207031 912.179992675781 881.830017089844 863.900024414062 849.820007324219 841.489990234375
1064.53002929688 1069.55004882812 1073.27001953125 1084.83996582031 1087.64001464844 1086.93994140625 1077.31994628906 1070.26000976562 1072.90002441406 1073.40002441406 1067.15002441406 1069.02001953125 1075.51000976562 1069.26000976562 1056.80004882812 1038 1027.22998046875 1015.78997802734 980.059997558594 931.140014648438 904.239990234375 896.450012207031 890.97998046875 884.369995117188 873.640014648438 864.47998046875 882.160034179688 920.960021972656 914.419982910156 856.539978027344 822.820007324219 823.090026855469 828.900024414062 817.659973144531 814.460021972656 821.130004882812 835.599975585938 853.919982910156 856.820007324219 854.190002441406 845.309997558594 835.349975585938 829.570007324219 836.929992675781 870.039978027344 899.070007324219 915.849975585938 927.390014648438 888.970031738281 868.47998046875 854.070007324219 844.820007324219
1065.5400390625 1061.5 1056.47998046875 1070.90002441406 1090.73999023438 1092.34997558594 1080.34997558594 1062.7900390625 1055.52001953125 1056.96997070312 1053.64001464844 1055.35998535156 1057.82995605469 1057.56994628906 1051.71997070312 1038.73999023438 1019.97998046875 1002.76000976562 987.710021972656 960.200012207031 926.289978027344 906.460021972656 905.650024414062 903.159973144531 902.210021972656 906.640014648438 923.440002441406 948.190002441406 931.9599609375 872.400024414062 826.489990234375 826.590026855469 837.669982910156 831.779968261719 835.760009765625 842.549987792969 857 868.340026855469 867.97998046875 863.820007324219 850.570007324219 827.669982910156 806.820007324219 802.239990234375 846.27001953125 881.140014648438 894.929992675781 890.190002441406 871.140014648438 849.030029296875 836.919982910156 828.799987792969
1054.56994628906 1047.42004394531 1034.2900390625 1022.82000732422 1046.55004882812 1064.16003417969 1051.33996582031 1031.25 1034.72998046875 1040.97998046875 1035.41003417969 1039.80004882812 1041.66003417969 1043.46997070312 1039.46997070312 1028.98999023438 1021.96997070312 1012.16998291016 997.419982910156 980.659973144531 963.859985351562 955.099975585938 961.690002441406 957.590026855469 952.940002441406 959.839965820312 966.369995117188 978.970031738281 985.47998046875 947.079956054688 862.280029296875 839.320007324219 838.02001953125 843.099975585938 853.779968261719 862.25 856.47998046875 863.919982910156 864.109985351562 859.849975585938 861.989990234375 858.429992675781 848.929992675781 845.650024414062 861.309997558594 866.380004882812 874.099975585938 869.320007324219 845.090026855469 830.970031738281 825.27001953125 815.969970703125
1047.93005371094 1042.96997070312 1039.98999023438 1041.23999023438 1049.76000976562 1050.44995117188 1039.7099609375 1029.72998046875 1037.66003417969 1028.22998046875 1023.86999511719 1026.45007324219 1029.56994628906 1034.80004882812 1035.03002929688 1033.02001953125 1033.61999511719 1021.91003417969 1001.71997070312 990.789978027344 998.119995117188 1004.51000976562 1002.42999267578 988.859985351562 983.640014648438 994.059997558594 995.309997558594 989.220031738281 991.260009765625 984.779968261719 923.960021972656 887.640014648438 850.109985351562 843.179992675781 853.320007324219 862.549987792969 855.070007324219 863.010009765625 863.099975585938 864.450012207031 879.919982910156 906.309997558594 920.969970703125 918.469970703125 902.900024414062 882.549987792969 874.579956054688 862.789978027344 847.97998046875 841.659973144531 843.429992675781 839.400024414062
1033.81994628906 1020.69000244141 1001.59997558594 1013.91998291016 1037.32006835938 1050.42004394531 1051.94006347656 1046.92004394531 1045.63000488281 1030.78002929688 1021.13000488281 1020.55999755859 1026.09997558594 1030.94006347656 1037.80004882812 1044.98999023438 1038.88000488281 1015.05999755859 984.650024414062 979.140014648438 999.309997558594 1010.92999267578 991.610046386719 975.809997558594 977.090026855469 989.279968261719 983.869995117188 982.149963378906 980.25 967.5 948.190002441406 919.580017089844 846.919982910156 835.119995117188 848.640014648438 869.349975585938 860.780029296875 864.739990234375 875.440002441406 889.410034179688 923.190002441406 959.609985351562 966.070007324219 950.539978027344 929.969970703125 920.47998046875 921.119995117188 908.049987792969 885.179992675781 876.450012207031 877.840026855469 883.880004882812
1029.60998535156 996.489990234375 976.599975585938 989.5 1028.77001953125 1052.81005859375 1056.81994628906 1045.52001953125 1030.75 1015.15002441406 1003.64001464844 1005.69000244141 1021.35998535156 1034.51000976562 1041.5400390625 1041.55004882812 1027.53002929688 996.960021972656 971.440002441406 971.809997558594 983.890014648438 987.469970703125 972.72998046875 959.590026855469 955.400024414062 958.510009765625 955.820007324219 959.77001953125 963.660034179688 955.090026855469 937.609985351562 922.529968261719 885.02001953125 884.090026855469 890.289978027344 893.739990234375 853.650024414062 869.119995117188 911.039978027344 952.570007324219 985.9599609375 1014.46997070312 1009.77001953125 973.510009765625 951.929992675781 941.539978027344 951.059997558594 953.350036621094 930.02001953125 927.429992675781 933.989990234375 934.580017089844
1019.82000732422 1003.88000488281 1007.16998291016 1022.46997070312 1044.96997070312 1054.10998535156 1063.16003417969 1039.78002929688 1013.67999267578 1009.23999023438 1013.77001953125 1015.03997802734 1028.39001464844 1048.43994140625 1052.61999511719 1040.41003417969 1013.84002685547 985.590026855469 967.5 968.450012207031 967.029968261719 977.47998046875 967.739990234375 945.010009765625 933.869995117188 925.059997558594 930.080017089844 948.25 961.849975585938 964.720031738281 963.969970703125 970.460021972656 982.799987792969 981.150024414062 971.510009765625 955.460021972656 912.909973144531 929.440002441406 980.460021972656 1006.35998535156 1018.42999267578 1028.30993652344 1018.29998779297 980.320007324219 962.559997558594 954.330017089844 953.330017089844 970.090026855469 979.820007324219 985.679992675781 986.830017089844 979.909973144531
1004.47998046875 1005.83001708984 1018.23999023438 1033.9599609375 1048.2900390625 1056.7900390625 1067.18005371094 1050.53002929688 1024.41003417969 1017.89001464844 1016.16998291016 1025.64001464844 1047.16003417969 1057.19006347656 1055.08996582031 1035.4599609375 1005.73999023438 981.010009765625 965.929992675781 964.679992675781 963.359985351562 962.890014648438 945.169982910156 933.299987792969 928.75 915.539978027344 917.239990234375 944.399963378906 969.549987792969 980.049987792969 982.169982910156 981.450012207031 998.380004882812 1016.91998291016 1024.19995117188 1017.83001708984 988.900024414062 999.369995117188 1015.08001708984 997 981.390014648438 981.219970703125 983 968.659973144531 961.049987792969 981.650024414062 993.5400390625 1004.47998046875 1019.30999755859 1018.86999511719 1009.13000488281 996.349975585938
1000.09002685547 1000.66003417969 1002.35998535156 1005.75 1013.21997070312 1026.31994628906 1042.44006347656 1047.30004882812 1027.76000976562 1014.23999023438 1010.04998779297 1021.67999267578 1036.72998046875 1032.18994140625 1022.47003173828 1013.86999511719 1006.41998291016 995.75 982.369995117188 977.570007324219 977.320007324219 974.940002441406 960.820007324219 958.2099609375 962.619995117188 949.140014648438 940.369995117188 958.150024414062 968.75 963.160034179688 961.440002441406 966.850036621094 989.450012207031 1030.18994140625 1052.39001464844 1050.44006347656 1037.77001953125 1021.05999755859 1009.72998046875 980.960021972656 961.429992675781 956.950012207031 959 966.070007324219 989.700012207031 1027.53002929688 1040.85998535156 1045.18005371094 1055.44995117188 1052.81005859375 1034.4599609375 1012.77001953125
1010.14996337891 994.299987792969 977.440002441406 976.150024414062 991.279968261719 1006.16003417969 1023.07000732422 1030.63000488281 1012.21002197266 999.419982910156 1006.90002441406 1010.54998779297 999.080017089844 995.859985351562 986.549987792969 980.159973144531 986.419982910156 998.210021972656 997.460021972656 1000.29998779297 996.049987792969 984.470031738281 972.090026855469 970.22998046875 981.72998046875 989.460021972656 990.47998046875 982.210021972656 960.840026855469 944.779968261719 952.619995117188 967.070007324219 988.660034179688 1032.48999023438 1061.68994140625 1062.08996582031 1059.65002441406 1057.94995117188 1051.88000488281 1036.39001464844 1011.30999755859 989.910034179688 984.580017089844 1001.70001220703 1038.92993164062 1071.31994628906 1082.71997070312 1087.77001953125 1091.03002929688 1101.7900390625 1086.55004882812 1044.90002441406
1022.79998779297 990.22998046875 972.419982910156 976.039978027344 994.5 1007.34002685547 1015.61999511719 1013.85998535156 1008.98999023438 1000.17999267578 1003.63000488281 991.070007324219 973.299987792969 969.880004882812 963.380004882812 962.470031738281 969.190002441406 988.059997558594 1004.63000488281 1007.79998779297 994.760009765625 994.130004882812 1003.42999267578 1008.90997314453 998.860046386719 996.969970703125 1000.25 975.080017089844 934.080017089844 948.260009765625 978.919982910156 994.539978027344 1020.29998779297 1043.78002929688 1058.65002441406 1050.08996582031 1059.48999023438 1093.17004394531 1094.14001464844 1074.16003417969 1052.35998535156 1030.36999511719 1023.08996582031 1042.90002441406 1074.11999511719 1102.57006835938 1104.06994628906 1093.98999023438 1082.7099609375 1096.10998535156 1107.36999511719 1095.05004882812
1045.98999023438 1031.44995117188 1014.98999023438 1011.75 1012.80999755859 1017.35003662109 1017.71997070312 1014.63995361328 1013.67999267578 1007.61999511719 1001.71002197266 991.710021972656 985.100036621094 977.159973144531 971.580017089844 976.190002441406 981.210021972656 994.140014648438 1014.42999267578 1021.08001708984 1007.77001953125 1035.57006835938 1092.84997558594 1086.84997558594 1031.57995605469 986.489990234375 972.210021972656 961.140014648438 957.320007324219 988.099975585938 1009.28997802734 1019.91003417969 1040.56005859375 1052.08996582031 1044.56994628906 1039.60998535156 1055.86999511719 1090.7099609375 1093.05004882812 1072.81005859375 1045.81005859375 1026.68005371094 1028.28002929688 1045.68994140625 1069.61999511719 1080.06994628906 1079.34997558594 1072.16003417969 1072.28002929688 1093.59997558594 1115.23999023438 1119.07995605469
1072.44995117188 1075.68005371094 1067.0400390625 1060.43994140625 1053.28002929688 1056.38000488281 1056.93005371094 1047.68994140625 1043.27001953125 1041.35998535156 1040.58996582031 1027.9599609375 1016.78997802734 1011.17999267578 1013.11999511719 1009.51000976562 999.720031738281 1004.14001464844 1017.28997802734 1023.92004394531 1021.80999755859 1046.55004882812 1081.0400390625 1080.26000976562 1040.33996582031 990.619995117188 957.989990234375 958.139953613281 981.349975585938 1007.02001953125 1009.57000732422 1016.94000244141 1034.69006347656 1040.69995117188 1035.09997558594 1031.7099609375 1040.57995605469 1050.59997558594 1054.26000976562 1038.48999023438 1021.17999267578 1019.38000488281 1036.85998535156 1047.48999023438 1053.69995117188 1057.5 1058.80993652344 1069.21997070312 1082.4599609375 1104.01000976562 1135.53002929688 1158
1087.80004882812 1085.73999023438 1083.80993652344 1089.01000976562 1088.03002929688 1089.43994140625 1085.14001464844 1074.08996582031 1066.77001953125 1057.78002929688 1063.53002929688 1058.13000488281 1048.72998046875 1042.44995117188 1032.31005859375 1019.30999755859 1003.55999755859 998.089965820312 991.549987792969 991.159973144531 996.630004882812 1012.40997314453 1015.16003417969 1011.04998779297 1007.22003173828 1002.52001953125 978.030029296875 971.5 987.839965820312 1008.03002929688 1033.68005371094 1053.85998535156 1058.01000976562 1054.93005371094 1049.32995605469 1041.41003417969 1049.01000976562 1074.42004394531 1089.08996582031 1078.33996582031 1063.60998535156 1061.43005371094 1059.92993164062 1051.26000976562 1054.61999511719 1060.90002441406 1077.01000976562 1093.30993652344 1109.75 1125.67004394531 1151.7099609375 1178.26000976562
1097.9599609375 1086.98999023438 1083.0400390625 1086.39001464844 1078.19995117188 1074.31994628906 1072.96997070312 1063.39001464844 1047.18994140625 1037.56994628906 1043.5400390625 1055.55004882812 1064.42004394531 1064.89001464844 1056.80004882812 1047.32006835938 1032.46997070312 1004.53997802734 983.380004882812 984.490051269531 989.089965820312 1003.71002197266 1008.73999023438 1004.61999511719 1004.75 1008.51000976562 1007.45001220703 1003.55999755859 1029.0400390625 1051.03002929688 1080.53002929688 1099.27001953125 1096.11999511719 1075.9599609375 1072.48999023438 1059.9599609375 1068.9599609375 1093.59997558594 1108.26000976562 1111.14001464844 1096.58996582031 1083.57995605469 1062.92004394531 1041.67004394531 1066.59997558594 1080.94995117188 1097.85998535156 1119.01000976562 1129.98999023438 1134.77001953125 1153.75 1172.36999511719
1084.91003417969 1076.23999023438 1071.89001464844 1062.31005859375 1047.46997070312 1054.46997070312 1062.60998535156 1058.81005859375 1055.97998046875 1054.01000976562 1054.0400390625 1059.01000976562 1067.11999511719 1072.14001464844 1070.02001953125 1055.16003417969 1036.64001464844 1018.26000976562 1005.96997070312 1011.89001464844 1029.31994628906 1052.28002929688 1056.67004394531 1045.9599609375 1037.53002929688 1034.61999511719 1042.96997070312 1055.06994628906 1069 1092.01000976562 1115.07995605469 1136.67004394531 1134.96997070312 1115.94995117188 1088.93005371094 1063.9599609375 1078.5400390625 1103.69006347656 1111.60998535156 1102.92993164062 1086.5400390625 1059.35998535156 1020.48999023438 1007.53002929688 1050.64001464844 1074.98999023438 1084.61999511719 1111.43005371094 1133.68994140625 1156.56005859375 1176.85998535156 1172.26000976562
1059.13000488281 1056.83996582031 1055.05993652344 1038.10998535156 1020.70001220703 1022.83001708984 1035.06005859375 1040.64001464844 1050.98999023438 1069.33996582031 1069.63000488281 1067.41003417969 1068.30004882812 1063.48999023438 1056.28002929688 1046.56005859375 1042.32006835938 1037.72998046875 1033.51000976562 1052.06994628906 1078.31994628906 1096.31994628906 1098.82995605469 1095.43005371094 1083.69995117188 1077.90002441406 1087.73999023438 1096.65002441406 1097.76000976562 1098.31994628906 1110.55004882812 1130.47998046875 1130.72998046875 1131.34997558594 1097.09997558594 1079.7099609375 1091.56994628906 1097.98999023438 1085.30004882812 1060.81005859375 1055.34997558594 1044.06994628906 1005.13000488281 989.919982910156 1028.38000488281 1059.51000976562 1081.69995117188 1114.11999511719 1142.43005371094 1170.60998535156 1178.13000488281 1154.13000488281
1037.93005371094 1024.67993164062 1010.80999755859 1003.96997070312 998.580017089844 994.220031738281 992.830017089844 1000.82000732422 1021.51000976562 1055.9599609375 1067.25 1067.83996582031 1077.2099609375 1076.56994628906 1059.88000488281 1049.34997558594 1046.88000488281 1059.19995117188 1075.67004394531 1101.64001464844 1125.25 1131.96997070312 1132.93005371094 1138.80993652344 1138.57995605469 1138.5 1138.39001464844 1140.10998535156 1128.07995605469 1114.40002441406 1107.06005859375 1109.7099609375 1102.39001464844 1105.69995117188 1087.71997070312 1073.32995605469 1090.78002929688 1102.80004882812 1093.55004882812 1086.06005859375 1093.38000488281 1077.64001464844 1053.9599609375 1037.18005371094 1050.59997558594 1060.06994628906 1074.80993652344 1096.17004394531 1133.9599609375 1165.88000488281 1171.53002929688 1134.93005371094
