layers/ppt11.asc
NCOLS 421 
NROWS 354 
XLLCORNER -106.645833332895 
YLLCORNER 25.8541666666667 
CELLSIZE 0.0416666666669039 
NODATA_value -3.4e+38 
[rows 184 to 206 of 354, columns 104 to 155 of 421]
90.7900009155273 98.5299987792969 102.379997253418 101.849998474121 97.6699981689453 96.9000015258789 97.2000045776367 98.4599990844727 101.830001831055 109.360000610352 119.199996948242 134.550003051758 145.949996948242 159.470001220703 170.729995727539 168.860000610352 169.449996948242 172.610000610352 164.240005493164 149.029998779297 146.880004882812 147.899993896484 162.220001220703 178.410003662109 180.669998168945 172.110000610352 164.919998168945 158.539993286133 155.009994506836 157.630004882812 172.179992675781 192.520004272461 200.559997558594 198.630004882812 194.600006103516 192.830001831055 199.389999389648 202.529998779297 198.839996337891 199.220001220703 202.25 204.779998779297 202.820007324219 206.880004882812 219.070007324219 222.679992675781 214.589996337891 207.289993286133 207.480010986328 206.740005493164 207.710006713867 216.990005493164
93.4000015258789 98.5800018310547 94.9000015258789 91.9499969482422 88.7700042724609 88.5800018310547 91.5899963378906 94.129997253418 101.059997558594 117.309997558594 134.440002441406 141.649993896484 140.699996948242 151.940002441406 162.990005493164 168.139999389648 173.690002441406 173.259994506836 167.550003051758 162.809997558594 154.669998168945 152.089996337891 164.25 176.270004272461 169.910003662109 160.190002441406 163.990005493164 169.25 172.110000610352 173.949996948242 188.520004272461 199.259994506836 198.820007324219 198.270004272461 200.610000610352 202.919998168945 204.570007324219 201.539993286133 196.270004272461 195.729995727539 200.410003662109 205.509994506836 205.100006103516 208.279998779297 218.259994506836 216.610000610352 207.90998840332 200.830001831055 203.529998779297 207.839996337891 209.190002441406 222.449996948242
94.8300018310547 91.7200012207031 83.870002746582 79.1399993896484 78.8000030517578 82.3399963378906 87.9700012207031 94.370002746582 107.919998168945 134.880004882812 155.330001831055 150.679992675781 141.949996948242 151.429992675781 159.279998779297 158.059997558594 173.139999389648 185.470001220703 186.869995117188 179.550003051758 167.490005493164 158.839996337891 158.93000793457 160.529998779297 156.710006713867 155.990005493164 161.600006103516 170.850006103516 182.029998779297 183.210006713867 185.190002441406 190.220001220703 195.709991455078 201.330001831055 207.050003051758 208.259994506836 203.699996948242 199.080001831055 197.160003662109 200.459991455078 207.289993286133 209.56999206543 206.760009765625 209.809997558594 221.330001831055 221.029998779297 209.279998779297 198.25 203.649993896484 212.440002441406 215.570007324219 230.5
88.5299987792969 84.2699966430664 77.9300003051758 74.0800018310547 73.7600021362305 77.5599975585938 82.4599990844727 90.2600021362305 104.700004577637 125.709999084473 137.169998168945 130.220001220703 129.559997558594 148.770004272461 159.339996337891 152.490005493164 164.360000610352 182.389999389648 192.080001831055 187.380004882812 171.380004882812 161.93000793457 156.770004272461 154.940002441406 156.020004272461 161.690002441406 168.970001220703 178.149993896484 189.149993896484 189.119995117188 185.889999389648 190.050003051758 196.460006713867 203.309997558594 209.449996948242 207.690002441406 202.639999389648 201.029998779297 204.630004882812 216 221.31999206543 213.870010375977 208.610000610352 211.459991455078 217.889999389648 219.220001220703 208.389999389648 204.309997558594 213.539993286133 221.690002441406 227.160003662109 235.979995727539
83.6800003051758 80.5299987792969 77.8300018310547 75.8399963378906 74.4899978637695 75.0699996948242 76.3199996948242 79.3600006103516 84.9499969482422 96.8999938964844 107.830001831055 112.76000213623 122.23999786377 137.169998168945 146.020004272461 143.020004272461 146.070007324219 164.589996337891 188.410003662109 196.050003051758 181.059997558594 168.089996337891 165.639999389648 169.149993896484 171.529998779297 177.490005493164 189.419998168945 197.759994506836 200.279998779297 199.570007324219 201.330001831055 204.679992675781 205.25 212.160003662109 223.650009155273 221.339996337891 213.339996337891 212.399993896484 218.540008544922 230.559997558594 226.25 215.379989624023 215.490005493164 219.369995117188 223.869995117188 222.330001831055 214.309997558594 214.679992675781 217.610000610352 221.789993286133 229.800003051758 238.779998779297
81.2099990844727 80.4400024414062 78.629997253418 77.75 76.5699996948242 75.5999984741211 74.8300018310547 76.7900009155273 83.1399993896484 90.3300018310547 102.040000915527 116.680000305176 124.449996948242 128.669998168945 132.959991455078 135.020004272461 140 157.960006713867 174.910003662109 183.729995727539 181.220001220703 166.899993896484 165.110000610352 179.619995117188 200.190002441406 219.850006103516 217.460006713867 211.34001159668 212.199996948242 214.770004272461 218.81999206543 216.910003662109 218.339996337891 221.710006713867 231.760009765625 231.520004272461 222.720001220703 221.100006103516 221.570007324219 229.410003662109 222.779998779297 213.600006103516 216.520004272461 221.009994506836 222.949996948242 218.889999389648 216.43000793457 219.020004272461 221.779998779297 225.81999206543 234.929992675781 240.650009155273
84.9499969482422 84.4100036621094 83.8600006103516 82.2900009155273 82.2399978637695 82.9499969482422 82.1100006103516 81.9000015258789 85.5899963378906 93.6399993896484 110.050003051758 124.580001831055 129.270004272461 129.979995727539 139.81999206543 151.949996948242 153.389999389648 155.619995117188 158.81999206543 165.589996337891 180.279998779297 183.169998168945 199.229995727539 217.539993286133 228.210006713867 234.070007324219 229.979995727539 226.389999389648 230.350006103516 237.279998779297 235.399993896484 224.160003662109 228.139999389648 229.679992675781 233.489990234375 231.850006103516 229.830001831055 228.419998168945 224.529998779297 229.369995117188 228.410003662109 216.160003662109 214.550003051758 222.910003662109 215.989990234375 210.020004272461 209.75 209.869995117188 207.759994506836 212.410003662109 223.550003051758 229.970001220703
95.2799987792969 99.7200012207031 100.019996643066 98.3399963378906 98.3000030517578 96.4000015258789 94.7299957275391 92.0599975585938 93.9700012207031 104.099998474121 124.199996948242 136.860000610352 131.169998168945 129.220001220703 145.979995727539 160.759994506836 171.020004272461 167.449996948242 162.190002441406 168.990005493164 193.599990844727 210.100006103516 216.710006713867 213.600006103516 210.580001831055 224.259994506836 233.029998779297 233.220001220703 234.300003051758 241.220001220703 242.199996948242 237.880004882812 248.880004882812 254.130004882812 269.880004882812 260.519989013672 253.679992675781 245.759994506836 233.589996337891 240.730010986328 246.339996337891 234.550003051758 227.059997558594 224.470001220703 215.059997558594 208.18000793457 195.720001220703 193.669998168945 201.919998168945 203.860000610352 206.919998168945 211.739990234375
110.589996337891 107.910003662109 104.290000915527 106.520004272461 109.300003051758 111 112.870002746582 108.729995727539 104.119995117188 114.76000213623 132.880004882812 136.210006713867 136.839996337891 150.039993286133 170.509994506836 178.940002441406 170.879989624023 167.360000610352 175.380004882812 183.630004882812 196.75 211.520004272461 196.600006103516 191.759994506836 198.75 213.190002441406 221.169998168945 220.199996948242 221.169998168945 226.830001831055 232.029998779297 229.660003662109 242.619995117188 270.839996337891 287.690002441406 279.239990234375 272.989990234375 268.480010986328 263.510009765625 265.410003662109 258.760009765625 238.460006713867 227.779998779297 221.880004882812 207.779998779297 201.25 204.779998779297 216.309997558594 227.800003051758 215.059997558594 201.309997558594 204.580001831055
110.879997253418 106.900001525879 106.349998474121 110.120002746582 111.370002746582 112.75 113.549995422363 111.419998168945 109.129997253418 113.220001220703 116.970001220703 122.51000213623 141.330001831055 168.940002441406 187.279998779297 188.080001831055 186.089996337891 182.600006103516 187.550003051758 190.369995117188 200.190002441406 207.380004882812 193.820007324219 196.130004882812 208.230010986328 204.990005493164 212.490005493164 211.979995727539 216.620010375977 223.259994506836 228.759994506836 245.880004882812 262.510009765625 267.290008544922 269.579986572266 275.489990234375 274.279998779297 271.109985351562 267.720001220703 268.880004882812 259.019989013672 243.729995727539 231.320007324219 221.220001220703 212.729995727539 217.709991455078 225.779998779297 231.619995117188 230.449996948242 214.5 201.789993286133 205.539993286133
108.930000305176 104.220001220703 107.940002441406 113.199996948242 113.189994812012 111.809997558594 109.099998474121 109.389999389648 113.699996948242 114.580001831055 114.650001525879 129.220001220703 155.149993896484 178.699996948242 186.550003051758 179.869995117188 186.820007324219 181.25 187.580001831055 202.419998168945 221.470001220703 229.010009765625 209.779998779297 194.089996337891 202.790008544922 210.899993896484 224.809997558594 229.050003051758 220.489990234375 225.410003662109 250.830001831055 275.470001220703 273.290008544922 257.399993896484 247.349990844727 255.990005493164 265.600006103516 267.730010986328 263.670013427734 259.820007324219 258.529998779297 249.679992675781 235.279998779297 213.789993286133 205.489990234375 215.110000610352 215.209991455078 223.330001831055 239.330001831055 240.039993286133 230.179992675781 225.699996948242
101.480003356934 97.8499984741211 98.3300018310547 101.569999694824 106.379997253418 113.970001220703 118.770004272461 124.050003051758 125.400001525879 117.559997558594 120.529998779297 150.009994506836 174.56999206543 179.699996948242 172.149993896484 155.56999206543 159.160003662109 167.75 174.449996948242 198.080001831055 222.699996948242 240.240005493164 221.699996948242 201.459991455078 211.610000610352 223.690002441406 230.389999389648 231.850006103516 233.400009155273 242.770004272461 280.980010986328 288.449981689453 264.309997558594 249.849990844727 248.389999389648 246.600006103516 244.540008544922 244.610000610352 247.360000610352 252.410003662109 246.910003662109 235.709991455078 220.190002441406 199.520004272461 197.910003662109 205.929992675781 204.869995117188 213.68000793457 238.510009765625 247.429992675781 237.580001831055 229.779998779297
94.8899993896484 95.0100021362305 94.5 97.9400024414062 103.599998474121 115 127.340003967285 134.720001220703 132.419998168945 131.149993896484 142.919998168945 165.729995727539 172.18000793457 159.110000610352 140.729995727539 141.720001220703 150.419998168945 153.5 152.429992675781 167.789993286133 182.869995117188 212.940002441406 227.279998779297 218.389999389648 224.739990234375 228.509994506836 237.839996337891 248.539993286133 240.979995727539 243.830001831055 260.489990234375 261.170013427734 254.210006713867 261.720001220703 263.660003662109 248.570007324219 238.150009155273 246.25 251.720001220703 246.940002441406 240.509994506836 235.460006713867 223.349990844727 209.289993286133 211.509994506836 216.380004882812 220.330001831055 231.369995117188 246.540008544922 244.5 235.400009155273 232.410003662109
91.9599990844727 90.4899978637695 94.3899993896484 101.25 104.01000213623 108.25 121.699996948242 125.069999694824 122.409996032715 134.520004272461 151.679992675781 165.559997558594 165.970001220703 151.860000610352 140.720001220703 152.210006713867 156.970001220703 153.020004272461 150.270004272461 153.429992675781 153.25 167.869995117188 190.779998779297 207.539993286133 222.630004882812 229.779998779297 235.690002441406 233.130004882812 234.320007324219 242.589996337891 241.410003662109 240.639999389648 248.690002441406 265.02001953125 273.970001220703 269.880004882812 266.170013427734 273.299987792969 271.799987792969 252.509994506836 238.880004882812 231.759994506836 217.080001831055 210.399993896484 217.889999389648 230.520004272461 239.080001831055 250.860000610352 251.699996948242 250.050003051758 250.350006103516 259.169982910156
94.5699996948242 95.120002746582 101.900001525879 112.690002441406 115.139999389648 113.860000610352 115.580001831055 109.330001831055 110.339996337891 129.050003051758 150.860000610352 162.449996948242 154.25 144.400009155273 138.449996948242 146.889999389648 147.880004882812 152.81999206543 157.419998168945 159.809997558594 153.949996948242 149.419998168945 159.550003051758 170.990005493164 185.720001220703 202.960006713867 220.630004882812 228.100006103516 221.839996337891 227.479995727539 236.470001220703 236.689987182617 249.529998779297 267.709991455078 276.089996337891 276.339996337891 275.630004882812 279.149993896484 267.399993896484 249.419998168945 238.990005493164 230.210006713867 211.470001220703 204.979995727539 217.740005493164 235.270004272461 243.040008544922 253.5 266.369995117188 267.130004882812 269.459991455078 276.669982910156
97.4099960327148 102.709999084473 114.980003356934 128.889999389648 127.440002441406 119.970001220703 114.919998168945 109.910003662109 110.98999786377 125.189994812012 145.869995117188 158.110000610352 151.919998168945 141.800003051758 144.709991455078 145.360000610352 144.330001831055 156.470001220703 163.089996337891 168.059997558594 162.919998168945 149.720001220703 145.990005493164 150.089996337891 163.389999389648 178.25 193.210006713867 202.559997558594 205.550003051758 227.619995117188 259.839996337891 262.209991455078 260.459991455078 264.25 264.690002441406 269.109985351562 275.820007324219 267.890014648438 244.509994506836 228.889999389648 222.199996948242 213.729995727539 205.800003051758 206.910003662109 219.360000610352 232.589996337891 242.020004272461 252.740005493164 268.410003662109 270.459991455078 274.440002441406 280.700012207031
97.9700012207031 99.8100051879883 112.860000610352 123.75 120.610000610352 113.680000305176 113.76000213623 117.840003967285 122.599998474121 128.389999389648 137.580001831055 149.050003051758 151.949996948242 148.900009155273 158.93000793457 151.059997558594 154.449996948242 168.710006713867 168.520004272461 168.06999206543 169.130004882812 161.529998779297 148.880004882812 149.190002441406 158.600006103516 172.160003662109 180.720001220703 187.129989624023 198.459991455078 230.369995117188 273.670013427734 289.350006103516 279.160003662109 266.059997558594 260.359985351562 264.649993896484 269.679992675781 251.419998168945 225.350006103516 213.949996948242 215.679992675781 213.440002441406 205.849990844727 208.910003662109 222.309997558594 230.539993286133 232.900009155273 245.25 252.830001831055 253.419998168945 263.889984130859 267.160003662109
105.980003356934 101.779998779297 109.650001525879 116.819999694824 115.32999420166 118.470001220703 124.51000213623 133.059997558594 140.070007324219 138.559997558594 141.619995117188 153.339996337891 161.18000793457 161.539993286133 162.290008544922 155.339996337891 163.479995727539 173.660003662109 170.059997558594 165.509994506836 172.059997558594 176.729995727539 165.580001831055 163.229995727539 171.559997558594 174.120010375977 177.440002441406 184.369995117188 195.699996948242 211.179992675781 239.889999389648 270.529998779297 270.059997558594 257.769989013672 252.449996948242 248.679992675781 243.850006103516 233.979995727539 224.529998779297 218.550003051758 222.710006713867 220.56999206543 217.5 229.300003051758 237.940002441406 230.259994506836 225.75 226.839996337891 231.740005493164 247.050003051758 258.619995117188 263.540008544922
104.370002746582 100.279998779297 103.959999084473 111.879997253418 126.099998474121 139.330001831055 150.610000610352 158.990005493164 164.789993286133 159.589996337891 153.559997558594 158.080001831055 169.990005493164 169.039993286133 159.889999389648 152.020004272461 151.550003051758 153.740005493164 149.229995727539 148.550003051758 160.619995117188 185.800003051758 176.169998168945 172.75 185.690002441406 180.309997558594 195.270004272461 191.490005493164 184.940002441406 196.339996337891 234.75 265.720001220703 263.269989013672 261.630004882812 259.079986572266 242.229995727539 236.619995117188 244.820007324219 249.970001220703 239.399993896484 223.020004272461 219.380004882812 223.059997558594 232.490005493164 227.350006103516 215.539993286133 220.06999206543 227.419998168945 238.270004272461 251.270004272461 257.079986572266 267.799987792969
117.26000213623 112.120002746582 114.699996948242 122.07999420166 135.179992675781 148.429992675781 154.029998779297 152.540008544922 150.889999389648 150.869995117188 152.089996337891 151.380004882812 148.540008544922 143.479995727539 142.080001831055 139.690002441406 139.279998779297 142.229995727539 139.989990234375 147.5 172.68000793457 189.309997558594 170.119995117188 180.619995117188 191.649993896484 195.080001831055 201.279998779297 191.380004882812 173.330001831055 188.209991455078 234 255 253.289993286133 259.010009765625 250.940002441406 239.559997558594 241.979995727539 258.230010986328 260.489990234375 246.360000610352 232.089996337891 221.130004882812 210.740005493164 211.410003662109 209.970001220703 208.68000793457 218.369995117188 232.850006103516 243.370010375977 252.690002441406 262.829986572266 274.700012207031
116.169998168945 118.580001831055 132.320007324219 144.470001220703 152.669998168945 152.460006713867 139.619995117188 121.770004272461 116.569999694824 123.099998474121 130.050003051758 124.779998779297 120.959999084473 124.840003967285 129.110000610352 132.149993896484 139.460006713867 150.550003051758 152.720001220703 156.690002441406 173.489990234375 172.610000610352 161.709991455078 180.25 181.630004882812 203.56999206543 213.459991455078 190.209991455078 165.809997558594 170 202.309997558594 237.699996948242 240.119995117188 236.119995117188 227 229.660003662109 238.089996337891 254.919998168945 265.639984130859 259.809997558594 238.809997558594 214.619995117188 207.460006713867 213.580001831055 218.699996948242 219.589996337891 222.380004882812 231.559997558594 239.760009765625 253.449996948242 272.549987792969 282.459991455078
110.880004882812 122.040000915527 139.949996948242 152.660003662109 151.660003662109 135.190002441406 110.389999389648 98.0400009155273 96.9000015258789 106.099998474121 116.730003356934 117.979995727539 115.269996643066 116.709999084473 121.939994812012 136.610000610352 155.669998168945 171.020004272461 175.81999206543 190.970001220703 212.260009765625 195.739990234375 165.149993896484 175.270004272461 169.729995727539 196.309997558594 206.559997558594 177.880004882812 156.720001220703 157.820007324219 177.809997558594 207.089996337891 220.770004272461 223.199996948242 225.190002441406 237.869995117188 250.260009765625 266.369995117188 277.510009765625 266.75 239.06999206543 215.169998168945 216.809997558594 219.770004272461 214.490005493164 213.889999389648 215.389999389648 219.339996337891 227.610000610352 247.709991455078 270.350006103516 284.359985351562
118.23999786377 125.819999694824 131.690002441406 133.880004882812 128.839996337891 116.810005187988 101.470001220703 97.2400054931641 103.930000305176 110.339996337891 114.209999084473 117.180000305176 116.01000213623 120.040000915527 131.190002441406 148.399993896484 164.410003662109 173.490005493164 181.460006713867 195.25 191.979995727539 201.139999389648 195.18000793457 173.199996948242 156.759994506836 183.949996948242 184.25 169.349990844727 154.869995117188 157.289993286133 165.230010986328 179.629989624023 200.860000610352 216.169998168945 220.649993896484 240.259994506836 264.700012207031 274.399993896484 271.25 262.839996337891 243.050003051758 224.720001220703 215.419998168945 205.169998168945 196.849990844727 200.330001831055 208.68000793457 209.789993286133 220.389999389648 243.080001831055 258.179992675781 284.600006103516
