layers/ppt11.asc
NCOLS 421 
NROWS 354 
XLLCORNER -106.645833332895 
YLLCORNER 25.8541666666667 
CELLSIZE 0.0416666666669039 
NODATA_value -3.4e+38 
[rows 299 to 321 of 354, columns 156 to 207 of 421]
-3.4e+38 -3.4e+38 297.820007324219 280.579986572266 265.889984130859 260.529998779297 255.56999206543 270.260009765625 280.290008544922 281.260009765625 279.779998779297 273.970001220703 261.399993896484 247.869995117188 242.650009155273 250.720001220703 260.320007324219 265.579986572266 270.739990234375 272.639984130859 275.610015869141 268.320007324219 254.529998779297 241.790008544922 235.899993896484 233.039993286133 246.830001831055 275.209991455078 288.869995117188 291.959991455078 298.230010986328 291.100006103516 269.279998779297 247.009994506836 232.18000793457 228.759994506836 226.839996337891 231.910003662109 236.75 240.599990844727 253.279998779297 252.300003051758 237.209991455078 253.149993896484 275.940002441406 297.519989013672 305.279998779297 298.200012207031 287.820007324219 282.089996337891 281.179992675781 276.799987792969
-3.4e+38 -3.4e+38 -3.4e+38 276.970001220703 260.869995117188 253.029998779297 246.300003051758 253.899993896484 262.010009765625 273.639984130859 280.269989013672 284.470001220703 277.639984130859 263.399993896484 255.300003051758 252.949996948242 259.200012207031 263.369995117188 267.160003662109 267.769989013672 265.690002441406 253.5 232.400009155273 218.919998168945 222.770004272461 234.630004882812 250.710006713867 273.519989013672 283.010009765625 283.75 284.029998779297 275.929992675781 257.600006103516 246.520004272461 247.5 251.379989624023 246.009994506836 241.800003051758 240.25 244.990005493164 242.760009765625 231.25 227.549987792969 259.739990234375 292.929992675781 301.239990234375 294.970001220703 296.429992675781 296.059997558594 291.619995117188 293.130004882812 289.080017089844
-3.4e+38 -3.4e+38 -3.4e+38 268.790008544922 264.47998046875 255.229995727539 245.660003662109 240.729995727539 253.18000793457 268.720001220703 282.119995117188 290.160003662109 284.820007324219 274.260009765625 266.700012207031 266.170013427734 271.869995117188 281.100006103516 291.839996337891 286.100006103516 268.260009765625 242.050003051758 224.209991455078 216.699996948242 223.669998168945 245.789993286133 277.429992675781 304.980010986328 285.309997558594 281.580017089844 281.959991455078 286.040008544922 268.459991455078 271.110015869141 281.329986572266 279.269989013672 278.059997558594 269.140014648438 264.139984130859 260.25 252.06999206543 244.360000610352 250.539993286133 279.279998779297 293.170013427734 289.649993896484 277.600006103516 290.140014648438 307.570007324219 333.880004882812 323.720001220703 320.050018310547
-3.4e+38 -3.4e+38 -3.4e+38 -3.4e+38 245.160003662109 241.339996337891 244.25 242.080001831055 258.070007324219 280.269989013672 286.839996337891 284.759979248047 272.200012207031 275.459991455078 277.110015869141 275.200012207031 277.170013427734 281.109985351562 287.850006103516 286.279998779297 263.200012207031 229.960006713867 220.339996337891 219.690002441406 227.25 279.369995117188 323.919982910156 326 319.779998779297 297.239990234375 287.179992675781 284.399993896484 273.940002441406 273.720001220703 281.299987792969 282.079986572266 295.010009765625 287.929992675781 275.529998779297 267.519989013672 263.420013427734 267.75 275.019989013672 285.299987792969 283.640014648438 281.820007324219 272.630004882812 269.589996337891 315.889984130859 358.919982910156 363.410003662109 366.350006103516
-3.4e+38 -3.4e+38 -3.4e+38 -3.4e+38 -3.4e+38 244.630004882812 258.299987792969 257.700012207031 254.440002441406 264.279998779297 276.429992675781 280.889984130859 279.720001220703 270.660003662109 264.329986572266 259.529998779297 261.380004882812 270.160003662109 274.600006103516 268.72998046875 249.720001220703 235.419998168945 229.339996337891 229.380004882812 236.899993896484 260.399993896484 285.089996337891 283.279998779297 293.160003662109 293.040008544922 282.179992675781 278.730010986328 270.070007324219 270.519989013672 276.730010986328 287.170013427734 305.899993896484 283.450012207031 271.010009765625 263.989990234375 263.339996337891 274.880004882812 280.970001220703 274.630004882812 268.300018310547 271.230010986328 265.690002441406 275.649993896484 322.700012207031 363.540008544922 379.220001220703 381.950012207031
-3.4e+38 -3.4e+38 -3.4e+38 -3.4e+38 -3.4e+38 289.459991455078 300.980010986328 286.160003662109 263.790008544922 264.519989013672 286.329986572266 290.220001220703 288.25 277.279998779297 261.720001220703 255.380004882812 261.339996337891 269.920013427734 261.890014648438 250.169998168945 240.210006713867 238.559997558594 238.039993286133 243.199996948242 247.940002441406 245.389999389648 241.470001220703 243.639999389648 250.380004882812 253.050003051758 252.669998168945 250.43000793457 257.630004882812 272.830017089844 271.339996337891 281.839996337891 294.470001220703 274.369995117188 273.279998779297 269.029998779297 266.589996337891 265.970001220703 269.160003662109 273.070007324219 265.549987792969 264.360015869141 287.109985351562 292.329986572266 309.359985351562 344.950012207031 379.609985351562 383.130004882812
-3.4e+38 -3.4e+38 -3.4e+38 -3.4e+38 -3.4e+38 -3.4e+38 329.579986572266 296.519989013672 282.669982910156 295.660003662109 304.989990234375 302.75 285.709991455078 269.980010986328 263.239990234375 271.809997558594 278.75 268.170013427734 254.269989013672 241.580001831055 231.040008544922 228.259994506836 230.550003051758 234.559997558594 239.290008544922 235.600006103516 226.080001831055 226.190002441406 233.699996948242 234.139999389648 238.529998779297 250.690002441406 257.290008544922 274.420013427734 278.600006103516 282.130004882812 273.089996337891 269.850006103516 270.920013427734 262.489990234375 265.980010986328 267.579986572266 267.440002441406 271.350006103516 277.470001220703 293.160003662109 306.869995117188 307.070007324219 315.179992675781 335.639984130859 351.649993896484 364.869995117188
-3.4e+38 -3.4e+38 -3.4e+38 -3.4e+38 -3.4e+38 -3.4e+38 286.540008544922 289.950012207031 297.549987792969 311.480010986328 303.25 288.97998046875 272.019989013672 265.220001220703 269.329986572266 283.330017089844 279.570007324219 263.570007324219 253.06999206543 243.25 228.199996948242 224.68000793457 223.580001831055 227.720001220703 231.380004882812 223.619995117188 215.070007324219 215.509994506836 224.300003051758 233.539993286133 239.509994506836 253.729995727539 259.619995117188 259.910003662109 277.239990234375 292.220001220703 270.399993896484 270.100006103516 271.149993896484 261.489990234375 265.790008544922 268.029998779297 259.940002441406 274.510009765625 289.880004882812 298.070007324219 304.760009765625 305.609985351562 319.010009765625 327.709991455078 328.890014648438 331.839996337891
-3.4e+38 -3.4e+38 -3.4e+38 -3.4e+38 -3.4e+38 -3.4e+38 -3.4e+38 281.649993896484 285.329986572266 281.529998779297 271.480010986328 262.540008544922 256.989990234375 253.169998168945 262.410003662109 274.059997558594 273.440002441406 267.899993896484 254.879989624023 238.830001831055 228.389999389648 225.610000610352 222.270004272461 227.809997558594 225.389999389648 211.550003051758 209.759994506836 216.900009155273 230.729995727539 248.639999389648 261.830017089844 264.059997558594 257.880004882812 248.759994506836 251.139999389648 260.449981689453 256.52001953125 256.869995117188 261.330017089844 256.079986572266 266.730010986328 270.510009765625 266.730010986328 262.529998779297 268.670013427734 280.529998779297 293.190002441406 294.179992675781 296.419982910156 302.549987792969 305.130004882812 305.899993896484
-3.4e+38 -3.4e+38 -3.4e+38 -3.4e+38 -3.4e+38 -3.4e+38 -3.4e+38 -3.4e+38 265.459991455078 257.580017089844 251.480010986328 248.110000610352 249.089996337891 248.259994506836 258.519989013672 261.940002441406 262.529998779297 264.410003662109 261.720001220703 250.860000610352 244.880004882812 242.830001831055 231.669998168945 227.389999389648 221.519989013672 213.370010375977 220.130004882812 230.769989013672 242.40998840332 249 252.800003051758 253.190002441406 248.520004272461 235.660003662109 228.389999389648 233.100006103516 240.449996948242 250.25 258.760009765625 256.269989013672 267.160003662109 275.760009765625 272.730010986328 260.200012207031 264.959991455078 268.700012207031 267.350006103516 265.410003662109 274.010009765625 297.320007324219 308.919982910156 313.459991455078
-3.4e+38 -3.4e+38 -3.4e+38 -3.4e+38 -3.4e+38 -3.4e+38 -3.4e+38 -3.4e+38 -3.4e+38 268.850006103516 257.970001220703 243.660003662109 247.580001831055 258.709991455078 262.799987792969 265.850006103516 275.579986572266 288.139984130859 294.910003662109 294.529998779297 287.889984130859 277.550018310547 260.149993896484 244.75 231.279998779297 226.849990844727 227.919998168945 230.460006713867 239.479995727539 247.479995727539 251.899993896484 246.760009765625 248.410003662109 245.220001220703 234.619995117188 222.740005493164 232.43000793457 255.740005493164 262.02001953125 253.070007324219 262.699981689453 278.709991455078 276.820007324219 261.700012207031 251.809997558594 260.239990234375 261.410003662109 256.529998779297 279.670013427734 308.690002441406 315.639984130859 320.429992675781
-3.4e+38 -3.4e+38 -3.4e+38 -3.4e+38 -3.4e+38 -3.4e+38 -3.4e+38 -3.4e+38 -3.4e+38 -3.4e+38 252.419998168945 235.520004272461 240.449996948242 259.859985351562 267.200012207031 273.699981689453 281.269989013672 291.410003662109 302.279998779297 313.660003662109 328.709991455078 328.029998779297 305.470001220703 275.989990234375 252.06999206543 241.449996948242 239.690002441406 242.130004882812 249.020004272461 259.820007324219 266.25 248.160003662109 251.690002441406 256.880004882812 244.06999206543 228.630004882812 240.990005493164 268.220001220703 257.690002441406 248.839996337891 264.529998779297 279.140014648438 277.179992675781 256.209991455078 233.010009765625 244.229995727539 260.209991455078 277.5 296.130004882812 308.230010986328 314.640014648438 321.149993896484
-3.4e+38 -3.4e+38 -3.4e+38 -3.4e+38 -3.4e+38 -3.4e+38 -3.4e+38 -3.4e+38 -3.4e+38 -3.4e+38 -3.4e+38 -3.4e+38 -3.4e+38 254.260009765625 262.140014648438 271.290008544922 277.179992675781 280.660003662109 287.109985351562 304.380004882812 332.550018310547 345.670013427734 334.559997558594 306.690002441406 277.440002441406 260.850006103516 250.619995117188 258.709991455078 269.440002441406 270.130004882812 266.940002441406 258.399993896484 257.820007324219 253.979995727539 242.330001831055 238 257.109985351562 275.399993896484 271.540008544922 272.059997558594 291.309997558594 294.290008544922 283.089996337891 262.970001220703 234.029998779297 243.809997558594 274.5 289.459991455078 299.200012207031 293.549987792969 295.220001220703 311.029998779297
-3.4e+38 -3.4e+38 -3.4e+38 -3.4e+38 -3.4e+38 -3.4e+38 -3.4e+38 -3.4e+38 -3.4e+38 -3.4e+38 -3.4e+38 -3.4e+38 -3.4e+38 -3.4e+38 -3.4e+38 248.420013427734 258.329986572266 266.730010986328 282.660003662109 296.779998779297 321.25 337.75 331.950012207031 311.829986572266 292.529998779297 278.209991455078 267.540008544922 274.929992675781 292.489990234375 289.029998779297 272.119995117188 266.260009765625 263.829986572266 255.960006713867 247.429992675781 247.240005493164 260.980010986328 267.660003662109 269.950012207031 281.660003662109 303.549987792969 305.489990234375 286.929992675781 273.019989013672 245.110000610352 252.559997558594 285.329986572266 292.399993896484 284.119995117188 289.040008544922 291.950012207031 311.559997558594
-3.4e+38 -3.4e+38 -3.4e+38 -3.4e+38 -3.4e+38 -3.4e+38 -3.4e+38 -3.4e+38 -3.4e+38 -3.4e+38 -3.4e+38 -3.4e+38 -3.4e+38 -3.4e+38 -3.4e+38 226.929992675781 237.510009765625 257.609985351562 293.029998779297 313.010009765625 328.269989013672 334.050018310547 330.809997558594 320.950012207031 308.329986572266 291.380004882812 283.609985351562 290.450012207031 295.25 279.640014648438 262.880004882812 259.070007324219 259.070007324219 259.040008544922 269.760009765625 268.5 266.859985351562 256.540008544922 256.570007324219 272.110015869141 292.649993896484 300.839996337891 286.75 268.679992675781 256.070007324219 274.339996337891 291.190002441406 288.040008544922 282.950012207031 287.160003662109 303.899993896484 317.600006103516
-3.4e+38 -3.4e+38 -3.4e+38 -3.4e+38 -3.4e+38 -3.4e+38 -3.4e+38 -3.4e+38 -3.4e+38 -3.4e+38 -3.4e+38 -3.4e+38 -3.4e+38 -3.4e+38 -3.4e+38 -3.4e+38 217.150009155273 246.690002441406 285.510009765625 315.820007324219 334.410003662109 333.739990234375 332.140014648438 327.110015869141 313.200012207031 298.720001220703 294.200012207031 291.890014648438 280.010009765625 265.070007324219 261.570007324219 256.239990234375 255.809997558594 262.199981689453 278.700012207031 281.369995117188 274.309997558594 264.380004882812 265.809997558594 273.360015869141 277.739990234375 292.130004882812 279.010009765625 271.679992675781 270.600006103516 287.450012207031 285.110015869141 274.309997558594 272.690002441406 281.049987792969 306.380004882812 324.660003662109
-3.4e+38 -3.4e+38 -3.4e+38 -3.4e+38 -3.4e+38 -3.4e+38 -3.4e+38 -3.4e+38 -3.4e+38 -3.4e+38 -3.4e+38 -3.4e+38 -3.4e+38 -3.4e+38 -3.4e+38 -3.4e+38 228.81999206543 251.40998840332 282.559997558594 311.330017089844 317.619995117188 307.910003662109 301.769989013672 306.350006103516 309.230010986328 313.290008544922 311.600006103516 293.559997558594 270.589996337891 265 266.450012207031 249.520004272461 245.860000610352 252.259994506836 263.940002441406 268.570007324219 263.360015869141 261.959991455078 272.369995117188 281.679992675781 278.739990234375 281.429992675781 273.809997558594 278.820007324219 282.220001220703 282.529998779297 272.679992675781 261.209991455078 254.440002441406 268.309997558594 298.769989013672 326.829986572266
-3.4e+38 -3.4e+38 -3.4e+38 -3.4e+38 -3.4e+38 -3.4e+38 -3.4e+38 -3.4e+38 -3.4e+38 -3.4e+38 -3.4e+38 -3.4e+38 -3.4e+38 -3.4e+38 -3.4e+38 -3.4e+38 252.960006713867 264.470001220703 282.440002441406 290.029998779297 281.649993896484 264.359985351562 257.829986572266 269.679992675781 284.170013427734 300.579986572266 302.459991455078 281.330017089844 256.47998046875 254.100006103516 252.690002441406 243.330001831055 244.360000610352 250.630004882812 252.360000610352 248.339996337891 250.460006713867 265.579986572266 282.579986572266 295.920013427734 285.079986572266 277.149993896484 272.019989013672 284.959991455078 285.690002441406 279.480010986328 276.339996337891 266.529998779297 252.779998779297 267.690002441406 298.690002441406 322.760009765625
-3.4e+38 -3.4e+38 -3.4e+38 -3.4e+38 -3.4e+38 -3.4e+38 -3.4e+38 -3.4e+38 -3.4e+38 -3.4e+38 -3.4e+38 -3.4e+38 -3.4e+38 -3.4e+38 -3.4e+38 242.470001220703 263.070007324219 273.830017089844 274.429992675781 264.940002441406 255.330001831055 239.34001159668 233.820007324219 243.910003662109 259.5 273.290008544922 274.480010986328 260.200012207031 245.979995727539 245.339996337891 249.399993896484 252.089996337891 252.509994506836 254.130004882812 257.609985351562 254.410003662109 257.239990234375 275.510009765625 280.589996337891 287.450012207031 285.040008544922 291.700012207031 286.679992675781 278.350006103516 278.070007324219 292.529998779297 291 285.230010986328 279.610015869141 289.5 312.610015869141 325.670013427734
-3.4e+38 -3.4e+38 -3.4e+38 -3.4e+38 -3.4e+38 -3.4e+38 -3.4e+38 -3.4e+38 -3.4e+38 -3.4e+38 -3.4e+38 -3.4e+38 -3.4e+38 -3.4e+38 -3.4e+38 247.940002441406 271.609985351562 280.610015869141 272.989990234375 264.230010986328 248.580001831055 235.850006103516 239.460006713867 249.150009155273 262.199981689453 274.890014648438 273.5 260.010009765625 253.850006103516 252.279998779297 258.600006103516 263.290008544922 257.190002441406 252.759994506836 254.850006103516 253.160003662109 258.459991455078 261.260009765625 263.859985351562 277.100006103516 284.380004882812 292.279998779297 290.75 274.089996337891 269.940002441406 296.709991455078 291.570007324219 289.399993896484 297.470001220703 306.579986572266 318.489990234375 313.660003662109
-3.4e+38 -3.4e+38 -3.4e+38 -3.4e+38 -3.4e+38 -3.4e+38 -3.4e+38 -3.4e+38 -3.4e+38 -3.4e+38 -3.4e+38 -3.4e+38 -3.4e+38 -3.4e+38 -3.4e+38 -3.4e+38 263.600006103516 278.320007324219 274.630004882812 262.019989013672 240.809997558594 232.100006103516 253.410003662109 276.330017089844 290.209991455078 291.489990234375 284.619995117188 270.660003662109 261.519989013672 258.329986572266 260.809997558594 265.649993896484 262.859985351562 253.389999389648 246.969985961914 248.690002441406 250.440002441406 244.919998168945 251.339996337891 264.730010986328 271.079986572266 290.269989013672 293.480010986328 269.579986572266 270.839996337891 286.480010986328 286.100006103516 287.269989013672 289.470001220703 298.709991455078 308.209991455078 301.670013427734
-3.4e+38 -3.4e+38 -3.4e+38 -3.4e+38 -3.4e+38 -3.4e+38 -3.4e+38 -3.4e+38 -3.4e+38 -3.4e+38 -3.4e+38 -3.4e+38 -3.4e+38 -3.4e+38 -3.4e+38 -3.4e+38 -3.4e+38 259.970001220703 249.470001220703 239.589996337891 223.300003051758 225.059997558594 255.800003051758 286.420013427734 292.100006103516 286.980010986328 284.410003662109 269.080017089844 254.25 250.580001831055 254.649993896484 262.660003662109 267.320007324219 257.070007324219 248.789993286133 250.600006103516 253.720001220703 246.929992675781 253.679992675781 257.040008544922 275.570007324219 306.380004882812 290.220001220703 272.720001220703 279.100006103516 281.889984130859 288.350006103516 287.799987792969 276.25 274.230010986328 285.369995117188 290.389984130859
-3.4e+38 -3.4e+38 -3.4e+38 -3.4e+38 -3.4e+38 -3.4e+38 -3.4e+38 -3.4e+38 -3.4e+38 -3.4e+38 -3.4e+38 -3.4e+38 -3.4e+38 -3.4e+38 -3.4e+38 -3.4e+38 -3.4e+38 251.100006103516 245.5 242.029998779297 232.860000610352 230.589996337891 244.599990844727 260.420013427734 265.790008544922 270.5 275.290008544922 265.510009765625 247.229995727539 238.839996337891 245.559997558594 254.770004272461 261.550018310547 259.260009765625 257.589996337891 263.690002441406 270.790008544922 259.829986572266 259.190002441406 269.779998779297 297.269989013672 308.739990234375 282.720001220703 276.790008544922 279.829986572266 285.279998779297 288.860015869141 287.5 277.700012207031 269.910003662109 273.760009765625 280.630004882812
