layers/ppt9.asc
NCOLS 421 
NROWS 354 
XLLCORNER -106.645833332895 
YLLCORNER 25.8541666666667 
CELLSIZE 0.0416666666669039 
NODATA_value -3.4e+38 
[rows 69 to 91 of 354, columns 104 to 155 of 421]
-3.4e+38 -3.4e+38 -3.4e+38 -3.4e+38 -3.4e+38 -3.4e+38 387.350982666016 387.161010742188 385.768005371094 385.347991943359 387.0830078125 388.805999755859 389.898986816406 391.307983398438 394.589996337891 396.964019775391 398.839019775391 399.273010253906 401.276000976562 403.571990966797 406.498992919922 408.996002197266 411.493988037109 415.43798828125 418.417999267578 421.928009033203 425.269989013672 429.552001953125 433.075988769531 437.683990478516 442.593017578125 446.695007324219 450.294982910156 454.627014160156 458.218017578125 462.028991699219 466.817016601562 470.164001464844 473.141998291016 476.878997802734 480.463989257812 485.06298828125 491.649993896484 498.970001220703 507.082000732422 517.60302734375 526.361999511719 528.880004882812 528.570983886719 523.983032226562 522.127014160156 523.278991699219
-3.4e+38 -3.4e+38 -3.4e+38 -3.4e+38 -3.4e+38 -3.4e+38 389.455017089844 390.184997558594 389.044982910156 388.572998046875 389.463989257812 390.149993896484 389.459991455078 389.574005126953 392.009002685547 393.493988037109 394.373992919922 394.828002929688 395.066986083984 396.311004638672 399.459014892578 402.239013671875 404.524993896484 406.407012939453 409.097991943359 412.875 418.406005859375 424.283996582031 429.074005126953 434.608001708984 439.947998046875 444.265991210938 448.661010742188 453.317993164062 457.574005126953 459.415985107422 462.925018310547 467.466003417969 470.407012939453 474.662994384766 477.058990478516 482.752014160156 487.028015136719 490.618011474609 493.924011230469 500.089019775391 508.352020263672 515.403015136719 517.189025878906 518.556030273438 518.6650390625 520.539978027344
-3.4e+38 -3.4e+38 -3.4e+38 -3.4e+38 -3.4e+38 -3.4e+38 392.613983154297 392.873992919922 392.674987792969 392.253997802734 391.976013183594 391.216003417969 389.313995361328 388.846008300781 390.585998535156 393.502014160156 393.369995117188 389.869995117188 386.546997070312 387.326995849609 391.471984863281 396.065002441406 397.899993896484 398.739990234375 401.587982177734 406.131011962891 412.47900390625 419.502990722656 425.893981933594 432.066009521484 437.407012939453 443.27099609375 448.56201171875 452.753021240234 455.639984130859 457.380004882812 459.579010009766 462.25 465.980987548828 469.973999023438 475.06201171875 480.580993652344 484.963989257812 484.950012207031 486.544982910156 489.981994628906 495.023010253906 503.968994140625 509.563995361328 513.159973144531 514.760986328125 516.197998046875
-3.4e+38 -3.4e+38 -3.4e+38 -3.4e+38 -3.4e+38 -3.4e+38 396.0419921875 396.592010498047 396.451995849609 396.121002197266 395.002014160156 393.003997802734 391.088989257812 390.963989257812 394.010009765625 397.790008544922 391.891998291016 383.388000488281 377.022003173828 379.3330078125 385.511016845703 391.203002929688 393.626007080078 395.803009033203 399.450012207031 403.888000488281 409.992004394531 418.316986083984 424.923004150391 431.070983886719 436.64599609375 441.957977294922 447.463989257812 451.973999023438 454.420989990234 455.157989501953 456.252990722656 457.733001708984 459.622009277344 464.539978027344 470.666015625 477.166015625 482.656005859375 484.472015380859 485.221008300781 487.244995117188 492.204010009766 499.010009765625 506.22900390625 510.942993164062 514.195983886719 515.278991699219
-3.4e+38 -3.4e+38 -3.4e+38 -3.4e+38 -3.4e+38 -3.4e+38 398.273010253906 397.967987060547 397.864013671875 398.057006835938 396.196990966797 394.403991699219 393.266998291016 393.817993164062 398.742004394531 398.502014160156 389.894989013672 384.0830078125 377.080993652344 375.023986816406 383.178009033203 390.169006347656 394.545013427734 397.976989746094 401.834014892578 406.143005371094 412.492004394531 419.200988769531 425.054016113281 431.360992431641 437.5 442.619018554688 448.028015136719 452.537994384766 456.446990966797 457.186004638672 455.102996826172 453.101013183594 454.428985595703 458.299987792969 466.123992919922 474.252014160156 480.401000976562 484.380981445312 484.997009277344 487.591003417969 495.506011962891 502.322998046875 506.727996826172 510.111999511719 512.596984863281 515.052978515625
-3.4e+38 -3.4e+38 -3.4e+38 -3.4e+38 -3.4e+38 -3.4e+38 400.1669921875 399.946990966797 400.523010253906 400.235015869141 399.369995117188 399.449005126953 399.731994628906 400.402008056641 401.106994628906 399.910003662109 392.135009765625 384.516998291016 377.248016357422 377.636993408203 386.040985107422 394.421997070312 399.786987304688 403.523986816406 407.571014404297 412.591979980469 418.316986083984 423.583984375 428.588012695312 433.914001464844 438.828002929688 444.428009033203 450.302978515625 456.042999267578 462.14501953125 464.533020019531 459.106994628906 455.503997802734 453.740997314453 456.804992675781 463.462005615234 472.907012939453 480.751983642578 486.579010009766 489.713989257812 492.178009033203 498.434997558594 503.2080078125 506.618011474609 509.459991455078 511.290008544922 512.181030273438
-3.4e+38 -3.4e+38 -3.4e+38 -3.4e+38 -3.4e+38 -3.4e+38 401.286010742188 402.281005859375 403.485015869141 404.364013671875 405.265014648438 406.011993408203 406.588989257812 405.945007324219 405.218994140625 403.813995361328 398.885009765625 391.727996826172 388.358001708984 388.871002197266 394.808990478516 401.578002929688 406.549987792969 410.321990966797 413.902008056641 417.906982421875 422.847015380859 426.9580078125 431.513000488281 435.509002685547 440.084014892578 445.169006347656 450.153991699219 454.540008544922 460.856994628906 465.134002685547 461.106994628906 457.149017333984 457.164001464844 460.953979492188 468.251983642578 475.401000976562 482.364013671875 489.294006347656 495.002990722656 500.109008789062 503.100006103516 508.220001220703 510.842010498047 511.725982666016 512.458984375 510.712005615234
-3.4e+38 -3.4e+38 -3.4e+38 -3.4e+38 -3.4e+38 -3.4e+38 401.772003173828 403.430999755859 406.153991699219 407.657989501953 409.515991210938 411.356994628906 412.497009277344 412.635009765625 411.807983398438 409.757995605469 406.458984375 403.221008300781 401.77099609375 402.226013183594 405.123992919922 408.873016357422 412.934997558594 416.580993652344 419.532012939453 423.585998535156 427.628997802734 431.125 434.161010742188 437.513000488281 440.623992919922 443.950012207031 447.272003173828 448.790985107422 452.571014404297 455.920013427734 457.917999267578 459.278015136719 461.445007324219 465.289001464844 471.209991455078 477.265991210938 484.368988037109 490.662017822266 497.575988769531 501.226989746094 504.147003173828 507.407989501953 511.509979248047 511.72900390625 510.419006347656 511.319000244141
-3.4e+38 -3.4e+38 -3.4e+38 -3.4e+38 -3.4e+38 -3.4e+38 402.307006835938 404.489013671875 406.722015380859 410.260009765625 413.636993408203 415.981018066406 418.070007324219 418.723999023438 418.105987548828 415.684997558594 413.22900390625 410.998992919922 410.489990234375 411.569000244141 413.865997314453 415.407012939453 417.97900390625 421.567016601562 425.886016845703 429.083984375 431.509002685547 434.079010009766 437.265991210938 439.615997314453 441.726013183594 443.899993896484 444.10400390625 443.847991943359 446.174011230469 450.114013671875 456.110992431641 461.162017822266 465.68798828125 470.390014648438 475.027008056641 479.983001708984 484.610015869141 489.559997558594 496.826995849609 499.997985839844 502.118011474609 506.022003173828 509.60400390625 510.135009765625 508.662994384766 511.653991699219
-3.4e+38 -3.4e+38 -3.4e+38 -3.4e+38 -3.4e+38 -3.4e+38 403.023010253906 404.260986328125 406.441009521484 410.459014892578 415.436004638672 419.210998535156 422.169982910156 422.567993164062 421.039001464844 418.515014648438 417.234008789062 415.945007324219 415.502014160156 416.246002197266 419.182006835938 421.981994628906 424.332000732422 427.326019287109 430.498992919922 432.527008056641 435.220977783203 437.768005371094 439.548004150391 441.037994384766 442.184997558594 441.981994628906 441.338989257812 440.143981933594 441.756988525391 448.351013183594 457.286010742188 462.949005126953 468.712005615234 472.596984863281 475.671997070312 479.329986572266 483.808990478516 487.804992675781 493.238983154297 497.707000732422 501.932983398438 504.360992431641 507.662017822266 510.523010253906 510.986999511719 513.465026855469
-3.4e+38 -3.4e+38 -3.4e+38 -3.4e+38 -3.4e+38 -3.4e+38 403.167999267578 404.119018554688 405.388000488281 408.661010742188 413.425994873047 417.929992675781 420.498016357422 422.390991210938 420.707000732422 418.888000488281 418.639007568359 419.127014160156 419.338989257812 420.938995361328 424.2919921875 428.111999511719 430.742004394531 433.059997558594 434.630004882812 436.27099609375 437.415008544922 440.509002685547 443.234008789062 443.6669921875 443.006011962891 443.058990478516 443.695983886719 444.356994628906 447.231994628906 453.992004394531 460.906982421875 465.822998046875 470.290985107422 473.179992675781 476.147003173828 478.403991699219 480.885986328125 486.02099609375 492.723999023438 496.434997558594 498.515991210938 500.609985351562 504.295013427734 509.097991943359 511.269012451172 514.22900390625
-3.4e+38 -3.4e+38 -3.4e+38 -3.4e+38 -3.4e+38 -3.4e+38 405.351013183594 405.248992919922 405.727996826172 407.135009765625 410.186981201172 414.191009521484 417.117980957031 418.403991699219 418.589996337891 418.825988769531 419.647003173828 420.540985107422 422.627990722656 425.580993652344 428.966003417969 432.570007324219 436.274993896484 437.411010742188 438.872985839844 439.859008789062 441.046997070312 442.587005615234 444.213012695312 445.223999023438 446.118011474609 447.981018066406 449.365997314453 452.173980712891 455.736999511719 460.7080078125 465.157012939453 469.462005615234 472.221008300781 474.212005615234 475.386016845703 476.510986328125 478.632995605469 484.596008300781 490.852996826172 495.826995849609 498.454986572266 499.692993164062 501.757995605469 505.933990478516 510.200988769531 512.435974121094
-3.4e+38 -3.4e+38 -3.4e+38 -3.4e+38 -3.4e+38 -3.4e+38 407.083984375 406.255004882812 406.049987792969 406.444000244141 408.591003417969 412.986999511719 415.837005615234 417.261016845703 417.496002197266 418.421020507812 420.209991455078 422.136993408203 425.178009033203 429 432.665008544922 436.587005615234 440.165985107422 440.925994873047 441.375 442.325988769531 443.869995117188 445.079010009766 446.316009521484 448.132995605469 450.506988525391 452.401000976562 455.509002685547 459.419006347656 462.558013916016 465.826995849609 468.501983642578 472.105987548828 475.057006835938 475.605987548828 475.372009277344 476.235015869141 480.462005615234 485.567016601562 491.230987548828 493.662994384766 496.756988525391 499.618011474609 501.342987060547 505.805999755859 508.834991455078 514.127014160156
-3.4e+38 -3.4e+38 -3.4e+38 -3.4e+38 -3.4e+38 -3.4e+38 410.989990234375 409.876007080078 409.092010498047 409.548004150391 412.036010742188 414.182006835938 415.661010742188 416.884002685547 418.936004638672 418.717010498047 420.234008789062 423.718994140625 426.894012451172 430.856994628906 434.299987792969 439.022003173828 440.967987060547 441.475006103516 442.25 443.960998535156 444.821990966797 446.367004394531 448.863983154297 451.825988769531 455.563995361328 459.477996826172 464.386993408203 467.963012695312 469.227996826172 470.484008789062 470.821990966797 472.227996826172 474.727996826172 477.231994628906 479.049011230469 481.769012451172 484.529998779297 488.980987548828 491.859008789062 493.768005371094 497.462005615234 500.963012695312 503.364013671875 506.703002929688 511.869995117188 517.72900390625
-3.4e+38 -3.4e+38 -3.4e+38 -3.4e+38 -3.4e+38 -3.4e+38 414.166015625 413.550994873047 414.053009033203 415.535003662109 417.794006347656 419.096008300781 419.756988525391 419.545013427734 419.871002197266 421.058013916016 422.4580078125 424.640991210938 427.851989746094 431.102996826172 434.678009033203 438.4580078125 440.682006835938 441.135009765625 441.652008056641 443.486999511719 444.955993652344 447.742004394531 452.132995605469 456.345001220703 461.503997802734 467.4580078125 472.997009277344 475.700988769531 475.563995361328 474.505004882812 473.458984375 473.575012207031 475.523010253906 478.359008789062 481.522003173828 484.794006347656 488.688995361328 492.850006103516 494.7919921875 496.699005126953 500.278991699219 503.523010253906 506.587005615234 511.639984130859 517.296020507812 523.322021484375
-3.4e+38 -3.4e+38 -3.4e+38 -3.4e+38 -3.4e+38 -3.4e+38 415.412994384766 415.325012207031 418.614990234375 421.861999511719 423.661010742188 424.656005859375 424.158996582031 423.766998291016 423.410003662109 423.132995605469 424.282989501953 426.539001464844 428.195007324219 431.010009765625 433.621002197266 436.587005615234 438.430999755859 439.894012451172 442.015991210938 444.216003417969 446.438995361328 450.549987792969 454.946990966797 460.888000488281 467.638977050781 475.347991943359 481.268005371094 482.558013916016 481.743011474609 478.399993896484 476.355987548828 475.777008056641 476.971008300781 478.621002197266 480.933990478516 486.095001220703 491.692993164062 495.634002685547 498.942993164062 501.821014404297 503.463989257812 506.394989013672 510.662994384766 514.372985839844 520.158996582031 526.184997558594
-3.4e+38 -3.4e+38 -3.4e+38 -3.4e+38 -3.4e+38 -3.4e+38 415.839996337891 417.414978027344 422.282012939453 427.10400390625 428.490997314453 428.096008300781 427.670989990234 426.554016113281 425.878997802734 425.684020996094 425.904998779297 427.7080078125 429.393005371094 431.453002929688 433.253997802734 435.010009765625 437.81298828125 438.429992675781 440.800018310547 443.190002441406 446.891998291016 450.580017089844 455 461.200988769531 470.075012207031 480.214996337891 486.889984130859 487.735992431641 485.947998046875 481.171997070312 476.485992431641 475.296997070312 477.5 480.154998779297 483.553009033203 487.960998535156 492.595001220703 496.164001464844 499.838989257812 503.184997558594 505.850006103516 508.713989257812 512.450988769531 517.712036132812 522.369995117188 525.776000976562
-3.4e+38 -3.4e+38 -3.4e+38 -3.4e+38 -3.4e+38 -3.4e+38 418.528015136719 420.425994873047 424.820007324219 428.481994628906 429.325988769531 429.302978515625 428.088012695312 428.244995117188 427.678009033203 427.830993652344 428.061004638672 429.558990478516 430.904998779297 433.027984619141 435.013000488281 434.936004638672 436.490997314453 436.065002441406 437.248016357422 439.036987304688 442.914001464844 446.951995849609 452.100006103516 459.027008056641 468.277984619141 477.928009033203 482.865997314453 483.809997558594 482.699981689453 478.832000732422 474.527984619141 474.929016113281 478.355010986328 481.962005615234 485.332000732422 489.225006103516 493.563995361328 496.722991943359 500.125 504.070007324219 506.406982421875 510.485992431641 515.221008300781 520.293029785156 524.164978027344 526.656005859375
416.747009277344 419.10400390625 419.760986328125 420.523986816406 421.088989257812 420.692993164062 421.055999755859 422.716003417969 425.660003662109 428.201995849609 429.027984619141 428.829986572266 428.152008056641 428.226013183594 429.067993164062 429.593017578125 430.265014648438 431.545989990234 432.848999023438 435.179992675781 436.292999267578 436.476013183594 434.578002929688 434.063995361328 434.105987548828 435.837005615234 439.700988769531 442.529998779297 448.626007080078 455.316009521484 461.523010253906 468.610992431641 474.096008300781 476.093017578125 473.881011962891 470.705993652344 470.561981201172 473.902984619141 477.519989013672 481.980987548828 486 489.981994628906 493.492004394531 497.165985107422 501.160003662109 506.614990234375 509.536010742188 513.471984863281 517.682983398438 521.778015136719 524.971984863281 527.919006347656
420.272979736328 421.661010742188 422.804016113281 423.305999755859 422.992004394531 423.147003173828 422.601989746094 423.652984619141 424.592987060547 425.674987792969 426.391998291016 427.222991943359 427.386993408203 428.138000488281 429.242004394531 430.733001708984 432.522003173828 434.138000488281 435.584991455078 436.277008056641 435.522003173828 435.148010253906 434.194000244141 432.136993408203 431.070983886719 433.006011962891 437.093017578125 439.178009033203 443.936004638672 448.467987060547 453.247985839844 458.707000732422 462.412994384766 461.779998779297 459.675994873047 459.609985351562 463.381988525391 468.2919921875 475.304992675781 480.842987060547 485.623992919922 489.299987792969 492.578002929688 495.878997802734 500.449005126953 505.101989746094 510.994995117188 516.465026855469 520.994018554688 524.632019042969 528.038024902344 530.117004394531
425.27099609375 425.177001953125 424.309997558594 423.93798828125 423.507995605469 424.305999755859 425.247009277344 425.4169921875 425.355010986328 424.56201171875 424.826995849609 426.613983154297 428.204010009766 428.347991943359 428.692993164062 431.329010009766 433.60400390625 435.010009765625 436.274993896484 438.076995849609 437.684997558594 436.485992431641 434.109008789062 430.988983154297 430.209991455078 430.966003417969 434.945983886719 438.617004394531 441.821014404297 445.414978027344 448.381988525391 451.063995361328 450.493988037109 447.06201171875 443.571990966797 444.360015869141 451.769989013672 462.076995849609 472.950012207031 481.210998535156 485.787994384766 489.342987060547 491.169006347656 493.408996582031 496.64599609375 502.200012207031 508.640991210938 516.966003417969 522.615966796875 526.64697265625 529.359008789062 531.055969238281
428.679992675781 426.957000732422 425.088989257812 424.222991943359 423.839996337891 424.747985839844 425.753997802734 426.398010253906 426.705993652344 425.904998779297 426.960998535156 428.022003173828 429.251983642578 429.110992431641 429.075012207031 430.720001220703 432.903015136719 434.346008300781 437.658020019531 438.567016601562 438.695007324219 439.368011474609 436.886993408203 433.52001953125 431.147003173828 431.239013671875 433.787994384766 436.4580078125 441.360992431641 443.622009277344 446.140991210938 447.085998535156 443.605010986328 438.609985351562 435.191009521484 437.282989501953 444.100006103516 456.518005371094 470.588012695312 480.656982421875 487.037994384766 487.519989013672 486.463012695312 487.226989746094 491.303009033203 497.234008789062 505.473999023438 514.411010742188 522.463989257812 526.143981933594 528.606018066406 531.067993164062
429.691986083984 427.570007324219 426.751007080078 424.817993164062 423.842010498047 424.501007080078 425.903991699219 426.373016357422 427.149017333984 427.503997802734 428.217010498047 430.339996337891 431.467987060547 430.640014648438 430.131988525391 431.388000488281 433.838989257812 435.943023681641 439.132995605469 440.949005126953 441.339996337891 441.859008789062 441.055999755859 438.713012695312 436.100006103516 434.912994384766 437.281005859375 438.93701171875 440.748016357422 444.761993408203 447.826995849609 446.696990966797 441.044982910156 436.079986572266 434.764984130859 436.167999267578 444.467010498047 458.292999267578 470.727996826172 480.523986816406 486.194000244141 485.898986816406 484.136993408203 483.832000732422 488.787994384766 498.453002929688 507.423004150391 514.8740234375 520.127990722656 525.517028808594 528.658020019531 531.726989746094
