layers/ppt9.asc
NCOLS 421 
NROWS 354 
XLLCORNER -106.645833332895 
YLLCORNER 25.8541666666667 
CELLSIZE 0.0416666666669039 
NODATA_value -3.4e+38 
[rows 230 to 252 of 354, columns 260 to 311 of 421]
1238.06604003906 1244.55798339844 1252.75402832031 1261.31799316406 1273.88598632812 1286.84704589844 1303.09997558594 1314.86193847656 1326.08093261719 1331.86206054688 1339.90502929688 1354.10400390625 1365.70495605469 1377.21899414062 1390.09204101562 1400.91296386719 1408.46105957031 1404.63500976562 1398.18798828125 1395.80603027344 1397.64196777344 1404.21496582031 1402.44299316406 1401.35205078125 1401.01501464844 1397.42797851562 1386.46801757812 1378.00598144531 1370.93200683594 1369.083984375 1369.96801757812 1369.78405761719 1367.89599609375 1368.876953125 1374.4970703125 1381.56005859375 1388.2099609375 1393.12902832031 1410.40405273438 1436.05993652344 1451.91198730469 1463.47204589844 1467.05297851562 1463.56201171875 1455.81994628906 1449.91296386719 1445.26293945312 1431.07299804688 1419.03295898438 1405.73901367188 1401.03796386719 1411.24499511719
1257.95104980469 1260.57702636719 1268.99401855469 1276.49792480469 1286.13293457031 1295.94396972656 1309.37194824219 1320.89794921875 1329.25 1344.25805664062 1352.44396972656 1358.25402832031 1364.35205078125 1372.958984375 1384.6259765625 1392.82397460938 1400.47399902344 1403.58703613281 1403.11401367188 1401.32604980469 1399.01098632812 1398.57397460938 1396.97998046875 1395.84899902344 1395.58996582031 1395.18395996094 1393.43395996094 1384.7890625 1376.90808105469 1372.373046875 1376.02404785156 1377.5 1378.25695800781 1377.88098144531 1384.68701171875 1394.9599609375 1404.39099121094 1408.69702148438 1428.13000488281 1444.18298339844 1456.51098632812 1467.36804199219 1474.98693847656 1473.11596679688 1467.16101074219 1459.55200195312 1452.30200195312 1441.4169921875 1423.76696777344 1408.91003417969 1406.166015625 1419.01098632812
1266.02197265625 1273.48999023438 1282.4609375 1291.00305175781 1300.42297363281 1307.84899902344 1322.78796386719 1331.11206054688 1334.626953125 1343.09094238281 1352.40002441406 1357.22595214844 1361.64807128906 1368.16796875 1376.63598632812 1386.98303222656 1395.11303710938 1400.32202148438 1399.68896484375 1403.57897949219 1403.54699707031 1398.42297363281 1393.77697753906 1391.2470703125 1388.97302246094 1388.03393554688 1389.05700683594 1390.9580078125 1390.44104003906 1386.00695800781 1385.10302734375 1388.43005371094 1388.71997070312 1388.50305175781 1397.14099121094 1408.70202636719 1417.583984375 1430.82702636719 1436.10900878906 1445.53295898438 1456.291015625 1470.45495605469 1476.73193359375 1476.26000976562 1472.92004394531 1466.67504882812 1456.2470703125 1446.9609375 1435.76196289062 1424.44299316406 1423.99792480469 1428.0849609375
1274.26696777344 1283.75598144531 1291.48999023438 1304.60998535156 1314.63598632812 1320.4990234375 1335.55004882812 1336.43395996094 1341.74401855469 1344.626953125 1349.67102050781 1351.17297363281 1359.26806640625 1366.95593261719 1369.3349609375 1376.05200195312 1383.7080078125 1391.62097167969 1394.89599609375 1400.28698730469 1407.76696777344 1403.17102050781 1398.27001953125 1391.42602539062 1389.17797851562 1389.48706054688 1391.375 1393.36901855469 1395.94799804688 1402.43701171875 1396.18701171875 1400.31005859375 1400.66394042969 1402.29699707031 1412.49499511719 1425.76403808594 1428.16796875 1434.94604492188 1439.01501464844 1443.8759765625 1456.32299804688 1467.34997558594 1475.458984375 1479.15405273438 1475.29296875 1471.22302246094 1461.43603515625 1454.13500976562 1450.51501464844 1442.80700683594 1434.833984375 1438.06701660156
1280.71801757812 1291.97302246094 1301.80493164062 1320.44201660156 1331.10400390625 1341.04907226562 1350.32592773438 1344.75805664062 1343.23205566406 1349.60400390625 1351.18896484375 1349.61694335938 1351.458984375 1361.4150390625 1366.82006835938 1369.60205078125 1375.89599609375 1383.0849609375 1389.32495117188 1396.3779296875 1398.73901367188 1397.06396484375 1397.52807617188 1396.47802734375 1390.18298339844 1389.583984375 1393.39404296875 1398.28503417969 1402.10803222656 1407.06298828125 1406.36999511719 1408.23803710938 1411.89892578125 1413.22595214844 1425.69396972656 1429.89892578125 1435.16296386719 1439.13403320312 1444.22204589844 1454.37805175781 1457.80200195312 1465.14501953125 1471.30200195312 1474.22094726562 1476.81994628906 1472.61804199219 1466.91198730469 1463.22900390625 1462.70397949219 1467.03503417969 1460.03796386719 1451.34704589844
1287.45703125 1300.03601074219 1311.00695800781 1330.02001953125 1352.80798339844 1364.41198730469 1364.50500488281 1358.32202148438 1353.55297851562 1351.86999511719 1354.11804199219 1352.83996582031 1352.37805175781 1356.61596679688 1364.98400878906 1369.40502929688 1373.78405761719 1378.67504882812 1384.63806152344 1391.5419921875 1394.01098632812 1391.47802734375 1390.90600585938 1394.3740234375 1395.53405761719 1395.55493164062 1398.52600097656 1401.06994628906 1407.75402832031 1415.96496582031 1423.46801757812 1420.17004394531 1422.35803222656 1421.95202636719 1432.00598144531 1442.6689453125 1445.70703125 1448.42797851562 1451.56103515625 1455.87902832031 1457.01806640625 1463.78002929688 1467.01904296875 1476.30102539062 1475.63195800781 1473.10900878906 1472.498046875 1474.8759765625 1474.64794921875 1481.5859375 1478.93298339844 1474.38793945312
1297.14904785156 1310.88403320312 1318.96704101562 1336.67199707031 1367.13598632812 1379.81103515625 1377.39904785156 1371.09997558594 1361.50695800781 1355.63500976562 1356.63000488281 1354.26196289062 1353.17504882812 1355.82995605469 1361.03405761719 1366.64599609375 1372.81103515625 1376.19396972656 1381.92700195312 1387.65002441406 1391.02197265625 1391.88000488281 1390.23999023438 1393.03894042969 1401.80004882812 1404.07092285156 1399.4189453125 1405.65197753906 1414.42102050781 1417.79296875 1428.166015625 1429.416015625 1427.09399414062 1429.53503417969 1433.57299804688 1444.81604003906 1449.09204101562 1451.37194824219 1456.23400878906 1458.80297851562 1461.35205078125 1466.52502441406 1475.60900878906 1475.30798339844 1476.30004882812 1475.25305175781 1480.67004394531 1485.25207519531 1488.70593261719 1493.5419921875 1491.90002441406 1491.31799316406
1302.64196777344 1313.94494628906 1326.96997070312 1344.2919921875 1371.03198242188 1384.39404296875 1383.19897460938 1372.43395996094 1362.69604492188 1361.63000488281 1358.7060546875 1353.48303222656 1354.74096679688 1355.4560546875 1360.29797363281 1365.50903320312 1370.875 1375.00708007812 1381.67492675781 1385.90405273438 1388.85803222656 1391.31298828125 1389.32800292969 1394.70397949219 1402.68798828125 1410.30004882812 1413.47497558594 1416.56201171875 1419.06201171875 1426.58801269531 1437.00598144531 1440.59899902344 1434.0009765625 1435.375 1441.04895019531 1450.34399414062 1452.57495117188 1457.92504882812 1459.041015625 1460.01000976562 1463.73706054688 1473.18493652344 1473.60302734375 1472.32800292969 1475.67602539062 1477.64794921875 1486.23498535156 1492.373046875 1502.63696289062 1502.55798339844 1498.86303710938 1497.74206542969
1303.00500488281 1313.60400390625 1326.2490234375 1346.42102050781 1365.2109375 1370.02600097656 1372.85803222656 1370.67297363281 1366.48803710938 1360.77502441406 1358.41198730469 1357.84997558594 1355.90698242188 1357.19799804688 1361.26696777344 1366.44506835938 1369.42102050781 1375.76501464844 1381.57702636719 1386.77197265625 1389.70397949219 1391.373046875 1393.92199707031 1398.74194335938 1404.86596679688 1410.67004394531 1418.625 1425.96704101562 1431.03503417969 1437.833984375 1440.626953125 1447.46398925781 1445.40698242188 1447.34997558594 1455.50903320312 1456.28503417969 1461.63500976562 1463.10705566406 1464.53601074219 1464.75500488281 1471.91198730469 1473.85302734375 1473.05700683594 1468.33898925781 1471.38195800781 1476.08801269531 1485.46496582031 1497.61804199219 1511.22705078125 1509.8359375 1505.49304199219 1503.03100585938
1299.68395996094 1306.68395996094 1320.65393066406 1336.98303222656 1355.73498535156 1359.791015625 1360.72302246094 1364.85095214844 1363.89001464844 1364.37902832031 1362.84399414062 1364.1259765625 1365.92199707031 1364.27502441406 1365.35400390625 1369.49401855469 1371.59594726562 1378.03503417969 1381.08605957031 1386.93603515625 1389.38806152344 1392.36303710938 1396.45397949219 1400.93395996094 1406.58093261719 1413.80102539062 1424.64904785156 1435.57104492188 1442.30200195312 1446.97204589844 1446.22399902344 1450.98498535156 1464.30895996094 1475.43298339844 1473.833984375 1469.85302734375 1468.71496582031 1469.00598144531 1473.876953125 1471.39099121094 1473.74694824219 1473.34802246094 1473.82800292969 1469.47399902344 1472.2919921875 1479.77697753906 1489.35900878906 1502.126953125 1513.70703125 1515.90502929688 1509.14697265625 -3.4e+38
1296.79699707031 1303.32006835938 1319.19299316406 1331.76000976562 1347.59594726562 1351.09301757812 1353.43298339844 1358.66796875 1364.708984375 1361.60998535156 1364.70104980469 1369.1240234375 1374.95397949219 1381.50793457031 1383.91796875 1380.24609375 1381.98205566406 1382.78405761719 1384.38098144531 1386.51794433594 1388.55493164062 1392.41796875 1398.27404785156 1402.64599609375 1407.38793945312 1416.71301269531 1429.32495117188 1435.30993652344 1444.2060546875 1455.99499511719 1463.81799316406 1467.69104003906 1476.4599609375 1483.751953125 1484.98803710938 1478.23095703125 1473.28796386719 1473.02893066406 1476.85498046875 1472.5830078125 1472.0400390625 1477.6279296875 1478.39807128906 1477.68103027344 1479.32995605469 1483.44604492188 1489.17797851562 1497.99096679688 1508.83703613281 1516.64599609375 1511.51904296875 -3.4e+38
1302.10400390625 1305.96801757812 1319.4599609375 1329.80993652344 1344.1650390625 1351.34704589844 1360.07800292969 1363.97900390625 1367.27294921875 1370.11804199219 1372.95397949219 1378.56201171875 1382.92700195312 1389.49499511719 1393.96997070312 1393.63500976562 1392.76904296875 1395.57604980469 1398.07507324219 1396.06799316406 1395.17895507812 1398.03295898438 1402.22302246094 1406.64001464844 1410.6240234375 1419.291015625 1429.57104492188 1436.30200195312 1449.208984375 1458.23901367188 1470.44091796875 1486.05603027344 1491.42993164062 1486.47106933594 1486.02294921875 1482.47692871094 1476.32604980469 1477.69201660156 1481.39294433594 1480.63000488281 1474.92199707031 1476.63293457031 1478.19506835938 1482.30603027344 1482.53405761719 1485.85400390625 1491.04602050781 1495.41394042969 1507.17797851562 1515.52600097656 -3.4e+38 -3.4e+38
1311.15502929688 1313.35803222656 1323.85400390625 1329.46398925781 1339.59497070312 1350.52404785156 1360.97497558594 1367.36596679688 1371.50500488281 1372.92504882812 1377.81396484375 1382.63195800781 1389.52197265625 1395.54699707031 1399.65393066406 1401.16198730469 1404.416015625 1403.748046875 1403.28503417969 1402.75 1401.58898925781 1404.57604980469 1410.28393554688 1416.0009765625 1419.11108398438 1423.041015625 1429.2509765625 1442.19006347656 1450.69799804688 1463.9150390625 1475.45202636719 1487.60693359375 1496.50402832031 1494.51696777344 1484.88305664062 1483.93798828125 1484.78393554688 1490.03698730469 1490.20495605469 1486.33703613281 1479.77392578125 1473.84899902344 1479.21105957031 1484.75793457031 1485.16394042969 1489.11804199219 1495.41198730469 1504.98803710938 1513.44104003906 1517.44104003906 -3.4e+38 -3.4e+38
1315.57104492188 1321.5419921875 1325.53491210938 1328.9150390625 1340.998046875 1356.58703613281 1364.71899414062 1374.07202148438 1379.92004394531 1384.45703125 1384.00695800781 1388.09106445312 1391.43005371094 1394.43005371094 1400.13403320312 1405.5859375 1409.59594726562 1412.68798828125 1411.90698242188 1407.7060546875 1403.07702636719 1403.69897460938 1408.7509765625 1416.623046875 1425.70202636719 1425.125 1438.01794433594 1446.43298339844 1454.50695800781 1463.94494628906 1473.25695800781 1483.03295898438 1493.23400878906 1497.81103515625 1499.30004882812 1502.34204101562 1507.49304199219 1495.22204589844 1480.88195800781 1479.02600097656 1473.52795410156 1473.71203613281 1476.75500488281 1482.21691894531 1485.90502929688 1492.84094238281 1499.3310546875 1506.92797851562 1515.85302734375 1516.40393066406 1519.92602539062 -3.4e+38
1324.28894042969 1334.0400390625 1338.85998535156 1337.08898925781 1347.30993652344 1361.53198242188 1374.48803710938 1389.43505859375 1398.73095703125 1400.28503417969 1397.95593261719 1399.61694335938 1399.97302246094 1398.97094726562 1403.78002929688 1412.29699707031 1420.89001464844 1428.53405761719 1428.54907226562 1423.94897460938 1414.13806152344 1408.19506835938 1408.7490234375 1413.42199707031 1422.07092285156 1432.05798339844 1439.39599609375 1447.48095703125 1459.07800292969 1468.9140625 1480.35400390625 1492.39294433594 1491.1259765625 1496.6650390625 1506.97692871094 1510.30505371094 1509.47998046875 1495.52197265625 1473.26000976562 1468.98400878906 1468.73303222656 1470.76696777344 1471.2490234375 1481.47302246094 1485.333984375 1493.21704101562 1500.83703613281 1516.51696777344 1520.6259765625 1520.36804199219 -3.4e+38 -3.4e+38
1328.57897949219 1338.96496582031 1343.61596679688 1343.88806152344 1353.0849609375 1374.09606933594 1397.09899902344 1415.46899414062 1425.57397460938 1421.77001953125 1413.1640625 1409.90600585938 1406.00793457031 1401.92199707031 1403.19799804688 1413.49194335938 1421.21997070312 1427.03698730469 1429.083984375 1426.98205566406 1424.64001464844 1421.80200195312 1416.94396972656 1415.50598144531 1419.5849609375 1425.96203613281 1441.50903320312 1452.43603515625 1457.39294433594 1468.98999023438 1485.29797363281 1492.751953125 1492.94104003906 1494.77795410156 1504.75805664062 1508.17700195312 1504.52807617188 1491.50695800781 1478.81701660156 1467.19201660156 1465.15502929688 1469.28198242188 1468.42797851562 1476.23095703125 1484.22595214844 1493.94506835938 1507.32800292969 1519.96398925781 1527.19494628906 -3.4e+38 -3.4e+38 -3.4e+38
1331.94104003906 1343.19494628906 1347.5 1351.22705078125 1359.87097167969 1388.38305664062 1414.24304199219 1438.00805664062 1451.10803222656 1444.66796875 1427.25598144531 1415.97692871094 1407.06298828125 1401.84899902344 1403.12194824219 1414.69396972656 1424.04504394531 1428.52099609375 1428.86999511719 1425.30505371094 1421.31298828125 1420.23498535156 1417.69396972656 1418.43200683594 1428.73303222656 1427.40393066406 1434.11706542969 1446.80798339844 1452.29296875 1463.17895507812 1478.31896972656 1487.85693359375 1489.20202636719 1491.25402832031 1495.97998046875 1501.76904296875 1502.3359375 1495.44104003906 1484.88696289062 1472.65795898438 1469.58605957031 1474.29895019531 1470.2060546875 1473.77197265625 1488.90002441406 1500.38403320312 1513.57897949219 1527.86206054688 1532.27099609375 -3.4e+38 -3.4e+38 -3.4e+38
1349.28295898438 1355.17602539062 1356.01098632812 1359.13598632812 1368.70495605469 1396.18298339844 1420.10400390625 1442.35400390625 1457.498046875 1453.99194335938 1435.49194335938 1416.998046875 1406.40795898438 1397.625 1396.43200683594 1404.10693359375 1413.78198242188 1419.03698730469 1418.21203613281 1415.65405273438 1413.20202636719 1412.06701660156 1412.10205078125 1417.26000976562 1424.59497070312 1430.27294921875 1430.3349609375 1437.498046875 1452.90905761719 1464.27197265625 1473.05297851562 1481.89099121094 1488.07397460938 1491.09704589844 1495.43701171875 1498.31799316406 1499.12097167969 1497.49304199219 1495.42297363281 1487.60205078125 1485.27905273438 1483.8349609375 1481.82397460938 1486.94995117188 1497.17102050781 1511.43896484375 1527.03796386719 1537.07897949219 1542.52197265625 1543.65893554688 -3.4e+38 -3.4e+38
1359.29602050781 1366.69104003906 1366.13793945312 1363.93896484375 1370.98693847656 1387.73303222656 1408.57604980469 1427.8759765625 1437.35400390625 1436.01293945312 1423.69897460938 1404.79895019531 1395.47802734375 1387.73498535156 1384.02197265625 1385.69201660156 1396.21203613281 1402.23400878906 1404.68603515625 1405.22802734375 1405.74694824219 1406.21594238281 1410.92492675781 1419.56396484375 1425.77197265625 1431.63305664062 1436.49194335938 1441.23803710938 1449.8740234375 1464.80603027344 1472.0849609375 1479.14794921875 1486.5419921875 1494.92395019531 1498.27404785156 1495.30895996094 1499.59301757812 1504.89306640625 1504.81799316406 1501.86499023438 1497.13793945312 1494.26098632812 1499.06396484375 1502.35693359375 1507.02197265625 1518.97094726562 1532.35705566406 1540.84606933594 1552.45495605469 1553.0859375 -3.4e+38 -3.4e+38
1358.4990234375 1364.48803710938 1366.52807617188 1364.38098144531 1375.1669921875 1383.76098632812 1390.2890625 1402.55700683594 1410.43005371094 1411.25402832031 1406.38403320312 1397.4560546875 1383.44995117188 1379.92700195312 1375.8349609375 1374.32995605469 1384.30700683594 1389.15393066406 1391.45495605469 1393.69604492188 1397.544921875 1401.76599121094 1409.29895019531 1417.20300292969 1423.23706054688 1430.57104492188 1439.11206054688 1440.09997558594 1451.04504394531 1465.84094238281 1473.85998535156 1483.18298339844 1491.75402832031 1502.58801269531 1504.41296386719 1499.64904785156 1505.26293945312 1508.46704101562 1512.60400390625 1508.5009765625 1503.32397460938 1497.748046875 1503.96704101562 1506.66003417969 1511.02905273438 1520.98693847656 1533.626953125 1547.36499023438 1556.38598632812 1563.88208007812 -3.4e+38 -3.4e+38
1353.13903808594 1358.79797363281 1356.58801269531 1353.55895996094 1360.93994140625 1373.9150390625 1375.28503417969 1380.29699707031 1382.43896484375 1386.68896484375 1387.90893554688 1383.48303222656 1373.73498535156 1373.23999023438 1373.42395019531 1371.30102539062 1377.06994628906 1380.40905761719 1383.54797363281 1387.875 1392.3330078125 1399.07995605469 1407.70397949219 1416.11901855469 1423.23596191406 1429.76293945312 1436.67504882812 1445.09594726562 1453.55297851562 1462.24304199219 1470.80993652344 1479.17004394531 1490.64306640625 1499.41003417969 1508.19201660156 1506.8349609375 1510.49194335938 1514.73901367188 1511.38903808594 1510.57495117188 1504.32495117188 1502.751953125 1508.41906738281 1506.01000976562 1511.95300292969 1520.06506347656 1532.82495117188 1547.28100585938 1556.45202636719 1563.90295410156 1568.86499023438 -3.4e+38
1328.43395996094 1337.4580078125 1337.91296386719 1338.37097167969 1343.75805664062 1353.080078125 1359.78503417969 1358.96899414062 1363.47595214844 1365.3349609375 1368.41003417969 1366.19604492188 1367.2060546875 1374.97399902344 1374.88903808594 1371.19396972656 1374.38598632812 1376.51306152344 1378.94201660156 1383.80700683594 1392.39501953125 1396.82202148438 1408.60095214844 1417.73498535156 1424.71301269531 1430.16394042969 1436.67504882812 1443.69897460938 1455.27600097656 1460.86499023438 1470.25805664062 1479.69299316406 1487.78100585938 1497.22204589844 1506.66003417969 1507.33203125 1508.27795410156 1510.05798339844 1510.04907226562 1507.38903808594 1505.27099609375 1508.45495605469 1509.65502929688 1508.375 1516.93603515625 1525.81298828125 1534.87194824219 1544.72900390625 1553.00500488281 1560.76904296875 1568.25598144531 -3.4e+38
1305.98095703125 1317.73205566406 1321.44506835938 1324.30895996094 1327.63793945312 1331.58801269531 1338.74499511719 1340.94995117188 1343.91101074219 1348.30895996094 1356.75598144531 1354.10498046875 1360.7939453125 1367.544921875 1372.15502929688 1374.13195800781 1375.55297851562 1375.89196777344 1377.88305664062 1382.34899902344 1388.75402832031 1396.57592773438 1410.46398925781 1417.84704589844 1421.02294921875 1429.97705078125 1436.58093261719 1443.03601074219 1454.27099609375 1461.30200195312 1472.06604003906 1480.22094726562 1486.93701171875 1496.84497070312 1506.24304199219 1503.92297363281 1504.66198730469 1506.78198242188 1507.69604492188 1508.46997070312 1512.06494140625 1512.39501953125 1511.69897460938 1518.64904785156 1518.7080078125 1526.48901367188 1537.39001464844 1542.14196777344 1546.35095214844 1556.24194335938 1569.66003417969 -3.4e+38
