layers/ppt9.asc
NCOLS 421 
NROWS 354 
XLLCORNER -106.645833332895 
YLLCORNER 25.8541666666667 
CELLSIZE 0.0416666666669039 
NODATA_value -3.4e+38 
[rows 138 to 160 of 354, columns 208 to 259 of 421]
841.911987304688 860.02001953125 872.674987792969 884.786010742188 900.710998535156 918.767028808594 930.218017578125 934.685974121094 936.765991210938 933.096008300781 926.492004394531 922.203002929688 921.390991210938 923.036010742188 925.466979980469 925.401000976562 923.572998046875 922.06201171875 925.154968261719 929.164001464844 931.654968261719 931.494018554688 933.359985351562 937.224975585938 946.226013183594 964.414978027344 976.309020996094 973.848999023438 970.171020507812 963.659973144531 960.14599609375 965.926025390625 977.451965332031 992.190002441406 1006.958984375 1020.15399169922 1031.64196777344 1039.68603515625 1044.40197753906 1050.97705078125 1058.69604492188 1066.36901855469 1075.18994140625 1085.01196289062 1097.59497070312 1107.6650390625 1115.32702636719 1132.26794433594 1160.95300292969 1189.01000976562 1213.541015625 1232.80798339844
842.43603515625 860.68798828125 876.77099609375 893.434997558594 913.473999023438 934.592041015625 944.174011230469 940.474975585938 937.054016113281 932.864013671875 924.093994140625 917.162963867188 917.101989746094 921.476989746094 919.046997070312 915.555969238281 911.487976074219 908.616027832031 910.809020996094 918.278991699219 925.075012207031 930.510986328125 932.818969726562 938.971984863281 949.64599609375 967.767028808594 972.695007324219 970.484985351562 964.289978027344 958.140014648438 950.182983398438 954.60498046875 971.942016601562 988.411987304688 1005.36901855469 1019.63800048828 1030.30102539062 1041.61096191406 1046.26696777344 1052.52795410156 1058.79602050781 1066.76904296875 1079.7900390625 1094.92004394531 1112.67102050781 1121.5419921875 1130.05798339844 1147.59106445312 1164.52795410156 1183.09497070312 1202.13598632812 1217.15100097656
857.455017089844 871.171997070312 883.177001953125 898.536010742188 921.502990722656 945.023986816406 952.278991699219 951.22998046875 946.281005859375 931.067016601562 919.737976074219 913.276977539062 911.262023925781 911.411987304688 910.570983886719 907.408020019531 902.242004394531 898.674011230469 901.789001464844 910.611022949219 923.309997558594 932.871032714844 938.585021972656 944.976989746094 954.97900390625 960.868041992188 967.385009765625 968.780029296875 967.616027832031 962.106018066406 957.049011230469 964.050964355469 976.211975097656 991.385986328125 1006.94598388672 1019.45599365234 1032.07897949219 1042.73498535156 1050.26000976562 1058.09497070312 1066.48901367188 1074.55102539062 1083.623046875 1097.01196289062 1110.36999511719 1119.92504882812 1129.6259765625 1144.48193359375 1153.80200195312 1169.21301269531 1188.97998046875 1204.25
885.247985839844 887.601989746094 890.447998046875 899.116027832031 917.276000976562 939.357971191406 949.113037109375 952.070007324219 943.744018554688 926.630004882812 912.958984375 909.570983886719 905.85302734375 903.841979980469 908.200988769531 908.275024414062 903.091979980469 899.026000976562 903.986999511719 909.680969238281 925.338989257812 939.403015136719 950.401000976562 957.466979980469 960.731018066406 966.960998535156 969.6669921875 968.653015136719 966.862976074219 969.507995605469 971.661010742188 978.099975585938 987.314025878906 997.518005371094 1010.44500732422 1023.22900390625 1036.30895996094 1045.41198730469 1055.22399902344 1063.69995117188 1071.30102539062 1079.1650390625 1084.36596679688 1093.70202636719 1101.458984375 1112.11999511719 1124.98498535156 1132.46801757812 1141.126953125 1157.39599609375 1177.27795410156 1196.49792480469
898.872009277344 897.440979003906 893.346984863281 896.664001464844 907.023986816406 921.491027832031 933.393005371094 935.245971679688 932.286010742188 920.435974121094 912.630981445312 905.10498046875 902.039978027344 902.27099609375 906.474975585938 909.466979980469 905.259033203125 903.805969238281 907.362976074219 917.156982421875 935.296020507812 947.244995117188 956.929992675781 963.757019042969 966.244995117188 967.747985839844 970.929992675781 973.265014648438 976.200012207031 980.356994628906 984.440002441406 989.648010253906 995.537963867188 1005.25500488281 1017.26403808594 1028.79699707031 1039.95703125 1048.07604980469 1057.37194824219 1065.5439453125 1073.44494628906 1082.00598144531 1089.5419921875 1095.82995605469 1099.82995605469 1109.71301269531 1118.63806152344 1124.69104003906 1135.68603515625 1151.0390625 1167.48706054688 1188.30505371094
900.820983886719 894.580017089844 892.164001464844 895.049987792969 900.629028320312 908.119995117188 915.797973632812 919.692993164062 922.189025878906 916.924011230469 907.931030273438 900.111999511719 898.765014648438 901.005004882812 908.767028808594 914.078002929688 913.887023925781 914.867980957031 918.265991210938 929.72900390625 946.008972167969 956.793029785156 962.934997558594 968.632995605469 971.370971679688 971.764038085938 972.515991210938 975.984008789062 984.614013671875 991.900024414062 996.015991210938 999.43701171875 1005.82702636719 1012.69000244141 1021.28399658203 1032.1259765625 1044.38195800781 1052.92004394531 1059.11096191406 1068.03002929688 1076.60998535156 1085.69897460938 1092.94104003906 1097.48596191406 1098.85900878906 1108.64099121094 1115.64196777344 1122.26098632812 1136.06396484375 1147.86901855469 1163.9150390625 1185.96496582031
894.031982421875 890.088012695312 890.153015136719 894.862976074219 902.424987792969 908.981018066406 911.18896484375 912.72802734375 914.552001953125 911.580993652344 906.70703125 902.914001464844 903.612976074219 907.997009277344 911.968017578125 918.841003417969 926.182006835938 925.096984863281 926.213012695312 935.339965820312 952.927001953125 965.536987304688 972.661987304688 977.757019042969 976.023986816406 976.536010742188 975.984985351562 976.742980957031 982.010009765625 988.950012207031 1000.88397216797 1011.19702148438 1013.00701904297 1017.91198730469 1025.45703125 1033.79797363281 1045.84704589844 1054.92895507812 1064.05297851562 1072.47204589844 1082.77294921875 1090.93298339844 1096.99694824219 1099.86999511719 1099.86706542969 1103.58703613281 1110.54699707031 1119.18798828125 1128.23803710938 1143.1669921875 1162.97497558594 1184.10095214844
887.220031738281 889.590026855469 890.034973144531 893.914001464844 900.5830078125 906.377990722656 912.005004882812 909.580993652344 909.263977050781 912.218994140625 910.18701171875 908.338989257812 907.990966796875 909.535034179688 913.023010253906 923.143981933594 925.549011230469 928.114013671875 930.9580078125 940.296020507812 953.351989746094 973.570007324219 982.039978027344 984.302001953125 983.432006835938 981.591979980469 978.268981933594 980.101013183594 984.099975585938 987.891967773438 997.078002929688 1012.00500488281 1016.17700195312 1019.416015625 1025.77502441406 1034.5009765625 1045.05798339844 1054.18896484375 1062.92102050781 1071.26794433594 1080.27795410156 1087.25793457031 1092.623046875 1097.85705566406 1098.31604003906 1101.28796386719 1105.916015625 1112.61096191406 1124.49194335938 1138.748046875 1157.51403808594 1178.6650390625
885.923034667969 888.490966796875 888.851989746094 891.392028808594 895.679016113281 899.987976074219 904.390991210938 901.817993164062 904.297973632812 907.578002929688 913.677978515625 910.369018554688 909.822998046875 911.370971679688 919.72998046875 925.695983886719 930.70703125 936.820007324219 941.781005859375 945.869018554688 956.581970214844 973.35205078125 987.244018554688 990 991.044982910156 986.358032226562 982.510009765625 983.697998046875 988.010986328125 991.315002441406 997.891967773438 1004.15899658203 1010.83502197266 1017.29498291016 1023.65698242188 1032.32604980469 1042.44702148438 1050.84997558594 1059.5009765625 1066.83703613281 1074.25598144531 1079.69201660156 1089.4150390625 1094.0419921875 1093.53198242188 1093.07299804688 1096.13598632812 1104.30102539062 1117.50402832031 1133.00305175781 1152.32702636719 1171.46704101562
882.151000976562 883.590026855469 882.050964355469 880.403991699219 880.939025878906 885.338989257812 887.496032714844 894.309020996094 899.161987304688 909.705017089844 915.656982421875 916.994995117188 916.843994140625 920.516967773438 927.033020019531 934.0419921875 940.821960449219 946.514038085938 948.804016113281 948.482971191406 957.531982421875 969.867004394531 982.825012207031 987.29296875 986.885009765625 983.372009277344 980.994995117188 982.098999023438 985.560974121094 990.1259765625 992.830017089844 998.170043945312 1005.10400390625 1009.02301025391 1015.18096923828 1026.73596191406 1039.60900878906 1047.7919921875 1053.01501464844 1057.06604003906 1061.65698242188 1067.78503417969 1078.49597167969 1087.42895507812 1087.76904296875 1088.69494628906 1091.11193847656 1099.76806640625 1115.56396484375 1133.23803710938 1150.08203125 1164.11596679688
876.376037597656 875.398986816406 869.864013671875 864.761962890625 864.552978515625 861.97802734375 861.932983398438 872.889038085938 879.078002929688 887.864990234375 897.1669921875 902.823974609375 908.221984863281 917.508972167969 926.843017578125 938.714965820312 947.638000488281 954.557006835938 954.565979003906 953.774963378906 958.528991699219 964.77001953125 971.511962890625 974.518981933594 972.835998535156 974.330017089844 974.10400390625 978.596984863281 982.783020019531 981.962036132812 980.970031738281 986.080017089844 993.404968261719 1000.06500244141 1006.83203125 1017.35900878906 1030.80407714844 1039.05200195312 1046.95495605469 1051.63903808594 1057.60998535156 1065.55297851562 1074.76599121094 1083.8330078125 1088.001953125 1088.05004882812 1091.623046875 1103.03198242188 1119.78796386719 1135.26696777344 1153.19104003906 1165.34204101562
869.927978515625 866.505981445312 856.830993652344 849.109985351562 842.492004394531 833.872985839844 830.806030273438 841.842041015625 850.596984863281 862.137023925781 876.158020019531 887.281005859375 896.877990722656 907.93798828125 919.677978515625 931.171997070312 943.85400390625 951.544006347656 952.501037597656 959.210021972656 962.611022949219 962.524047851562 962.6240234375 962.815002441406 965.577026367188 969.151000976562 971.610961914062 975.028015136719 976.445983886719 972.601013183594 969.119018554688 971.785034179688 977.635009765625 987.096984863281 1000.20300292969 1014.81201171875 1029.53503417969 1035.10400390625 1042.2509765625 1048.31103515625 1053.97802734375 1063.09301757812 1072.97705078125 1080.57299804688 1085.99694824219 1090.38903808594 1100.85400390625 1113.50500488281 1127.97900390625 1140.02893066406 1153.68298339844 1167.06994628906
856.958984375 853.52197265625 840.518981933594 828.530029296875 821.218017578125 821.778015136719 819.924987792969 824.158020019531 830.306030273438 843.0009765625 857.656005859375 872.794006347656 884.656005859375 898.411987304688 912.473999023438 922.466979980469 930.893005371094 939.731994628906 949.726989746094 953.869995117188 955.976013183594 950.127014160156 945.031005859375 950.52197265625 958.47900390625 964.111999511719 968.805969238281 971.927001953125 968.526000976562 959.096008300781 958.06298828125 960.328979492188 967.828002929688 979.5849609375 993.747009277344 1009.79998779297 1021.43798828125 1032.29699707031 1041.48901367188 1050.32397460938 1058.61596679688 1066.97705078125 1073.45300292969 1078.59899902344 1085.30102539062 1098.68005371094 1112.54797363281 1123.94604492188 1133.97204589844 1143.57495117188 1148.64501953125 1154.74096679688
827.036987304688 824.10302734375 813.466003417969 807.911987304688 806.158020019531 806.39599609375 810.159973144531 809.716979980469 814.703979492188 826.702026367188 848.105041503906 868.68798828125 881.471008300781 890.22998046875 899.828979492188 911.445983886719 918.473999023438 926.033020019531 934.010009765625 935.981994628906 936.054016113281 934.242980957031 933.429992675781 940.109008789062 946.85302734375 959.322998046875 968.117980957031 970.825988769531 964.695007324219 956.940002441406 951.547973632812 949.81201171875 957.294006347656 968.852966308594 982.796997070312 996.986999511719 1012.53302001953 1026.28698730469 1036.99597167969 1047.18005371094 1057.7900390625 1065.73999023438 1073.61804199219 1080.65197753906 1086.69299316406 1103.03308105469 1118.01696777344 1126.21899414062 1137.19897460938 1141.35400390625 1143.97302246094 1149.9560546875
777.046020507812 784.163024902344 787.408996582031 792.596984863281 796.191040039062 801.010009765625 802.056030273438 795.401000976562 790.106018066406 802.364013671875 834.408996582031 866.085998535156 882.049011230469 889.539978027344 894.070983886719 898.703002929688 907.138977050781 912.809997558594 915.155029296875 913.567016601562 912.309020996094 914.900024414062 921.414978027344 930.177001953125 940.112976074219 953.643005371094 968.127014160156 969.47802734375 963.318969726562 953.955993652344 948.453979492188 948.10302734375 952.656982421875 962.140014648438 979.456970214844 992.668029785156 1010.50701904297 1021.65899658203 1031.01904296875 1041.80200195312 1054.39697265625 1065.02099609375 1071.52307128906 1076.80200195312 1086.95593261719 1100.98400878906 1117.99194335938 1127.34301757812 1136.26196289062 1139.49694824219 1140.90698242188 1141.17199707031
739.258972167969 751.486022949219 765.992980957031 781.638977050781 793.31396484375 794.949035644531 792.260986328125 779.929016113281 774.698974609375 786.551025390625 816.552001953125 851.689025878906 871.836975097656 877.872009277344 884.031982421875 891.483032226562 898.007995605469 899.414978027344 896.97998046875 892.39599609375 890.856994628906 896.960998535156 909.815002441406 924.106018066406 936.546997070312 949.725952148438 965.127014160156 968.902038574219 959.320983886719 953.574035644531 947.015014648438 949.886962890625 953.223999023438 966.864990234375 982.307983398438 995.221008300781 1006.79803466797 1018.5 1028.47302246094 1037.11303710938 1048.72399902344 1057.59704589844 1063.50402832031 1067.26403808594 1074.31799316406 1085.95104980469 1099.77502441406 1113.81896972656 1123.72900390625 1130.39904785156 1132.15295410156 1135.78295898438
720.533996582031 734.197998046875 753.570007324219 771.190979003906 782.090026855469 787.008972167969 784.830993652344 775.031005859375 770.598999023438 776.258972167969 800.268981933594 835.807006835938 858.013000488281 866.031005859375 873.046020507812 882.031982421875 888.341979980469 889.174987792969 886.555969238281 882.22802734375 882.508972167969 889.345031738281 905.58203125 919.1259765625 931.9169921875 944.336975097656 959.057983398438 967.674011230469 964.870971679688 961.253967285156 955.018981933594 953.690979003906 956.887023925781 966.477966308594 985.404968261719 1000.66497802734 1009.97601318359 1018.74401855469 1025.61596679688 1033.89001464844 1037.94995117188 1045.49304199219 1053.63000488281 1060.44201660156 1068.27795410156 1076.31799316406 1085.31494140625 1092.41198730469 1101.64697265625 1111.25695800781 1117.376953125 1125.43798828125
720.080017089844 731.408020019531 747.651977539062 760.70703125 771.710021972656 777.176025390625 777.162963867188 770.731994628906 767.760986328125 774.8759765625 797.447998046875 823.808959960938 844.343994140625 855.982971191406 866.760009765625 875.31201171875 881.14501953125 885.14599609375 884.439025878906 881.10498046875 883.367004394531 891.596008300781 907.760009765625 920.684997558594 933.4169921875 941.984985351562 948.10400390625 961.601989746094 970.117004394531 971.704040527344 972.841003417969 968.382995605469 970.262023925781 978.121032714844 991.037963867188 1002.9580078125 1010.72399902344 1019.97399902344 1027.34997558594 1030.17297363281 1036.6240234375 1043.99694824219 1051.04504394531 1055.4169921875 1060.76599121094 1066.14001464844 1075.07495117188 1082.27697753906 1088.71704101562 1092.83703613281 1097.88903808594 1106.3740234375
723.242004394531 732.77197265625 742.911987304688 753.601989746094 761.328979492188 763.955993652344 761.848022460938 756.549011230469 758.528015136719 772.565979003906 795.523010253906 818.026000976562 838.726013183594 853.070007324219 864.966003417969 871.216979980469 874.789001464844 881.888977050781 888.190979003906 886.747009277344 889.43701171875 902.364990234375 915.552978515625 927.77197265625 936.753967285156 945.154968261719 953.594970703125 963.675964355469 969.196960449219 971.955993652344 977.14501953125 979.041015625 984.580993652344 989.877014160156 999.963989257812 1008.77600097656 1016.27697753906 1024.65295410156 1030.6259765625 1032.13696289062 1037.41394042969 1041.42199707031 1043.73095703125 1046.21398925781 1046.57104492188 1050.89794921875 1063.10095214844 1072.4150390625 1078.06396484375 1082.07299804688 1084.5869140625 1092.3349609375
721.2509765625 731.593017578125 739.720031738281 748.393005371094 752.406982421875 753.689025878906 748.487976074219 745.093017578125 746.52197265625 758.220031738281 780.887023925781 807.85302734375 831.656005859375 848.192993164062 859.997009277344 868.988037109375 872.994018554688 880.171997070312 887.318969726562 892.619018554688 898.232971191406 908.597961425781 920.605041503906 932.503967285156 937.945007324219 946.755004882812 954.212036132812 965.365966796875 969.690979003906 973.518981933594 978.118957519531 979.807983398438 987.975036621094 996.031982421875 1001.76702880859 1009.13500976562 1021.29498291016 1032.18298339844 1038.2060546875 1037.86706542969 1040.22094726562 1040.41101074219 1039.48803710938 1039.19702148438 1037.0400390625 1040.96899414062 1051.76000976562 1063.05895996094 1069.94799804688 1073.98706054688 1076.32604980469 1081.123046875
712.858032226562 724.177001953125 733.242980957031 742.698974609375 746.265014648438 746.118957519531 740.666015625 738.384033203125 742.024963378906 752.787963867188 778.211975097656 805.661987304688 830.893005371094 850.489990234375 860.4990234375 865.132019042969 866.610961914062 874.815979003906 884.994018554688 892.718017578125 900.389038085938 911.121032714844 919.8330078125 929.22802734375 936.932006835938 943.351989746094 946.681030273438 953.697998046875 961.786987304688 969.864013671875 977.723999023438 983.981994628906 991.363952636719 992.625 998.635986328125 1010.29302978516 1025.64697265625 1038.21496582031 1044.85302734375 1043.18798828125 1041.69396972656 1040.23303222656 1037.52099609375 1034.18994140625 1032.40698242188 1036.71398925781 1044.5830078125 1057.44104003906 1065.76696777344 1068.85803222656 1071.98498535156 1075.65795898438
703.419006347656 718.304992675781 730.41796875 740.2080078125 744.127014160156 747.974975585938 747.747985839844 747.155029296875 750.544006347656 765.775024414062 789.262023925781 813.028991699219 832.872009277344 848.947021484375 856.190979003906 852.213989257812 853.153015136719 862.822021484375 877.565979003906 890.002014160156 899.679016113281 909.808959960938 916.197998046875 923.22900390625 929.351013183594 938.328002929688 944.510986328125 949.625 960.471008300781 969.091979980469 975.174011230469 977.887023925781 983.190002441406 984.633972167969 990.154968261719 1003.78497314453 1020.21899414062 1035.07397460938 1044.28796386719 1043.56396484375 1041.61206054688 1039.34497070312 1038.99096679688 1032.35498046875 1029.98706054688 1034.73205566406 1043.6650390625 1053.375 1062.68103027344 1067.208984375 1071.09704589844 1075.72705078125
693.746032714844 707.658996582031 722.950988769531 735.268005371094 744.117980957031 751.864990234375 758.148986816406 764.236999511719 772.091003417969 784.534973144531 800.140991210938 817.794982910156 834.318969726562 846.153991699219 847.299011230469 844.905029296875 844.684997558594 855.516967773438 872.252014160156 891.85400390625 904.549011230469 911.797973632812 915.377014160156 920.674011230469 926.876037597656 932.052978515625 936.873962402344 944.080993652344 954.323974609375 966.338989257812 970.302001953125 970.953979492188 964.869995117188 963.398986816406 967.684997558594 985.684997558594 1005.46801757812 1022.791015625 1033.22802734375 1036.08898925781 1039.52197265625 1041.35595703125 1040.33996582031 1037.67993164062 1035.86804199219 1037.39904785156 1045.13806152344 1052.60205078125 1060.85302734375 1068.34997558594 1071.86303710938 1075.16101074219
