layers/ppt9.asc
NCOLS 421 
NROWS 354 
XLLCORNER -106.645833332895 
YLLCORNER 25.8541666666667 
CELLSIZE 0.0416666666669039 
NODATA_value -3.4e+38 
[rows 23 to 45 of 354, columns 260 to 311 of 421]
921.549011230469 919.372009277344 920.379028320312 923.4580078125 925.380004882812 924.857971191406 918.162963867188 927.177978515625 944.899963378906 965.442993164062 983.002014160156 998.45703125 1014.29803466797 1030.19995117188 1047.2060546875 1060.45104980469 1064.35803222656 1066.17993164062 1053.42004394531 1040.7900390625 1033.61303710938 1030.52294921875 1026.73596191406 1028.40502929688 1035.61999511719 1037.35693359375 1038.81799316406 1037.90698242188 1038.63098144531 1043.07897949219 1052.58203125 1064.416015625 1067.5859375 1073.35205078125 1070.97595214844 1067.88195800781 1077.44592285156 1082.10205078125 1084.46398925781 1086.40295410156 1086.05102539062 1086.46594238281 1086.49499511719 1087.28698730469 1090.44897460938 1094.56896972656 1099.43701171875 1102.80505371094 1104.69299316406 1110.22302246094 1115.56701660156 1114.64001464844
923.802978515625 921.744018554688 919.650024414062 917.18701171875 918.050964355469 922 926.223022460938 932.330017089844 944.247009277344 955.132995605469 973.429016113281 992.690002441406 1007.66101074219 1023.28399658203 1046.2900390625 1062.57397460938 1071.57995605469 1071.68505859375 1061.60095214844 1047.28796386719 1038.55603027344 1035.89196777344 1036.84899902344 1031.42297363281 1031.30700683594 1028.90002441406 1026.32800292969 1022.44299316406 1020.98699951172 1026.38195800781 1040.7509765625 1056.13696289062 1068.19702148438 1070.03198242188 1072.94104003906 1069.47595214844 1075.22094726562 1077.95300292969 1082.17700195312 1091.05102539062 1091.51196289062 1088.88696289062 1090.54895019531 1093.93994140625 1097.44494628906 1103.64697265625 1107.74694824219 1109.68798828125 1112.90795898438 1117.09899902344 1120.79296875 1120.251953125
917.614990234375 917.925964355469 916.022033691406 915.720031738281 916.414001464844 921.664001464844 925.414978027344 931.440002441406 941.091003417969 948.838012695312 963.580017089844 981.383972167969 997.328979492188 1012.19000244141 1035.8359375 1053.22497558594 1061.65795898438 1061.3720703125 1053.86901855469 1044.32299804688 1037.78295898438 1032.91003417969 1031.54602050781 1027.82104492188 1024.34899902344 1021.09698486328 1012.04498291016 1006.041015625 1003.48699951172 1010.22302246094 1025.48193359375 1047.81799316406 1061.32702636719 1063.30700683594 1062.29504394531 1056.40100097656 1059.56896972656 1068.37805175781 1080.31604003906 1090.27697753906 1089.53796386719 1092.39904785156 1097.22399902344 1102.92504882812 1106.82702636719 1109.1650390625 1113.38403320312 1117.33801269531 1120.48193359375 1122.03100585938 1122.84899902344 1121.08801269531
909.406005859375 922.971008300781 927.845031738281 925.443969726562 922.887023925781 927.036010742188 930.52001953125 929.643005371094 933.932006835938 942.106994628906 952.539978027344 964.494995117188 980.41796875 995.412963867188 1019.65698242188 1032.93701171875 1040.51696777344 1042.0859375 1039.25598144531 1036.26196289062 1034.26696777344 1031.22302246094 1028.55700683594 1023.56298828125 1020.43902587891 1015.07202148438 1003.53399658203 993.528991699219 990.524963378906 995.953979492188 1014.13903808594 1037.46301269531 1053.54504394531 1057.98901367188 1053.07604980469 1050.95104980469 1057.90295410156 1070.34497070312 1078.78002929688 1086.94604492188 1091.19604492188 1097.0009765625 1102.64099121094 1108.21997070312 1114.57299804688 1115.01306152344 1120.59997558594 1122.37902832031 1120.88696289062 1121.42700195312 1123.4169921875 1122.09204101562
906.932006835938 926.317993164062 931.382995605469 930.60498046875 928.627990722656 929.073974609375 931.630981445312 929.765991210938 934.653991699219 941.473999023438 950.484008789062 961.461975097656 972.68896484375 982.427978515625 1001.88598632812 1018.77697753906 1029.85803222656 1031.01599121094 1030.51098632812 1027.59899902344 1028.63696289062 1027.10205078125 1024.74304199219 1023.46197509766 1018.68103027344 1013.43597412109 1004.37298583984 994.552978515625 986.72900390625 990.114013671875 1008.61297607422 1027.25793457031 1045.21301269531 1056.90100097656 1060.52905273438 1064.13293457031 1070.65197753906 1078.43298339844 1086.27197265625 1091.8740234375 1096.28405761719 1101.16198730469 1107.9990234375 1113.498046875 1118.43200683594 1122.99694824219 1125.65893554688 1124.66101074219 1124.08703613281 1123.75500488281 1122.93408203125 1120.08801269531
900.781982421875 917.843017578125 924.2919921875 927.191955566406 925.10302734375 923.22900390625 927.684020996094 932.294006347656 936.434997558594 941.407958984375 948.68798828125 959.760009765625 968.583984375 977.817993164062 990.481994628906 1005.47003173828 1016.08599853516 1024.09497070312 1022.4580078125 1020.26300048828 1021.33502197266 1020.71801757812 1021.73999023438 1021.93200683594 1021.24096679688 1016.66998291016 1009.45202636719 1000.35699462891 987.546020507812 990.925964355469 1003.31298828125 1019.21600341797 1040.48596191406 1061.36901855469 1074.30798339844 1079.78295898438 1084.89599609375 1091.3310546875 1096.31799316406 1100.5849609375 1105.4169921875 1109.00695800781 1114.48303222656 1123.24499511719 1127.55395507812 1129.60607910156 1130.58801269531 1129.05798339844 1127.23596191406 1126.39904785156 1126.35205078125 1124.16003417969
900.742004394531 916.200012207031 922.382995605469 923.772033691406 920.549011230469 922.690979003906 930.057006835938 939.273986816406 941.1669921875 942.590026855469 947.622009277344 954.661987304688 962.485961914062 975.559020996094 985.789978027344 994.161010742188 1005.48999023438 1017.61401367188 1021.47198486328 1023.36297607422 1029.00793457031 1031.45703125 1032.26196289062 1030.60498046875 1027.94702148438 1024.64904785156 1015.68798828125 1006.58898925781 1000.24597167969 1000.7490234375 1006.62603759766 1021.78302001953 1051.56201171875 1071.64099121094 1082.73498535156 1087.38696289062 1090.85498046875 1093.57800292969 1098.13903808594 1105.65795898438 1112.54504394531 1119.51403808594 1125.89392089844 1130.77294921875 1133.25500488281 1130.43896484375 1129.93298339844 1128.88793945312 1126.498046875 1125.23205566406 1123.4599609375 1122.48803710938
904.252990722656 920.669982910156 926.460998535156 927.257995605469 927.200988769531 928.101013183594 939.341979980469 947.044982910156 950.054992675781 946.489013671875 947.984008789062 957.166015625 964.284973144531 971.968017578125 978.337036132812 985.047973632812 996.747009277344 1008.79400634766 1018.90899658203 1030.69396972656 1042.90502929688 1045.88098144531 1042.71594238281 1040.29504394531 1034.873046875 1031.63403320312 1026.38098144531 1018.40698242188 1016.84899902344 1015.41497802734 1019.11199951172 1035.55102539062 1057.29504394531 1074.1650390625 1087.46496582031 1094.33093261719 1094.39099121094 1096.69604492188 1101.38195800781 1108.16198730469 1115.07897949219 1124.17297363281 1129.46496582031 1131.68798828125 1133.7099609375 1129.22302246094 1123.71899414062 1122.26000976562 1119.93005371094 1121.75903320312 1118.89794921875 1118.82995605469
905.846008300781 928.158020019531 935.443969726562 939.760009765625 935.955993652344 933.612976074219 942.549011230469 947.554992675781 950.627014160156 950.692016601562 952.79296875 957.89501953125 964.903991699219 970.039001464844 974.060974121094 977.8330078125 988.391967773438 1002.90399169922 1015.93096923828 1027.35595703125 1041.20104980469 1046.93103027344 1046.16003417969 1040.71105957031 1036.50695800781 1031.24401855469 1027.15100097656 1023.5830078125 1024.54907226562 1028.748046875 1038.3310546875 1048.19604492188 1060.87097167969 1073.79797363281 1082.10498046875 1092.59594726562 1100.26196289062 1106.21496582031 1109.93103027344 1114.95202636719 1119.43896484375 1123.92797851562 1128.27697753906 1129.64001464844 1126.97900390625 1123.76794433594 1118.64099121094 1117.4560546875 1116.90600585938 1118.6259765625 1117.18298339844 1114.90502929688
900.528991699219 919.663024902344 927.908996582031 937.697998046875 938.375 937.372985839844 941.164001464844 943.622985839844 946.29296875 950.966003417969 955.848999023438 961.122985839844 965.738037109375 969.151000976562 970.902038574219 974.526000976562 981.431030273438 996.451965332031 1013.07800292969 1022.84197998047 1030.65698242188 1035.10998535156 1034.75402832031 1031.81604003906 1026.79602050781 1026.291015625 1025.73303222656 1027.0859375 1030.7939453125 1035.55895996094 1043.583984375 1050.38696289062 1057.43701171875 1070.2099609375 1078.94299316406 1084.71997070312 1092.70300292969 1100.81701660156 1106.02197265625 1112.49304199219 1116.14697265625 1117.02502441406 1119.24499511719 1120.66906738281 1119.05102539062 1114.66198730469 1111.52404785156 1112.35998535156 1112.69604492188 1113.59301757812 1112.79602050781 1109.00903320312
890.734985351562 906.171997070312 917.921997070312 921.235961914062 922.002990722656 922.919006347656 926.962036132812 932.302001953125 936.969970703125 943.239990234375 949.971008300781 956.361022949219 961.809997558594 967.051025390625 969.890014648438 971.210998535156 976.138000488281 984.036010742188 999.590026855469 1011.37097167969 1017.42401123047 1023.69897460938 1025.248046875 1022.92602539062 1023.50402832031 1023.29803466797 1027.06896972656 1032.84301757812 1036.94201660156 1044 1048.60192871094 1053.71301269531 1061.15795898438 1071.91394042969 1080.29895019531 1086.51696777344 1092.27099609375 1099.47705078125 1104.44299316406 1110.30993652344 1114.78198242188 1116.29797363281 1113.64599609375 1111.3740234375 1112.3359375 1112.41796875 1110.14001464844 1107.46496582031 1107.10998535156 1108.77099609375 1108.02905273438 1105.28698730469
878.236999511719 885.953979492188 891.091003417969 897.2080078125 902.794982910156 909.281982421875 914.22802734375 918.516967773438 927.27197265625 936.106994628906 941.783996582031 947.382995605469 950.371032714844 957.490966796875 963.114013671875 966.617004394531 970.346984863281 976.731018066406 982.843017578125 995.696044921875 1006.55401611328 1017.06597900391 1021.32800292969 1017.85498046875 1018.3740234375 1024.31396484375 1034.26904296875 1041.38903808594 1047.17797851562 1052.59301757812 1057.03002929688 1062.04797363281 1069.75695800781 1079.14404296875 1088.02697753906 1090.87097167969 1099.69201660156 1107.9560546875 1108.17895507812 1107.42199707031 1109.0400390625 1110.55200195312 1109.26599121094 1108.69494628906 1109.81799316406 1108.68505859375 1107.96496582031 1105.97399902344 1104.57604980469 1108.01501464844 1109.15502929688 1107.93896484375
872.2919921875 876.143005371094 875.442993164062 873.872985839844 879.2919921875 891.773010253906 905.497009277344 915.203979492188 922.432006835938 928.897033691406 934.269958496094 937.164978027344 941.361999511719 946.591003417969 953.140014648438 958.067993164062 960.065002441406 966.596008300781 973.400024414062 983.533996582031 994.481994628906 1007.72698974609 1016.38397216797 1017.24499511719 1018.94000244141 1021.91302490234 1030.76293945312 1045.47595214844 1057.333984375 1063.96801757812 1063.89501953125 1064.42407226562 1073.54504394531 1089.53796386719 1098.03894042969 1099.27404785156 1103.57995605469 1110.60803222656 1111.38195800781 1109.68603515625 1107.79504394531 1112.04797363281 1114.07800292969 1110.09497070312 1109.42297363281 1109.09301757812 1107.36096191406 1105.0400390625 1103.47204589844 1104.71398925781 1107.58801269531 1110.02001953125
871.539001464844 872.398986816406 867.614990234375 860.992980957031 864.4169921875 875.453002929688 894.171020507812 909.976989746094 918.284973144531 922.171020507812 924.676025390625 926.830017089844 931.872985839844 935.859985351562 939.671020507812 943.057006835938 948.507995605469 954.692993164062 962.075988769531 974.338012695312 988.434997558594 1000.93096923828 1008.55499267578 1010.07702636719 1013.47601318359 1022.25598144531 1035.04296875 1047.59802246094 1055.26403808594 1059.10302734375 1064.208984375 1071.08203125 1080.11401367188 1093.81396484375 1103.7109375 1101.3310546875 1099.14099121094 1105.09399414062 1107.50598144531 1107.47204589844 1107.79895019531 1113.20397949219 1116.82897949219 1113.58996582031 1110.64794921875 1108.66796875 1106.40100097656 1104.47094726562 1102.01196289062 1100.71997070312 1103.28198242188 1105.94494628906
878.718017578125 872.851989746094 864.039001464844 857.77099609375 858.861999511719 868.651977539062 885.463012695312 902.807983398438 912.153991699219 916.530029296875 919.023010253906 921.523986816406 924.531982421875 924.382995605469 926.815979003906 931.085021972656 936.539978027344 945.028991699219 953.648986816406 964.248962402344 978.067993164062 991.287963867188 1005.9580078125 1009.30102539062 1015.52697753906 1026.19104003906 1043.22497558594 1049.03295898438 1051.63598632812 1052.21398925781 1056.52294921875 1067.70300292969 1086.14904785156 1099.083984375 1105.62902832031 1107.31701660156 1103.82995605469 1105.01599121094 1109.76501464844 1109.04797363281 1109.416015625 1115.5830078125 1114.32702636719 1112.92504882812 1110.0849609375 1106.36804199219 1101.33898925781 1096.28295898438 1095.58203125 1098.33898925781 1099.48999023438 1097.86499023438
886.52099609375 877.055969238281 869.6669921875 864.059020996094 863.754028320312 870.401000976562 883.343017578125 898.517028808594 905.507995605469 910.041015625 910.300964355469 915.450012207031 915.539001464844 912.888977050781 916.029968261719 925.130004882812 933.468017578125 942.197021484375 951.536987304688 961.328002929688 975.0830078125 986.661987304688 998.033996582031 1007.01300048828 1019.65301513672 1034.02001953125 1047.65502929688 1051.60803222656 1053.64196777344 1051.89599609375 1055.22094726562 1072.57995605469 1093.47497558594 1106.43005371094 1114.06799316406 1116.51000976562 1115.67895507812 1111.67199707031 1114.26794433594 1117.4580078125 1115.74597167969 1115.93298339844 1111.90600585938 1113.04296875 1108.7060546875 1100.791015625 1091.69995117188 1088.46496582031 1088.72094726562 1095.46899414062 1098.12805175781 1096.97705078125
895.795043945312 889.224975585938 880.044982910156 872.744018554688 873.807983398438 877.468017578125 885.996032714844 894.452026367188 901.523010253906 902.690002441406 899.731994628906 905.481994628906 906.275024414062 906.711975097656 912.797973632812 924.984985351562 934.995971679688 944.208984375 954.101013183594 965.234008789062 979.370971679688 989.908996582031 999.960021972656 1008.6259765625 1020.20098876953 1028.51306152344 1040.36499023438 1047.36901855469 1054.73498535156 1054.97204589844 1063.125 1081.15698242188 1103.82104492188 1118.88696289062 1123.63000488281 1125.92602539062 1125.31506347656 1123.43395996094 1121.28503417969 1122.85900878906 1119.373046875 1117.27600097656 1118.55493164062 1118.15698242188 1109.71203613281 1100.94201660156 1088.79895019531 1089.0390625 1090.37902832031 1095.73596191406 1106.17102050781 1106.59997558594
895.773010253906 895.119018554688 891.002014160156 886.828002929688 888.172973632812 888.049987792969 889.68701171875 894.403991699219 899.541015625 904.309020996094 900.989013671875 903.481018066406 907.037963867188 911.302001953125 917.908996582031 925.945007324219 934.945007324219 943.523010253906 955.233032226562 970.951965332031 984.752014160156 997.375 1006.21496582031 1014.09997558594 1020.34301757812 1028.47497558594 1036.70703125 1045.7109375 1052.4150390625 1055.56604003906 1063.98303222656 1079.79504394531 1103.92700195312 1123.94897460938 1133.5390625 1136.416015625 1138.22106933594 1134.22998046875 1131.92199707031 1129.22900390625 1125.57702636719 1123.39599609375 1125.34802246094 1125.25402832031 1120.19006347656 1111.76696777344 1104.38195800781 1102.43994140625 1106.92700195312 1115.30395507812 1123.47302246094 1123.99694824219
890.958984375 889.496032714844 892.171020507812 892.973999023438 889.838989257812 887.885009765625 890.971008300781 896.14599609375 901.798034667969 904.901977539062 903.434997558594 907.380004882812 916.708984375 922.044006347656 924.755981445312 929.200012207031 936.130004882812 945.869018554688 956.56201171875 969.380004882812 981.940002441406 998.139038085938 1010.51501464844 1018.77600097656 1022.73999023438 1031.36596679688 1042.98303222656 1052.81396484375 1049.97302246094 1051.61804199219 1059.19897460938 1072.65197753906 1096.86499023438 1119.99694824219 1133.45202636719 1145.57397460938 1150.30700683594 1147.46997070312 1145.27099609375 1143.90698242188 1138.41101074219 1133.61499023438 1131.82604980469 1132.71997070312 1135.30004882812 1132.19396972656 1130.79699707031 1135.08898925781 1142.76599121094 1149.51599121094 1148.68994140625 1147.77600097656
893.010986328125 895.789978027344 900.626037597656 896.085021972656 891.724975585938 890.371032714844 892.869995117188 897.807006835938 904.947021484375 911.196960449219 913.598999023438 916.059020996094 921.2490234375 924.118957519531 926.739990234375 930.239013671875 937.476989746094 944.705993652344 956.531982421875 971.796997070312 988.333984375 1000.71301269531 1008.50598144531 1020.46002197266 1028.74401855469 1037.70397949219 1047.97705078125 1064.14904785156 1061.30102539062 1051.35900878906 1053.80798339844 1065.67004394531 1094.00695800781 1117 1145.36694335938 1166.74401855469 1172.67700195312 1166.36206054688 1156.27099609375 1153.126953125 1147.59094238281 1140.02502441406 1141.65197753906 1146.06994628906 1148.47998046875 1153.77197265625 1159.55200195312 1166.46496582031 1179.123046875 1187.42102050781 1181.83703613281 1171.58801269531
896.481018066406 900.543029785156 899.839965820312 892.492004394531 880.630981445312 879.820007324219 889.091003417969 896.059997558594 901.7099609375 907.651000976562 914.026977539062 920.541015625 925.02197265625 928.942016601562 932.197998046875 936.558959960938 942.924987792969 948.892028808594 959.970947265625 975.028991699219 992.231018066406 1005.06597900391 1010.13897705078 1017.67401123047 1025.52697753906 1045.06701660156 1060.75402832031 1075.28503417969 1074.44494628906 1059.31799316406 1057.55395507812 1064.03894042969 1084.78002929688 1108.13195800781 1140.04895019531 1162.68896484375 1163.12194824219 1167.93005371094 1166.56799316406 1156.00903320312 1150.63500976562 1147.15502929688 1147.62902832031 1151.4189453125 1151.53002929688 1158.42199707031 1175.16906738281 1194.38903808594 1215.53698730469 1230.56896972656 1222.36096191406 1196.09606933594
900.164978027344 898.66796875 895.948974609375 886.296997070312 869.132019042969 866.599975585938 877.264953613281 883.807983398438 890.796997070312 895.784973144531 905.596984863281 919.526000976562 926.565979003906 931.578002929688 934.830017089844 941.885009765625 948.268981933594 956.799987792969 969.883972167969 980.491027832031 987.791015625 998.114990234375 1007.55596923828 1017.96502685547 1027.97204589844 1045.61303710938 1059.88000488281 1073.94396972656 1078.96801757812 1071.43005371094 1067.39599609375 1074.23303222656 1087.87097167969 1105.45397949219 1125.38000488281 1146.04895019531 1155.583984375 1161.03894042969 1157.86999511719 1155.05493164062 1152.76403808594 1152.0859375 1156.40600585938 1156.82202148438 1153.18395996094 1158.39501953125 1172.24499511719 1191.9990234375 1214.77502441406 1231.23205566406 1223.251953125 1201.70703125
908.929016113281 898.934020996094 888.5849609375 878.551025390625 870.408996582031 870.820007324219 875.68798828125 878.966003417969 884.596984863281 892.762023925781 903.171997070312 915.246032714844 924.546020507812 930.64599609375 937.906982421875 945.476989746094 953.364990234375 962.411010742188 971.036987304688 981.804016113281 990.731018066406 999.470031738281 1011.80102539062 1019.6259765625 1029.11499023438 1041.04895019531 1051.30895996094 1059.48095703125 1069.46606445312 1068.59997558594 1069.13000488281 1076.78796386719 1084.18798828125 1088.46398925781 1093.44494628906 1106.36096191406 1119.96496582031 1134.33801269531 1135.65893554688 1137.72802734375 1142.8349609375 1144.39306640625 1149.76794433594 1152.30700683594 1149.99304199219 1152.23303222656 1164.11206054688 1178.92102050781 1193.47302246094 1201.00500488281 1196.0830078125 1184.17700195312
