layers/tdmean9.asc
NCOLS 421 
NROWS 354 
XLLCORNER -106.645833332895 
YLLCORNER 25.8541666666667 
CELLSIZE 0.0416666666669039 
NODATA_value -3.4e+38 
[rows 46 to 68 of 354, columns 104 to 155 of 421]
-3.4e+38 -3.4e+38 -3.4e+38 -3.4e+38 -3.4e+38 -3.4e+38 -0.179000005125999 -0.13400000333786 -0.0800000056624413 -0.0240000002086163 0.0260000005364418 0.025000000372529 0.0390000008046627 0.0500000007450581 0.124000005424023 0.204000011086464 0.224000006914139 0.283000022172928 0.307000011205673 0.338000029325485 0.381000012159348 0.453000009059906 0.508000016212463 0.567000031471252 0.597000002861023 0.63400000333786 0.664000034332275 0.709000051021576 0.734000027179718 0.770000040531158 0.795000016689301 0.861000061035156 0.89000004529953 0.97900003194809 0.957000017166138 1.05900001525879 1.09600007534027 1.18500006198883 1.21900010108948 1.30600011348724 1.35200011730194 1.35800004005432 1.4190000295639 1.40000009536743 1.46200001239777 1.46400010585785 1.46200001239777 1.45000004768372 1.49800002574921 1.51200008392334 1.56200003623962 1.62100005149841
-3.4e+38 -3.4e+38 -3.4e+38 -3.4e+38 -3.4e+38 -3.4e+38 -0.183000013232231 -0.13000001013279 -0.0820000022649765 -0.0620000027120113 -0.0560000017285347 -0.0300000011920929 0.0110000008717179 0.0290000010281801 0.108000002801418 0.156000003218651 0.191000014543533 0.239000007510185 0.28600001335144 0.327000021934509 0.34400001168251 0.394000023603439 0.489000022411346 0.526000022888184 0.572000026702881 0.635000050067902 0.639000058174133 0.662000060081482 0.691000044345856 0.751000046730042 0.855000019073486 0.866000056266785 0.874000012874603 1.03200006484985 1.03500008583069 1.05300009250641 1.11400008201599 1.17500007152557 1.24800002574921 1.2370001077652 1.25400006771088 1.26800000667572 1.29200005531311 1.29100000858307 1.32000005245209 1.32700002193451 1.34300005435944 1.38000011444092 1.43600010871887 1.49900007247925 1.52500009536743 1.58400011062622
-3.4e+38 -3.4e+38 -3.4e+38 -3.4e+38 -3.4e+38 -3.4e+38 -0.177000001072884 -0.145000010728836 -0.131999999284744 -0.0890000015497208 -0.0780000016093254 -0.0740000009536743 -0.0890000015497208 -0.0190000012516975 0.0490000024437904 0.10300000756979 0.176000013947487 0.205000013113022 0.233000010251999 0.293999999761581 0.340000003576279 0.382000029087067 0.448000013828278 0.474000036716461 0.550000011920929 0.591000020503998 0.677000045776367 0.715000033378601 0.726000010967255 0.74700003862381 0.842000067234039 0.889000058174133 0.963000059127808 1.04200005531311 1.04200005531311 1.05200004577637 1.11800003051758 1.20300006866455 1.23800003528595 1.25200009346008 1.26600003242493 1.29800009727478 1.30900001525879 1.29900002479553 1.31900000572205 1.36000001430511 1.42800009250641 1.47900009155273 1.57700002193451 1.65700006484985 1.61400008201599 1.63900005817413
-3.4e+38 -3.4e+38 -3.4e+38 -3.4e+38 -3.4e+38 -3.4e+38 -0.187000006437302 -0.155000001192093 -0.0810000002384186 -0.0900000035762787 -0.0860000029206276 -0.0860000029206276 -0.0440000034868717 0.00300000002607703 0.0530000030994415 0.109000004827976 0.14300000667572 0.211000010371208 0.243000015616417 0.278000026941299 0.309000015258789 0.343000024557114 0.417000025510788 0.459000021219254 0.47900003194809 0.520000040531158 0.583000004291534 0.637000024318695 0.688000023365021 0.726000010967255 0.732000052928925 0.829000055789948 0.943000018596649 1.00600004196167 0.989000022411346 1.03800010681152 1.10300004482269 1.20700001716614 1.24000000953674 1.27700006961823 1.32500004768372 1.35200011730194 1.33300006389618 1.37500011920929 1.43600010871887 1.48400008678436 1.52500009536743 1.5330001115799 1.56500005722046 1.65400004386902 1.72500002384186 1.76200008392334
-3.4e+38 -3.4e+38 -3.4e+38 -3.4e+38 -3.4e+38 -3.4e+38 -0.15200001001358 -0.174000009894371 -0.140000000596046 -0.105000004172325 -0.0840000063180923 -0.0190000012516975 0.0160000007599592 0.0329999998211861 0.0820000022649765 0.138000011444092 0.175000011920929 0.211000010371208 0.269000023603439 0.271000027656555 0.28600001335144 0.310000002384186 0.392000019550323 0.440000027418137 0.490000009536743 0.520000040531158 0.591000020503998 0.63400000333786 0.684000015258789 0.692000031471252 0.722000062465668 0.826000034809113 0.918000042438507 1.03000009059906 1.0660001039505 1.05099999904633 1.05099999904633 1.11400008201599 1.13800001144409 1.17800009250641 1.22200000286102 1.27600002288818 1.32900011539459 1.36800003051758 1.41200006008148 1.47400009632111 1.50100004673004 1.51800012588501 1.5440000295639 1.60400009155273 1.68100011348724 1.70100009441376
-3.4e+38 -3.4e+38 -3.4e+38 -3.4e+38 -3.4e+38 -3.4e+38 -0.125 -0.114000007510185 -0.104000002145767 -0.107000008225441 -0.0460000038146973 -0.0160000007599592 0.0100000007078052 0.0820000022649765 0.115000002086163 0.150000005960464 0.19200000166893 0.20600001513958 0.239000007510185 0.287000000476837 0.307000011205673 0.343000024557114 0.396000027656555 0.432000011205673 0.483000010251999 0.54200005531311 0.605000019073486 0.624000012874603 0.647000014781952 0.684000015258789 0.734000027179718 0.860000014305115 0.999000072479248 1.03500008583069 1.08500003814697 1.04200005531311 1.01400005817413 1.01500010490417 1.04500007629395 1.10199999809265 1.16100001335144 1.20700001716614 1.22400009632111 1.31800007820129 1.39100003242493 1.47200012207031 1.49700009822845 1.51600003242493 1.55000007152557 1.57400012016296 1.69800007343292 1.74900007247925
-3.4e+38 -3.4e+38 -3.4e+38 -3.4e+38 -3.4e+38 -3.4e+38 -0.0940000042319298 -0.0790000036358833 -0.0570000037550926 -0.0290000010281801 0.00300000002607703 0.0150000005960464 0.0440000034868717 0.0880000069737434 0.104000002145767 0.156000003218651 0.204000011086464 0.208000004291534 0.24600000679493 0.265000015497208 0.263000011444092 0.313000023365021 0.428000032901764 0.489000022411346 0.510000050067902 0.576000034809113 0.567000031471252 0.586000025272369 0.654000043869019 0.717000007629395 0.803000032901764 0.909000039100647 1.02600002288818 1.05000007152557 1.05000007152557 1.03200006484985 1.01500010490417 1.00200009346008 1.03900003433228 1.11000001430511 1.16100001335144 1.15000009536743 1.16600000858307 1.24300003051758 1.32900011539459 1.38000011444092 1.42700004577637 1.45400011539459 1.49100005626678 1.55200004577637 1.67200005054474 1.78700006008148
-3.4e+38 -3.4e+38 -3.4e+38 -3.4e+38 -3.4e+38 -3.4e+38 -0.0830000042915344 -0.0300000011920929 0.00900000054389238 0.0260000005364418 0.0450000017881393 0.0390000008046627 0.0550000034272671 0.102000005543232 0.13900001347065 0.191000014543533 0.221000015735626 0.240000009536743 0.26800000667572 0.26800000667572 0.284000009298325 0.320000022649765 0.368000030517578 0.449000030755997 0.51500004529953 0.623000025749207 0.67600005865097 0.704000055789948 0.732000052928925 0.743000030517578 0.839000046253204 0.930000066757202 1.00100004673004 1.03400003910065 0.977000057697296 0.945000052452087 0.980000019073486 0.974000036716461 1.00100004673004 1.09400010108948 1.12900006771088 1.17900002002716 1.22800004482269 1.24400007724762 1.31200003623962 1.37900006771088 1.43400001525879 1.52900004386902 1.59400010108948 1.6360000371933 1.68800008296967 1.72800004482269
-3.4e+38 -3.4e+38 -3.4e+38 -3.4e+38 -3.4e+38 -3.4e+38 -0.0190000012516975 0.0300000011920929 0.051000002771616 0.0650000050663948 0.0890000015497208 0.0910000056028366 0.110000006854534 0.164000004529953 0.215000003576279 0.22800001502037 0.227000012993813 0.240000009536743 0.267000019550323 0.278000026941299 0.305000007152557 0.347000002861023 0.407000005245209 0.477000027894974 0.570000052452087 0.612000048160553 0.64900004863739 0.698000013828278 0.769000053405762 0.837000012397766 0.898000061511993 0.924000024795532 1 1.03500008583069 1.02799999713898 0.982000052928925 1.00100004673004 1.03800010681152 1.06900000572205 1.11100006103516 1.08200001716614 1.15700006484985 1.18600010871887 1.27400004863739 1.40700006484985 1.50000011920929 1.5330001115799 1.57500004768372 1.67500007152557 1.73200011253357 1.71200013160706 1.77400004863739
-3.4e+38 -3.4e+38 -3.4e+38 -3.4e+38 -3.4e+38 -3.4e+38 0.0580000020563602 0.068000003695488 0.102000005543232 0.114000007510185 0.151000007987022 0.160000011324883 0.181000009179115 0.233000010251999 0.25 0.273000001907349 0.274000018835068 0.270000010728836 0.270000010728836 0.314000010490417 0.345000028610229 0.377000004053116 0.404000014066696 0.456000030040741 0.520000040531158 0.587999999523163 0.662000060081482 0.724000036716461 0.754000008106232 0.817000031471252 0.949000060558319 1.02100002765656 1.03600001335144 1.09400010108948 1.1010000705719 1.03400003910065 1.09400010108948 1.1340000629425 1.11500000953674 1.16500008106232 1.16000008583069 1.15100002288818 1.18400001525879 1.2830001115799 1.3840000629425 1.46400010585785 1.56500005722046 1.6690000295639 1.72800004482269 1.76300013065338 1.80600011348724 1.87600004673004
-3.4e+38 -3.4e+38 -3.4e+38 -3.4e+38 -3.4e+38 -3.4e+38 0.106000006198883 0.0940000042319298 0.125 0.131999999284744 0.169000014662743 0.193000003695488 0.220000013709068 0.256999999284744 0.278000026941299 0.300000011920929 0.315000027418137 0.339000016450882 0.355000019073486 0.365000009536743 0.369000017642975 0.346000015735626 0.396000027656555 0.466000020503998 0.572000026702881 0.636000037193298 0.669000029563904 0.726000010967255 0.795000016689301 0.902000069618225 1.00600004196167 1.09600007534027 1.11900007724762 1.1580001115799 1.14900004863739 1.10400009155273 1.13900005817413 1.16200006008148 1.14200007915497 1.125 1.17000007629395 1.22300004959106 1.32700002193451 1.37100005149841 1.36600005626678 1.4650000333786 1.50400006771088 1.54300010204315 1.61300003528595 1.67100012302399 1.77800011634827 1.9300000667572
-3.4e+38 -3.4e+38 -3.4e+38 -3.4e+38 -3.4e+38 -3.4e+38 0.110000006854534 0.123000003397465 0.133000001311302 0.160000011324883 0.150000005960464 0.164000004529953 0.198000013828278 0.256999999284744 0.293999999761581 0.343000024557114 0.338000029325485 0.367000013589859 0.374000012874603 0.378000020980835 0.405000030994415 0.415000021457672 0.454000025987625 0.502000033855438 0.582000017166138 0.653000056743622 0.694000005722046 0.750000059604645 0.839000046253204 0.950000047683716 1.04800009727478 1.13300001621246 1.18500006198883 1.22000002861023 1.2260000705719 1.18500006198883 1.13700008392334 1.1580001115799 1.18600010871887 1.17500007152557 1.25400006771088 1.36900007724762 1.4300000667572 1.41800010204315 1.46600008010864 1.53400003910065 1.5550000667572 1.64600002765656 1.6470000743866 1.75800013542175 1.82200014591217 1.89400005340576
-3.4e+38 -3.4e+38 -3.4e+38 -3.4e+38 -3.4e+38 -3.4e+38 0.168000012636185 0.142000004649162 0.145000010728836 0.181000009179115 0.154000014066696 0.158000007271767 0.196000009775162 0.254000008106232 0.301000028848648 0.349000006914139 0.35300001502037 0.39300000667572 0.41100001335144 0.42100003361702 0.452000021934509 0.459000021219254 0.539000034332275 0.594000041484833 0.675000011920929 0.726000010967255 0.754000008106232 0.866000056266785 0.958000063896179 1.04800009727478 1.12400007247925 1.19300007820129 1.25 1.26700007915497 1.28900003433228 1.22000002861023 1.17500007152557 1.2260000705719 1.24400007724762 1.26600003242493 1.32800006866455 1.45200002193451 1.57200002670288 1.61300003528595 1.61900007724762 1.64000010490417 1.69900012016296 1.74900007247925 1.77900004386902 1.83100008964539 1.85600006580353 1.93100011348724
-3.4e+38 -3.4e+38 -3.4e+38 -3.4e+38 -3.4e+38 -3.4e+38 0.258000016212463 0.243000015616417 0.239000007510185 0.25900000333786 0.276000022888184 0.239000007510185 0.271000027656555 0.300000011920929 0.308000028133392 0.341000020503998 0.366000026464462 0.367000013589859 0.376000016927719 0.409000009298325 0.484000027179718 0.545000016689301 0.610000014305115 0.609000027179718 0.681000053882599 0.807000041007996 0.87200003862381 0.929000020027161 1.02700006961823 1.10900008678436 1.16400003433228 1.20900011062622 1.26500010490417 1.31000006198883 1.35500001907349 1.28000009059906 1.22200000286102 1.2720000743866 1.31400001049042 1.36000001430511 1.47700011730194 1.59600007534027 1.67300009727478 1.60000002384186 1.57500004768372 1.65900003910065 1.68800008296967 1.75200009346008 1.82000005245209 1.8620001077652 1.80900013446808 1.86900007724762
-3.4e+38 -3.4e+38 -3.4e+38 -3.4e+38 -3.4e+38 -3.4e+38 0.345000028610229 0.334000021219254 0.338000029325485 0.368000030517578 0.378000020980835 0.358000010251999 0.373000025749207 0.413000017404556 0.431000024080276 0.401000022888184 0.405000030994415 0.404000014066696 0.377000004053116 0.416000008583069 0.490000009536743 0.568000018596649 0.656000018119812 0.745000064373016 0.824000060558319 0.889000058174133 0.939000070095062 1.00800001621246 1.06300008296967 1.11100006103516 1.16500008106232 1.2150000333786 1.2960000038147 1.3400000333786 1.3840000629425 1.32100009918213 1.25800001621246 1.31500005722046 1.37700009346008 1.45800006389618 1.49900007247925 1.62900006771088 1.73800003528595 1.62300002574921 1.53700006008148 1.55400002002716 1.62800002098083 1.70400011539459 1.74800002574921 1.77100002765656 1.7940000295639 1.85400009155273
-3.4e+38 -3.4e+38 -3.4e+38 -3.4e+38 -3.4e+38 -3.4e+38 0.483000010251999 0.455000013113022 0.443000018596649 0.445000022649765 0.413000017404556 0.430000007152557 0.434000015258789 0.484000027179718 0.489000022411346 0.487000018358231 0.456000030040741 0.495000034570694 0.465000033378601 0.445000022649765 0.481000036001205 0.562000036239624 0.660000026226044 0.745000064373016 0.80100005865097 0.932000041007996 1.06500005722046 1.14100003242493 1.12400007247925 1.1450001001358 1.1690000295639 1.23000001907349 1.27900004386902 1.31500005722046 1.3950001001358 1.40100002288818 1.33500003814697 1.37600004673004 1.47000002861023 1.52300012111664 1.57400012016296 1.64000010490417 1.64400005340576 1.64400005340576 1.55800008773804 1.59300005435944 1.62600004673004 1.67400002479553 1.72300004959106 1.74600005149841 1.8160001039505 1.84100008010864
-3.4e+38 -3.4e+38 -3.4e+38 -3.4e+38 -3.4e+38 -3.4e+38 0.5 0.513999998569489 0.554000020027161 0.566000044345856 0.598000049591064 0.600000023841858 0.573000013828278 0.586000025272369 0.559000015258789 0.603000044822693 0.562000036239624 0.570000052452087 0.560000002384186 0.574000000953674 0.525000035762787 0.593000054359436 0.659000039100647 0.73800003528595 0.852000057697296 0.996000051498413 1.14200007915497 1.20100009441376 1.20300006866455 1.21900010108948 1.24400007724762 1.29500007629395 1.33000004291534 1.3620001077652 1.41400003433228 1.54500007629395 1.44300007820129 1.47200012207031 1.5220000743866 1.57200002670288 1.61400008201599 1.63000011444092 1.64300012588501 1.67100012302399 1.6470000743866 1.6560001373291 1.70100009441376 1.72200012207031 1.76800012588501 1.78200006484985 1.81400012969971 1.85900008678436
-3.4e+38 -3.4e+38 -3.4e+38 -3.4e+38 -3.4e+38 -3.4e+38 0.461000025272369 0.508000016212463 0.548000037670135 0.569000005722046 0.592000007629395 0.625 0.64000004529953 0.704000055789948 0.718000054359436 0.745000064373016 0.767000019550323 0.763000011444092 0.702000021934509 0.669000029563904 0.650000035762787 0.632000029087067 0.701000034809113 0.835000038146973 0.975000023841858 1.15400004386902 1.24100005626678 1.26900005340576 1.29500007629395 1.27100002765656 1.2720000743866 1.28800010681152 1.34300005435944 1.38100004196167 1.44600009918213 1.61600005626678 1.56000006198883 1.50500011444092 1.55900001525879 1.59700012207031 1.61500012874603 1.61600005626678 1.63300013542175 1.6450001001358 1.69600009918213 1.69400012493134 1.6910001039505 1.72400009632111 1.75800013542175 1.79100012779236 1.83400011062622 1.88900005817413
-3.4e+38 -3.4e+38 -3.4e+38 -3.4e+38 -3.4e+38 -3.4e+38 0.400000005960464 0.445000022649765 0.434000015258789 0.457000017166138 0.47900003194809 0.50900000333786 0.547000050544739 0.599000036716461 0.665000021457672 0.748000025749207 0.812000036239624 0.862000048160553 0.883000016212463 0.882000029087067 0.830000042915344 0.789000034332275 0.753000020980835 0.939000070095062 1.14300000667572 1.20400011539459 1.24100005626678 1.24500000476837 1.25400006771088 1.21700000762939 1.21800005435944 1.29700005054474 1.32400012016296 1.36500000953674 1.42000007629395 1.54300010204315 1.68600010871887 1.68900012969971 1.62900006771088 1.62700009346008 1.63100004196167 1.6340000629425 1.64900004863739 1.69900012016296 1.70500004291534 1.70400011539459 1.70400011539459 1.71900010108948 1.74300003051758 1.7700001001358 1.82000005245209 1.87500011920929
-3.4e+38 -3.4e+38 -3.4e+38 -3.4e+38 -3.4e+38 -3.4e+38 0.405000030994415 0.41100001335144 0.405000030994415 0.400000005960464 0.420000016689301 0.434000015258789 0.467000007629395 0.494000017642975 0.569000005722046 0.624000012874603 0.630000054836273 0.733000040054321 0.852000057697296 0.895000040531158 0.939000070095062 1.01400005817413 1.11600005626678 1.15100002288818 1.15500009059906 1.17800009250641 1.21600008010864 1.20800006389618 1.23900008201599 1.28000009059906 1.27400004863739 1.29900002479553 1.31500005722046 1.34200000762939 1.39000010490417 1.50500011444092 1.57700002193451 1.72200012207031 1.81700003147125 1.82200014591217 1.80800008773804 1.78000009059906 1.74200010299683 1.71100008487701 1.71200013160706 1.69000005722046 1.6800000667572 1.70400011539459 1.72900009155273 1.78900003433228 1.80400013923645 1.8840000629425
-3.4e+38 -3.4e+38 -3.4e+38 -3.4e+38 -3.4e+38 -3.4e+38 0.443000018596649 0.502000033855438 0.53600001335144 0.52700001001358 0.495000034570694 0.489000022411346 0.48800003528595 0.53600001335144 0.567000031471252 0.614000022411346 0.615000009536743 0.579000055789948 0.711000025272369 0.800000011920929 0.933000028133392 1.0460000038147 1.13900005817413 1.18900001049042 1.18500006198883 1.20500004291534 1.22700011730194 1.23100006580353 1.24200010299683 1.26500010490417 1.2830001115799 1.2960000038147 1.33900010585785 1.3840000629425 1.43800008296967 1.5200001001358 1.57600009441376 1.64900004863739 1.68900012969971 1.7350001335144 1.7610000371933 1.8050000667572 1.8510000705719 1.82900011539459 1.76200008392334 1.67700004577637 1.67600011825562 1.6690000295639 1.6910001039505 1.75400006771088 1.8160001039505 1.91000008583069
-3.4e+38 -3.4e+38 -3.4e+38 -3.4e+38 -3.4e+38 -3.4e+38 0.480000019073486 0.529000043869019 0.552000045776367 0.60400003194809 0.660000026226044 0.648000001907349 0.617000043392181 0.638000011444092 0.648000001907349 0.65200001001358 0.699000060558319 0.730000019073486 0.714000046253204 0.795000016689301 0.898000061511993 0.956000030040741 1.08800005912781 1.13200008869171 1.17500007152557 1.2370001077652 1.27300000190735 1.2960000038147 1.27400004863739 1.27700006961823 1.30300009250641 1.32900011539459 1.34600007534027 1.36900007724762 1.4300000667572 1.51700007915497 1.55100011825562 1.60600006580353 1.6580001115799 1.67900013923645 1.70700013637543 1.70800006389618 1.72100007534027 1.70700013637543 1.69500005245209 1.72000002861023 1.77300012111664 1.80200004577637 1.84100008010864 1.86600005626678 1.91000008583069 1.96400010585785
-3.4e+38 -3.4e+38 -3.4e+38 -3.4e+38 -3.4e+38 -3.4e+38 0.46900001168251 0.510000050067902 0.574000000953674 0.625 0.716000020503998 0.787000060081482 0.857000052928925 0.849000036716461 0.850000023841858 0.813000023365021 0.843000054359436 0.927000045776367 0.934000015258789 0.946000039577484 0.98500007390976 1.03100001811981 1.11900007724762 1.10400009155273 1.10600006580353 1.14400005340576 1.16500008106232 1.18600010871887 1.21800005435944 1.23200011253357 1.2590000629425 1.30800008773804 1.37500011920929 1.44200003147125 1.48300004005432 1.5090000629425 1.5440000295639 1.56400012969971 1.61400008201599 1.65000009536743 1.69300007820129 1.70500004291534 1.7150000333786 1.69900012016296 1.65300011634827 1.65000009536743 1.67500007152557 1.71700012683868 1.76400005817413 1.83000004291534 1.88100004196167 1.97800004482269
