layers/tdmean9.asc
NCOLS 421 
NROWS 354 
XLLCORNER -106.645833332895 
YLLCORNER 25.8541666666667 
CELLSIZE 0.0416666666669039 
NODATA_value -3.4e+38 
[rows 23 to 45 of 354, columns 260 to 311 of 421]
3.93100023269653 3.97300028800964 4.03299999237061 4.0770001411438 4.08700037002563 4.08700037002563 4.0789999961853 4.09600019454956 4.09000015258789 4.09400033950806 4.16300010681152 4.21300029754639 4.31100034713745 4.35200023651123 4.36800003051758 4.40200042724609 4.3270001411438 4.29000043869019 4.26700019836426 4.26000022888184 4.25600004196167 4.34700012207031 4.32300043106079 4.32000017166138 4.27800035476685 4.15200042724609 4.07100009918213 4.12400007247925 4.03999996185303 4.01500034332275 3.91500020027161 3.90000009536743 4.014000415802 3.96600008010864 3.90500020980835 4.00400018692017 3.88400030136108 3.96900010108948 3.91200017929077 3.79100012779236 3.76200008392334 3.74900007247925 3.74000024795532 3.79100012779236 3.74700021743774 3.73100018501282 3.68800020217896 3.74300026893616 3.82500028610229 3.88700008392334 3.92400026321411 3.91500020027161
4.00600004196167 4.10700035095215 4.10900020599365 4.11300039291382 4.11199998855591 4.15700006484985 4.22900009155273 4.18000030517578 4.19900035858154 4.2350001335144 4.25400018692017 4.27500009536743 4.33700037002563 4.36600017547607 4.46500015258789 4.41600036621094 4.40700006484985 4.36700010299683 4.39200019836426 4.41700029373169 4.41600036621094 4.47700023651123 4.51100015640259 4.47700023651123 4.27800035476685 4.24500036239624 4.07100009918213 4.05400037765503 3.98900008201599 3.97900009155273 4.01500034332275 4.08500003814697 3.98200011253357 3.93500018119812 3.98000025749207 4.0310001373291 4.00600004196167 4.04800033569336 4 3.89900016784668 3.8270001411438 3.80700016021729 3.79500007629395 3.80200028419495 3.79800009727478 3.77000021934509 3.77300024032593 3.83400011062622 3.89300012588501 3.85300016403198 3.87000012397766 3.89400029182434
4.1100001335144 4.23200035095215 4.29300022125244 4.36900043487549 4.34800004959106 4.29800033569336 4.39499998092651 4.34000015258789 4.30600023269653 4.32500028610229 4.35200023651123 4.35400009155273 4.35200023651123 4.4810004234314 4.53700017929077 4.48800039291382 4.48900032043457 4.44900035858154 4.44400024414062 4.45600032806396 4.46400022506714 4.51900005340576 4.53400039672852 4.44900035858154 4.31500005722046 4.32000017166138 4.13800001144409 4.0460000038147 4.15000009536743 4.18200016021729 4.18100023269653 4.08200025558472 3.98900008201599 3.99500012397766 4 4.00500011444092 4.08400011062622 4.03999996185303 3.97700023651123 3.90900015830994 3.90100026130676 3.82900023460388 3.81700015068054 3.82500028610229 3.83500027656555 3.83200025558472 3.84400010108948 3.88000011444092 3.92700028419495 3.84000015258789 3.90700030326843 3.88800024986267
4.19900035858154 4.22900009155273 4.28900003433228 4.32800006866455 4.37000036239624 4.4830002784729 4.53500032424927 4.4040002822876 4.33500003814697 4.37000036239624 4.4350004196167 4.41200017929077 4.46900033950806 4.53400039672852 4.60700035095215 4.60500001907349 4.60900020599365 4.56800031661987 4.4539999961853 4.46400022506714 4.55500030517578 4.52200031280518 4.56500005722046 4.42400026321411 4.37200021743774 4.47600030899048 4.24400043487549 4.11899995803833 4.15900039672852 4.2020001411438 4.19800043106079 4.18400001525879 4.0930004119873 4.02300024032593 4.04700040817261 4.05200004577637 4.1100001335144 4.10300016403198 4.02800035476685 3.96600008010864 3.91200017929077 3.88900017738342 3.8490002155304 3.86900019645691 3.89500021934509 3.87400007247925 3.89500021934509 3.91800022125244 3.89900016784668 3.97500014305115 4.04700040817261 4.01999998092651
4.23900032043457 4.35100030899048 4.38400030136108 4.44500017166138 4.43900012969971 4.47100019454956 4.56900024414062 4.46100044250488 4.49000024795532 4.44000005722046 4.42200040817261 4.4830002784729 4.54900026321411 4.57300043106079 4.58000040054321 4.60100030899048 4.65799999237061 4.69000005722046 4.639000415802 4.46900033950806 4.54000043869019 4.51700019836426 4.58300018310547 4.46000003814697 4.46500015258789 4.41400003433228 4.37000036239624 4.3580002784729 4.31800031661987 4.26100015640259 4.32300043106079 4.26700019836426 4.21500015258789 4.16400003433228 4.17500019073486 4.139000415802 4.139000415802 4.20900011062622 4.15500020980835 4.10700035095215 3.94800019264221 3.91800022125244 3.94100022315979 3.93900012969971 3.94400024414062 3.90900015830994 3.89000010490417 3.95400023460388 3.98600029945374 4.02200031280518 4.09500026702881 4.08100032806396
4.2039999961853 4.29900026321411 4.35900020599365 4.37200021743774 4.39600038528442 4.49900007247925 4.57600021362305 4.58500003814697 4.5930004119873 4.55500030517578 4.57000017166138 4.58500003814697 4.60500001907349 4.64300012588501 4.63200044631958 4.65500020980835 4.67900037765503 4.71400022506714 4.71400022506714 4.68400001525879 4.61700010299683 4.61199998855591 4.62400007247925 4.62400007247925 4.58300018310547 4.58500003814697 4.59100008010864 4.4810004234314 4.41400003433228 4.375 4.40700006484985 4.36100006103516 4.32400035858154 4.29800033569336 4.29300022125244 4.16499996185303 4.15100002288818 4.18100023269653 4.15500020980835 4.09200000762939 4.02700042724609 3.99300026893616 3.94600009918213 3.96500015258789 3.98800015449524 3.97900009155273 3.9370002746582 3.94900012016296 4.04400014877319 4.06300020217896 4.14100027084351 4.1710000038147
4.24400043487549 4.29800033569336 4.37000036239624 4.39100027084351 4.50900030136108 4.57000017166138 4.60400009155273 4.66800022125244 4.65000009536743 4.63000011444092 4.65900039672852 4.65500020980835 4.65799999237061 4.63100004196167 4.67400026321411 4.71900033950806 4.71500015258789 4.7039999961853 4.71700000762939 4.69400024414062 4.74400043487549 4.82400035858154 4.85700035095215 4.7790002822876 4.74400043487549 4.69400024414062 4.60200023651123 4.58400011062622 4.51200008392334 4.4810004234314 4.41500043869019 4.29800033569336 4.27800035476685 4.30100011825562 4.34899997711182 4.24700021743774 4.18400001525879 4.1870002746582 4.10000038146973 4.09500026702881 4.03500032424927 4.04400014877319 3.99400019645691 3.99600028991699 4.03600025177002 4.04400014877319 4.02500009536743 4.05299997329712 4.08300018310547 4.13000011444092 4.16499996185303 4.2310004234314
4.36500024795532 4.35400009155273 4.35900020599365 4.52700042724609 4.56100034713745 4.6230001449585 4.64800024032593 4.70300006866455 4.72300004959106 4.72800016403198 4.70000028610229 4.70100021362305 4.6560001373291 4.64600038528442 4.70800018310547 4.76200008392334 4.74900007247925 4.76300001144409 4.74500036239624 4.68800020217896 4.73900032043457 4.79700040817261 4.90900039672852 4.76600027084351 4.74700021743774 4.63200044631958 4.58300018310547 4.5770001411438 4.51300001144409 4.42600011825562 4.37800025939941 4.3120002746582 4.3600001335144 4.42400026321411 4.38100004196167 4.36500024795532 4.32100009918213 4.2330002784729 4.25699996948242 4.25800037384033 4.26900005340576 4.17900037765503 4.12900018692017 4.04300022125244 4.02100038528442 4.03500032424927 4.09400033950806 4.14200019836426 4.14000034332275 4.17200040817261 4.19900035858154 4.2480001449585
4.43200016021729 4.52600002288818 4.44800043106079 4.53000020980835 4.60400009155273 4.64800024032593 4.68300008773804 4.73000001907349 4.81900024414062 4.80900001525879 4.74500036239624 4.68900012969971 4.66800022125244 4.70700025558472 4.75300025939941 4.78900003433228 4.75800037384033 4.76100015640259 4.75900030136108 4.77400016784668 4.76000022888184 4.7790002822876 4.875 4.83100032806396 4.75400018692017 4.65799999237061 4.61600017547607 4.56400012969971 4.51100015640259 4.4539999961853 4.39700031280518 4.38800001144409 4.40000009536743 4.38100004196167 4.40200042724609 4.38300037384033 4.39900016784668 4.39200019836426 4.35200023651123 4.35100030899048 4.39200019836426 4.30299997329712 4.12600040435791 4.08700037002563 4.05800008773804 4.08000040054321 4.16900014877319 4.23699998855591 4.26500034332275 4.29900026321411 4.28299999237061 4.27700042724609
4.54500007629395 4.68900012969971 4.59900045394897 4.72400045394897 4.77800035476685 4.78299999237061 4.764000415802 4.78600025177002 4.88500022888184 4.77700042724609 4.76900005340576 4.75400018692017 4.7350001335144 4.71500015258789 4.764000415802 4.79000043869019 4.81600046157837 4.80400037765503 4.77000045776367 4.75400018692017 4.71200037002563 4.7810001373291 4.85000038146973 4.91300010681152 4.78400039672852 4.75500011444092 4.68000030517578 4.61600017547607 4.58000040054321 4.55300045013428 4.57300043106079 4.62800025939941 4.6080002784729 4.6100001335144 4.61400032043457 4.57100009918213 4.56599998474121 4.58300018310547 4.52600002288818 4.45900011062622 4.44400024414062 4.36600017547607 4.28500032424927 4.14700031280518 4.13500022888184 4.18900012969971 4.20300006866455 4.27200031280518 4.31900024414062 4.33300018310547 4.34000015258789 4.3270001411438
4.74100017547607 4.75900030136108 4.76500034332275 4.81600046157837 4.85200023651123 4.83300018310547 4.83100032806396 4.82300043106079 4.89300012588501 4.7960000038147 4.83100032806396 4.80900001525879 4.76200008392334 4.77700042724609 4.79300022125244 4.80100011825562 4.81100034713745 4.80400037765503 4.77500009536743 4.77000045776367 4.73000001907349 4.75400018692017 4.7960000038147 4.89600038528442 4.93900012969971 4.82100009918213 4.81400012969971 4.71900033950806 4.764000415802 4.69500017166138 4.72200012207031 4.86100006103516 4.875 4.86400032043457 4.82400035858154 4.7330002784729 4.7020001411438 4.66100025177002 4.60100030899048 4.51999998092651 4.40100002288818 4.34500026702881 4.30400037765503 4.17000007629395 4.1560001373291 4.22300004959106 4.25100040435791 4.30400037765503 4.32600021362305 4.38400030136108 4.4060001373291 4.41400003433228
4.90700006484985 4.82000017166138 4.88000011444092 4.875 4.89500045776367 4.90200042724609 4.875 4.86900043487549 4.94300031661987 4.87000036239624 4.85400009155273 4.79500007629395 4.84000015258789 4.83100032806396 4.81500005722046 4.80600023269653 4.80000019073486 4.80600023269653 4.75700044631958 4.74900007247925 4.71500015258789 4.69099998474121 4.77200031280518 4.8289999961853 4.8560004234314 4.88500022888184 4.91600036621094 4.94600009918213 4.9210000038147 4.8430004119873 4.87200021743774 4.89400005340576 4.97300004959106 5.01200008392334 4.92900037765503 4.76200008392334 4.66200017929077 4.61300039291382 4.6100001335144 4.5770001411438 4.5 4.41400003433228 4.26500034332275 4.17900037765503 4.20700025558472 4.3100004196167 4.43200016021729 4.44500017166138 4.46000003814697 4.4370002746582 4.42600011825562 4.44900035858154
5.02800035476685 4.9980001449585 5.05200004577637 5.00400018692017 4.96600008010864 4.96100044250488 4.90500020980835 4.91900014877319 4.96900033950806 4.96000003814697 4.89200019836426 4.87000036239624 4.89700031280518 4.8580002784729 4.81400012969971 4.79900026321411 4.80400037765503 4.78200006484985 4.75 4.72100019454956 4.72500038146973 4.74900007247925 4.77400016784668 4.80400037765503 4.82100009918213 4.84500026702881 4.88500022888184 4.86200046539307 4.98000001907349 5.05700016021729 5.03200006484985 5.07400035858154 5.01500034332275 4.7790002822876 4.7350001335144 4.70600032806396 4.69000005722046 4.6540002822876 4.65200042724609 4.61500024795532 4.58500003814697 4.53400039672852 4.37800025939941 4.34100008010864 4.34899997711182 4.47300004959106 4.53500032424927 4.514000415802 4.51100015640259 4.52100038528442 4.52100038528442 4.52800035476685
5.09900045394897 5.1060004234314 5.1850004196167 5.26600027084351 5.22300004959106 5.15700006484985 5.06400012969971 5.03500032424927 5.04900026321411 5.0460000038147 4.96600008010864 4.889000415802 4.86100006103516 4.86900043487549 4.87100028991699 4.82300043106079 4.81900024414062 4.79900026321411 4.72900009155273 4.72500038146973 4.80100011825562 4.79700040817261 4.83900022506714 4.8600001335144 4.91700029373169 5.02100038528442 5.04700040817261 5.07100009918213 5.07500028610229 4.9680004119873 4.92900037765503 4.98900032043457 4.85200023651123 4.68200016021729 4.7790002822876 4.8560004234314 4.7180004119873 4.66100025177002 4.67400026321411 4.67300033569336 4.66100025177002 4.58000040054321 4.54000043869019 4.47500038146973 4.52500009536743 4.53500032424927 4.60200023651123 4.57200002670288 4.53299999237061 4.56400012969971 4.60500001907349 4.64100027084351
4.89700031280518 4.96600008010864 5.09200000762939 5.14400005340576 5.12500047683716 5.13000011444092 5.09600019454956 4.97400045394897 4.92000007629395 4.9850001335144 5.07600021362305 5.0930004119873 5.00900030136108 4.91200017929077 4.89600038528442 4.8580002784729 4.77600002288818 4.73400020599365 4.68600034713745 4.74900007247925 4.79000043869019 4.87200021743774 4.88800001144409 4.95800018310547 4.97000026702881 4.9040002822876 4.8289999961853 4.875 4.91000032424927 4.99100017547607 5.02800035476685 4.99500036239624 4.80000019073486 4.76100015640259 4.80300045013428 4.8430004119873 4.66700029373169 4.66600036621094 4.67500019073486 4.66600036621094 4.63500022888184 4.58300018310547 4.56700038909912 4.55700016021729 4.67700004577637 4.65799999237061 4.66800022125244 4.64300012588501 4.58800029754639 4.63500022888184 4.62100028991699 4.59800004959106
4.87100028991699 4.92900037765503 5.0770001411438 5.00600004196167 5.01800012588501 5 4.95500040054321 4.88000011444092 4.88100004196167 4.87600040435791 4.90100002288818 4.95500040054321 5.00100040435791 4.98600006103516 4.94700002670288 4.91800022125244 4.85900020599365 4.76100015640259 4.66500043869019 4.62600040435791 4.70700025558472 4.81900024414062 4.85000038146973 4.88400030136108 4.94200038909912 4.89500045776367 4.84600019454956 4.82500028610229 4.89000034332275 4.9210000038147 5.02200031280518 4.90900039672852 4.82300043106079 4.88400030136108 4.77700042724609 4.75500011444092 4.69500017166138 4.7020001411438 4.71000003814697 4.6870002746582 4.64800024032593 4.60400009155273 4.5 4.57200002670288 4.69600009918213 4.64700031280518 4.63600015640259 4.6560001373291 4.66300010681152 4.6540002822876 4.63200044631958 4.66900014877319
4.74600028991699 4.79700040817261 4.94500017166138 4.95900011062622 4.95000028610229 4.90500020980835 4.89400005340576 4.93100023269653 4.94900035858154 4.97000026702881 4.91100025177002 4.93100023269653 4.93300008773804 4.92500019073486 4.94000005722046 4.88400030136108 4.82400035858154 4.764000415802 4.7480001449585 4.75200033187866 4.75100040435791 4.79400014877319 4.89700031280518 4.90700006484985 4.93400001525879 4.93300008773804 4.94000005722046 4.9680004119873 4.96300029754639 5.03400039672852 5.01000022888184 4.84400033950806 4.89700031280518 4.85100030899048 4.65000009536743 4.72500038146973 4.71200037002563 4.72000026702881 4.72900009155273 4.66600036621094 4.7020001411438 4.74000024795532 4.58800029754639 4.58900022506714 4.69500017166138 4.69200038909912 4.67200040817261 4.67900037765503 4.71000003814697 4.68200016021729 4.72100019454956 4.73400020599365
4.7310004234314 4.89200019836426 4.91800022125244 4.90900039672852 4.9350004196167 4.96400022506714 4.97800016403198 5.00600004196167 4.97600030899048 5.02400016784668 5.01700019836426 5.04500007629395 5.06400012969971 4.99500036239624 4.95500040054321 4.89900016784668 4.87000036239624 4.85700035095215 4.8120002746582 4.77700042724609 4.81600046157837 4.8430004119873 4.86700010299683 4.92800045013428 4.94000005722046 4.95800018310547 5.01600027084351 5.01000022888184 5.05900001525879 5.05000019073486 4.9040002822876 4.87900018692017 4.9370002746582 4.82400035858154 4.66400003433228 4.71200037002563 4.72900009155273 4.74200010299683 4.72400045394897 4.67300033569336 4.72100019454956 4.83900022506714 4.74900007247925 4.65300035476685 4.68800020217896 4.71900033950806 4.75 4.75500011444092 4.75900030136108 4.76500034332275 4.7330002784729 4.68400001525879
4.80700016021729 4.91200017929077 4.94300031661987 4.91200017929077 4.92400026321411 4.89700031280518 4.9850001335144 4.98400020599365 4.93100023269653 4.96500015258789 4.92400026321411 4.98000001907349 4.95900011062622 4.96300029754639 4.96900033950806 4.98400020599365 4.9850001335144 4.92300033569336 4.86600017547607 4.81700038909912 4.84600019454956 4.89300012588501 4.88000011444092 4.93400001525879 4.93000030517578 4.96200037002563 4.99900007247925 5.01900005340576 5.01600027084351 4.98600006103516 4.83000040054321 4.91000032424927 4.89100027084351 4.8270001411438 4.76600027084351 4.75900030136108 4.75500011444092 4.72300004959106 4.75300025939941 4.76600027084351 4.80800008773804 4.86600017547607 4.764000415802 4.70800018310547 4.67300033569336 4.67700004577637 4.75900030136108 4.76200008392334 4.78400039672852 4.8100004196167 4.76800012588501 4.68800020217896
4.62700033187866 4.74400043487549 4.79300022125244 4.78700017929077 4.81500005722046 4.86400032043457 4.82300043106079 4.88700008392334 4.91400003433228 4.84000015258789 4.87900018692017 4.86400032043457 4.85300016403198 4.87700033187866 4.92600011825562 4.98400020599365 5.02800035476685 4.97500038146973 4.94000005722046 4.89400005340576 4.89700031280518 4.89000034332275 4.90200042724609 4.91000032424927 4.91500043869019 4.95900011062622 4.94800043106079 4.99000024795532 5.01600027084351 4.81900024414062 4.76200008392334 4.80300045013428 4.83700037002563 4.81800031661987 4.82200002670288 4.81900024414062 4.79900026321411 4.79200029373169 4.80900001525879 4.80000019073486 4.76000022888184 4.78700017929077 4.66900014877319 4.68900012969971 4.70800018310547 4.72900009155273 4.76000022888184 4.78500032424927 4.79500007629395 4.79300022125244 4.76100015640259 4.69600009918213
4.62700033187866 4.7039999961853 4.72900009155273 4.71900033950806 4.69800043106079 4.69099998474121 4.73000001907349 4.80600023269653 4.79300022125244 4.78400039672852 4.79200029373169 4.80900001525879 4.83200025558472 4.82400035858154 4.97000026702881 5.05900001525879 5.05600023269653 5.01000022888184 4.99300003051758 4.94600009918213 4.90800046920776 4.91200017929077 4.90200042724609 4.91500043869019 4.92000007629395 4.90900039672852 4.91700029373169 4.92000007629395 4.88200044631958 4.84600019454956 4.8289999961853 4.82000017166138 4.80900001525879 4.81600046157837 4.84100008010864 4.84200000762939 4.74000024795532 4.75400018692017 4.79100036621094 4.75200033187866 4.75500011444092 4.73900032043457 4.65200042724609 4.67700004577637 4.7020001411438 4.75300025939941 4.79700040817261 4.85400009155273 4.8600001335144 4.83300018310547 4.8100004196167 4.77100038528442
4.73900032043457 4.74300003051758 4.73000001907349 4.82100009918213 4.80800008773804 4.72900009155273 4.74000024795532 4.78400039672852 4.79500007629395 4.80800008773804 4.84000015258789 4.83300018310547 4.86100006103516 4.88600015640259 5.00400018692017 5.02400016784668 5.08800029754639 5.03900003433228 4.9850001335144 4.94300031661987 4.92000007629395 4.92400026321411 4.9060001373291 4.91000032424927 4.91900014877319 4.91800022125244 4.91800022125244 4.91900014877319 4.89700031280518 4.875 4.90000009536743 4.89400005340576 4.85400009155273 4.84400033950806 4.84500026702881 4.84500026702881 4.81800031661987 4.76600027084351 4.73800039291382 4.73400020599365 4.77100038528442 4.7790002822876 4.72500038146973 4.7039999961853 4.74900007247925 4.81700038909912 4.89500045776367 4.89600038528442 4.85100030899048 4.89300012588501 4.86700010299683 4.85700035095215
4.78000020980835 4.77800035476685 4.79300022125244 4.79400014877319 4.9210000038147 4.83200025558472 4.78900003433228 4.83600044250488 4.85000038146973 4.81500005722046 4.86900043487549 4.91000032424927 4.85900020599365 4.95100021362305 5.03300046920776 5.0290002822876 5.04400014877319 5.03800010681152 4.98400020599365 4.95800018310547 4.95900011062622 4.94400024414062 4.90500020980835 4.89700031280518 4.87900018692017 4.91200017929077 4.91400003433228 4.92600011825562 4.94400024414062 4.97700023651123 4.99400043487549 4.97000026702881 4.92700004577637 4.87600040435791 4.89200019836426 4.89000034332275 4.85400009155273 4.84700012207031 4.80800008773804 4.73000001907349 4.75300025939941 4.76500034332275 4.77400016784668 4.79200029373169 4.83400011062622 4.87900018692017 4.889000415802 4.86700010299683 4.88600015640259 4.9060001373291 4.91700029373169 4.95100021362305
