layers/tdmean11.asc
NCOLS 421 
NROWS 354 
XLLCORNER -106.645833332895 
YLLCORNER 25.8541666666667 
CELLSIZE 0.0416666666669039 
NODATA_value -3.4e+38 
[rows 92 to 114 of 354, columns 255 to 305 of 421]
6.639000415802 6.639000415802 6.64900016784668 6.79100036621094 6.83100032806396 6.90900039672852 7.02500009536743 6.86500024795532 6.92100048065186 7.00500011444092 6.98200035095215 6.889000415802 6.85200023651123 6.81500053405762 6.79400014877319 6.7160005569458 6.60000038146973 6.72400045394897 6.84700012207031 6.89200019836426 6.93000030517578 6.95100021362305 6.97500038146973 7.0290002822876 7.05500030517578 7.13400030136108 7.18800020217896 7.20800018310547 7.20700025558472 7.19900035858154 7.22100019454956 7.14700031280518 7.01600027084351 6.92300033569336 6.85100030899048 6.86300039291382 6.8410005569458 6.78500032424927 6.74300050735474 6.68900012969971 6.67300033569336 6.78900051116943 6.75200033187866 6.73600053787231 6.81100034713745 6.8870005607605 6.93100023269653 6.95900011062622 6.98800039291382 6.9350004196167 6.88400030136108
6.55500030517578 6.59500026702881 6.65800046920776 6.7310004234314 6.7330002784729 6.89400053024292 6.98700046539307 6.91200017929077 6.93200016021729 7.00600051879883 6.9830002784729 6.91600036621094 6.92800045013428 6.92300033569336 6.97900056838989 6.90700054168701 6.77600049972534 6.83600044250488 6.85500049591064 6.91000032424927 6.93900012969971 6.98400020599365 7.01900053024292 7.06500053405762 7.11500024795532 7.14900016784668 7.22500038146973 7.22700023651123 7.20900011062622 7.23400020599365 7.38300037384033 7.12600040435791 7.04400014877319 7.02100038528442 7.00700044631958 6.87700033187866 6.79800033569336 6.78600025177002 6.73000049591064 6.79400014877319 6.70000028610229 6.75600051879883 6.7180004119873 6.67900037765503 6.75000047683716 6.81400012969971 6.83800029754639 6.84500026702881 6.81400012969971 6.76700019836426 6.75300025939941
6.59900045394897 6.56800031661987 6.57800054550171 6.65300035476685 6.68400049209595 6.76500034332275 6.89300012588501 6.95100021362305 6.90500020980835 6.91200017929077 6.92300033569336 6.86400032043457 6.88300037384033 6.95800018310547 7.03600025177002 6.99900054931641 6.89900016784668 6.91700029373169 6.95000028610229 6.9330005645752 6.93900012969971 6.9680004119873 7.01600027084351 7.07600021362305 7.15000057220459 7.16200017929077 7.24200057983398 7.24300050735474 7.30900049209595 7.46000051498413 7.50200033187866 7.46900033950806 7.43900012969971 7.28300046920776 7.10400056838989 6.89100027084351 6.80600023269653 6.82000017166138 6.8730001449585 6.77000045776367 6.67300033569336 6.61300039291382 6.66600036621094 6.67600011825562 6.74400043487549 6.76900053024292 6.79300022125244 6.76700019836426 6.70100021362305 6.63500022888184 6.64000034332275
6.55400037765503 6.53800010681152 6.60000038146973 6.58000040054321 6.64900016784668 6.73700046539307 6.84700012207031 6.99400043487549 6.96400022506714 6.9200005531311 6.87200021743774 6.83600044250488 6.94100046157837 7.05500030517578 7.13100051879883 7.04700040817261 7.02800035476685 7.0290002822876 6.9660005569458 6.99500036239624 7.02100038528442 7.03000020980835 7.03000020980835 7.12500047683716 7.18400049209595 7.1870002746582 7.25400018692017 7.40900039672852 7.58400058746338 7.63000059127808 7.65100049972534 7.62100028991699 7.50200033187866 7.37500047683716 7.18900012969971 6.93000030517578 6.83400011062622 6.90900039672852 6.89800024032593 6.82500028610229 6.82800054550171 6.8100004196167 6.74900054931641 6.66700029373169 6.68800020217896 6.74500036239624 6.73900032043457 6.70500040054321 6.57900047302246 6.514000415802 6.56900024414062
6.63800048828125 6.56300020217896 6.59200048446655 6.64800024032593 6.77200031280518 6.83500051498413 6.92700052261353 6.88800048828125 6.88800048828125 6.91500043869019 6.81500053405762 6.86500024795532 7.06800031661987 7.16700029373169 7.14000034332275 7.20500040054321 7.24600028991699 7.16400051116943 7.08200025558472 7.06700038909912 7.07200050354004 7.09400033950806 7.11800050735474 7.14600038528442 7.19100046157837 7.26800012588501 7.32200050354004 7.40100049972534 7.45000028610229 7.53800058364868 7.63500022888184 7.56400012969971 7.42500019073486 7.27200031280518 7.08000040054321 7.15100049972534 7.04000043869019 7.0450005531311 6.99200010299683 7.00800037384033 6.82900047302246 6.79000043869019 6.72400045394897 6.66900014877319 6.67900037765503 6.72000026702881 6.71200037002563 6.65500020980835 6.48400020599365 6.52200031280518 6.56500053405762
6.69500017166138 6.72200012207031 6.764000415802 6.78700017929077 6.83100032806396 6.87000036239624 6.94800043106079 6.92600011825562 6.91700029373169 6.8600001335144 6.81900024414062 6.97000026702881 7.11600017547607 7.17900037765503 7.09900045394897 7.21500015258789 7.22700023651123 7.2160005569458 7.10200023651123 7.09700012207031 7.11500024795532 7.14000034332275 7.16800022125244 7.17800045013428 7.21500015258789 7.30500030517578 7.30100011825562 7.27200031280518 7.31400012969971 7.29200029373169 7.40800046920776 7.41500043869019 7.38300037384033 7.29100036621094 7.12500047683716 7.05100011825562 7.07900047302246 7.00800037384033 6.93400049209595 6.88100051879883 6.87100028991699 6.9200005531311 6.77000045776367 6.68200016021729 6.66900014877319 6.7160005569458 6.65500020980835 6.5930004119873 6.54800033569336 6.48000049591064 6.45600032806396
6.66400051116943 6.75600051879883 6.77700042724609 6.80700016021729 6.84900045394897 6.87700033187866 6.98400020599365 6.94300031661987 7.07900047302246 7.00700044631958 6.96900033950806 7.05400037765503 7.12900018692017 7.17400026321411 7.05400037765503 7.11400032043457 7.28000020980835 7.16300010681152 7.13100051879883 7.12800025939941 7.17600011825562 7.19300031661987 7.22600030899048 7.23600053787231 7.2810001373291 7.29900026321411 7.25000047683716 7.19500017166138 7.11200046539307 7.04300022125244 7.11800050735474 7.17500019073486 7.15100049972534 7.14500045776367 7.11100053787231 7.05400037765503 7.06300020217896 7.07400035858154 6.92900037765503 6.89800024032593 6.79800033569336 6.86700010299683 6.81100034713745 6.76000022888184 6.72900009155273 6.7790002822876 6.78800010681152 6.7790002822876 6.64300012588501 6.45700025558472 6.55000019073486
6.58600044250488 6.66500043869019 6.74500036239624 6.79800033569336 6.84000015258789 6.89900016784668 6.94800043106079 6.92400026321411 6.97800016403198 6.97400045394897 7.04100036621094 7.2180004119873 7.20900011062622 7.21500015258789 7.12800025939941 7.05700016021729 7.14200019836426 7.1560001373291 7.14900016784668 7.14500045776367 7.19800043106079 7.29100036621094 7.29400014877319 7.3270001411438 7.3600001335144 7.31500053405762 7.27700042724609 7.1870002746582 7.09600019454956 7.00300025939941 6.99500036239624 7.0770001411438 7.06900024414062 7.06300020217896 -3.4e+38 -3.4e+38 -3.4e+38 -3.4e+38 -3.4e+38 -3.4e+38 -3.4e+38 -3.4e+38 -3.4e+38 -3.4e+38 -3.4e+38 -3.4e+38 -3.4e+38 -3.4e+38 -3.4e+38 -3.4e+38 -3.4e+38
6.48000049591064 6.60700035095215 6.73400020599365 6.82600021362305 6.8580002784729 6.84000015258789 6.94600009918213 6.85400009155273 6.94900035858154 7.03700017929077 7.20400047302246 7.24900054931641 7.28900051116943 7.42700052261353 7.29900026321411 7.30400037765503 7.11100053787231 7.15000057220459 7.21100044250488 7.1870002746582 7.2350001335144 7.31900024414062 7.32900047302246 7.3580002784729 7.39100027084351 7.35000038146973 7.27600049972534 7.19500017166138 7.14900016784668 7.13300037384033 7.10100030899048 7.06900024414062 7.11800050735474 7.10300016403198 -3.4e+38 -3.4e+38 -3.4e+38 -3.4e+38 -3.4e+38 -3.4e+38 -3.4e+38 -3.4e+38 -3.4e+38 -3.4e+38 -3.4e+38 -3.4e+38 -3.4e+38 -3.4e+38 -3.4e+38 -3.4e+38 -3.4e+38
6.61900043487549 6.68400049209595 6.79200029373169 6.86500024795532 6.90000009536743 6.90000009536743 6.87600040435791 6.94800043106079 6.85000038146973 7.08000040054321 7.18000030517578 7.0910005569458 7.26000022888184 7.48400020599365 7.34000015258789 7.19300031661987 7.16700029373169 7.22700023651123 7.27600049972534 7.26600027084351 7.29000043869019 7.3410005569458 7.38600015640259 7.44100046157837 7.44900035858154 7.39000034332275 7.29000043869019 7.25700044631958 7.25600051879883 7.26100015640259 7.25400018692017 7.25100040435791 7.19400024414062 7.0600004196167 -3.4e+38 -3.4e+38 -3.4e+38 -3.4e+38 -3.4e+38 -3.4e+38 -3.4e+38 -3.4e+38 -3.4e+38 -3.4e+38 -3.4e+38 -3.4e+38 -3.4e+38 -3.4e+38 -3.4e+38 -3.4e+38 -3.4e+38
6.76700019836426 6.7950005531311 6.84700012207031 6.94600009918213 6.98400020599365 7.06700038909912 7.20100021362305 7.01700019836426 6.90000009536743 7.05200052261353 7.05000019073486 7.18400049209595 7.27500057220459 7.2160005569458 7.22000026702881 7.14900016784668 7.20500040054321 7.27400016784668 7.24700021743774 7.22200012207031 7.26500034332275 7.35200023651123 7.3560004234314 7.41900014877319 7.43400049209595 7.38300037384033 7.33900022506714 7.29800033569336 7.33300018310547 7.34400033950806 7.37200021743774 7.3270001411438 7.3270001411438 7.15300035476685 -3.4e+38 -3.4e+38 -3.4e+38 -3.4e+38 -3.4e+38 -3.4e+38 -3.4e+38 -3.4e+38 -3.4e+38 -3.4e+38 -3.4e+38 -3.4e+38 -3.4e+38 -3.4e+38 -3.4e+38 -3.4e+38 -3.4e+38
6.88000011444092 6.93900012969971 6.96500015258789 6.9850001335144 7.05600023269653 7.06500053405762 7.09700012207031 7.03500032424927 6.90800046920776 6.98900032043457 7.1100001335144 7.12100028991699 7.13100051879883 7.18100023269653 7.28900051116943 7.21000051498413 7.16500043869019 7.18800020217896 7.21100044250488 7.264000415802 7.264000415802 7.33900022506714 7.39400053024292 7.48200035095215 7.47000026702881 7.4350004196167 7.40300035476685 7.389000415802 7.38600015640259 7.40900039672852 7.35000038146973 7.29400014877319 7.26800012588501 7.09900045394897 -3.4e+38 -3.4e+38 -3.4e+38 -3.4e+38 -3.4e+38 -3.4e+38 -3.4e+38 -3.4e+38 -3.4e+38 -3.4e+38 -3.4e+38 -3.4e+38 -3.4e+38 -3.4e+38 -3.4e+38 -3.4e+38 -3.4e+38
6.96400022506714 6.9850001335144 6.95100021362305 6.91700029373169 6.97400045394897 7.11100053787231 7.11800050735474 7.00400018692017 6.98900032043457 7.04400014877319 7.09400033950806 7.13000011444092 7.23000049591064 7.23600053787231 7.23600053787231 7.25400018692017 7.27600049972534 7.264000415802 7.23400020599365 7.27100038528442 7.32000017166138 7.34000015258789 7.45500040054321 7.47600030899048 7.49500036239624 7.51900053024292 7.47300052642822 7.46200037002563 7.42900037765503 7.41600036621094 7.37200021743774 7.31100034713745 7.264000415802 7.07500028610229 6.98900032043457 -3.4e+38 -3.4e+38 -3.4e+38 -3.4e+38 -3.4e+38 -3.4e+38 -3.4e+38 -3.4e+38 -3.4e+38 -3.4e+38 -3.4e+38 -3.4e+38 -3.4e+38 -3.4e+38 -3.4e+38 -3.4e+38
7.01900053024292 6.97400045394897 6.85700035095215 6.81700038909912 6.94200038909912 7.06100034713745 6.9350004196167 6.9660005569458 7.09900045394897 7.10200023651123 7.11400032043457 7.19000053405762 7.28900051116943 7.34600019454956 7.42200040817261 7.40100049972534 7.36900043487549 7.34700012207031 7.40900039672852 7.37400054931641 7.39200019836426 7.4370002746582 7.47600030899048 7.49700021743774 7.53000020980835 7.47600030899048 7.4830002784729 7.52200031280518 7.47300052642822 7.40500020980835 7.43800020217896 7.46100044250488 7.389000415802 7.15200042724609 7.04800033569336 -3.4e+38 -3.4e+38 -3.4e+38 -3.4e+38 -3.4e+38 -3.4e+38 -3.4e+38 -3.4e+38 -3.4e+38 -3.4e+38 -3.4e+38 -3.4e+38 -3.4e+38 -3.4e+38 -3.4e+38 -3.4e+38
7.10500049591064 7.0580005645752 6.9680004119873 6.8560004234314 7.00400018692017 7.23400020599365 7.14200019836426 7.18100023269653 7.19500017166138 7.19400024414062 7.19000053405762 7.24200057983398 7.41000032424927 7.57000017166138 7.53500032424927 7.4980001449585 7.43000030517578 7.49700021743774 7.41300058364868 7.40500020980835 7.42200040817261 7.46900033950806 7.45600032806396 7.47100019454956 7.49500036239624 7.48900032043457 7.48000049591064 7.514000415802 7.49300050735474 7.47000026702881 7.46300029754639 7.41200017929077 7.28900051116943 7.15200042724609 7.05500030517578 -3.4e+38 -3.4e+38 -3.4e+38 -3.4e+38 -3.4e+38 -3.4e+38 -3.4e+38 -3.4e+38 -3.4e+38 -3.4e+38 -3.4e+38 -3.4e+38 -3.4e+38 -3.4e+38 -3.4e+38 -3.4e+38
7.13400030136108 7.12400054931641 7.13600015640259 7.08000040054321 7.2310004234314 7.4040002822876 7.25300025939941 7.31700038909912 7.34500026702881 7.30000019073486 7.35400056838989 7.45100021362305 7.5770001411438 7.6850004196167 7.57200050354004 7.62200021743774 7.57000017166138 7.53900051116943 7.5450005531311 7.54000043869019 7.50600051879883 7.48400020599365 7.49900054931641 7.47900056838989 7.52300024032593 7.50600051879883 7.45900058746338 7.4520001411438 7.58700037002563 7.5620002746582 7.5600004196167 7.34600019454956 7.30500030517578 7.28800058364868 7.17600011825562 -3.4e+38 -3.4e+38 -3.4e+38 -3.4e+38 -3.4e+38 -3.4e+38 -3.4e+38 -3.4e+38 -3.4e+38 -3.4e+38 -3.4e+38 -3.4e+38 -3.4e+38 -3.4e+38 -3.4e+38 -3.4e+38
7.19200038909912 7.13400030136108 7.19700050354004 7.22200012207031 7.36600017547607 7.58300018310547 7.41900014877319 7.3730001449585 7.39500045776367 7.37600040435791 7.45700025558472 7.67600059509277 7.67700052261353 7.64600038528442 7.59700059890747 7.64000034332275 7.56300020217896 7.50000047683716 7.66900014877319 7.51300048828125 7.48600053787231 7.5120005607605 7.54200029373169 7.52500057220459 7.4850001335144 7.38300037384033 7.37400054931641 7.59900045394897 7.73900032043457 7.5310001373291 7.44600057601929 7.32200050354004 7.30700016021729 7.25600051879883 7.26800012588501 -3.4e+38 -3.4e+38 -3.4e+38 -3.4e+38 -3.4e+38 -3.4e+38 -3.4e+38 -3.4e+38 -3.4e+38 -3.4e+38 -3.4e+38 -3.4e+38 -3.4e+38 -3.4e+38 -3.4e+38 -3.4e+38
7.17800045013428 7.17800045013428 7.31900024414062 7.34400033950806 7.42800045013428 7.65100049972534 7.63100051879883 7.51900053024292 7.44100046157837 7.48900032043457 7.63600015640259 7.81700038909912 7.82900047302246 7.67300033569336 7.68800020217896 7.7950005531311 7.78500032424927 7.75700044631958 7.50000047683716 7.57900047302246 7.61800050735474 7.5770001411438 7.51000022888184 7.52000045776367 7.43600034713745 7.42800045013428 7.64700031280518 7.49600028991699 7.40500020980835 7.42800045013428 7.45600032806396 7.39400053024292 7.29700040817261 7.3080005645752 7.32500028610229 7.28200054168701 -3.4e+38 -3.4e+38 -3.4e+38 -3.4e+38 -3.4e+38 -3.4e+38 -3.4e+38 -3.4e+38 -3.4e+38 -3.4e+38 -3.4e+38 -3.4e+38 -3.4e+38 -3.4e+38 -3.4e+38
7.1540002822876 7.2350001335144 7.38600015640259 7.50500059127808 7.59600019454956 7.64000034332275 7.55400037765503 7.7350001335144 7.6230001449585 7.55300045013428 7.69500017166138 7.90000057220459 7.79000043869019 7.75700044631958 7.7790002822876 7.80000019073486 7.85500049591064 7.80500030517578 7.8870005607605 7.80900049209595 7.74500036239624 7.71700048446655 7.76100015640259 7.66100025177002 7.51000022888184 7.38400030136108 7.78500032424927 7.55400037765503 7.52400016784668 7.50600051879883 7.62900018692017 7.41500043869019 7.37000036239624 7.37800025939941 7.35100030899048 7.35100030899048 -3.4e+38 -3.4e+38 -3.4e+38 -3.4e+38 -3.4e+38 -3.4e+38 -3.4e+38 -3.4e+38 -3.4e+38 -3.4e+38 -3.4e+38 -3.4e+38 -3.4e+38 -3.4e+38 -3.4e+38
7.21500015258789 7.32000017166138 7.42500019073486 7.53900051116943 7.51000022888184 7.40000057220459 7.5620002746582 7.68100023269653 7.6830005645752 7.71000051498413 7.84700059890747 7.95600032806396 7.89900016784668 7.88300037384033 7.90100049972534 7.8870005607605 7.94200038909912 8.01700019836426 7.96400022506714 7.93800020217896 7.88200044631958 7.90100049972534 7.92500019073486 7.8080005645752 7.58200025558472 7.39800024032593 7.72700023651123 7.91600036621094 7.60400056838989 7.77100038528442 7.76100015640259 7.69000053405762 7.44300031661987 7.42700052261353 7.41400051116943 7.35000038146973 -3.4e+38 -3.4e+38 -3.4e+38 -3.4e+38 -3.4e+38 -3.4e+38 -3.4e+38 -3.4e+38 -3.4e+38 -3.4e+38 -3.4e+38 -3.4e+38 -3.4e+38 -3.4e+38 -3.4e+38
7.24200057983398 7.3730001449585 7.42800045013428 7.35500049591064 7.46400022506714 7.72000026702881 7.47300052642822 7.64400053024292 7.73000049591064 7.78400039672852 7.8270001411438 7.85900020599365 7.94600057601929 7.99900054931641 8.01900005340576 8.01100063323975 8.07999992370605 8.14000034332275 8.14000034332275 8.05600070953369 8.01100063323975 7.96300029754639 7.93900060653687 8.03900051116943 8.06300067901611 7.94700050354004 8.00699996948242 7.80200052261353 7.86300039291382 7.50700044631958 7.38000011444092 7.5290002822876 7.51000022888184 7.5450005531311 7.45400047302246 7.45500040054321 -3.4e+38 -3.4e+38 -3.4e+38 -3.4e+38 -3.4e+38 -3.4e+38 -3.4e+38 -3.4e+38 -3.4e+38 -3.4e+38 -3.4e+38 -3.4e+38 -3.4e+38 -3.4e+38 -3.4e+38
7.09400033950806 7.25200033187866 7.31500053405762 7.38300037384033 7.69300031661987 8.13400077819824 7.8580002784729 7.71000051498413 7.76000022888184 7.80500030517578 7.80300045013428 7.79600048065186 7.86400032043457 7.99700021743774 8.09899997711182 8.15900039672852 8.16600036621094 8.13500022888184 8.15900039672852 7.88800048828125 7.69400024414062 7.70600032806396 7.87500047683716 7.93600034713745 7.91800022125244 8.07000064849854 8.05900001525879 7.9350004196167 7.54800033569336 7.59400033950806 7.54100036621094 7.3270001411438 7.37600040435791 7.52400016784668 7.47500038146973 7.47400045394897 -3.4e+38 -3.4e+38 -3.4e+38 -3.4e+38 -3.4e+38 -3.4e+38 -3.4e+38 -3.4e+38 -3.4e+38 -3.4e+38 -3.4e+38 -3.4e+38 -3.4e+38 -3.4e+38 -3.4e+38
7.06800031661987 7.21900033950806 7.48700046539307 7.52100038528442 7.83400058746338 7.90000057220459 7.73900032043457 7.70800018310547 7.76900053024292 7.81300020217896 7.76600027084351 7.79400014877319 7.85700035095215 7.90800046920776 7.94400024414062 8.12800025939941 8.21500015258789 8.06599998474121 7.9810004234314 7.66100025177002 7.72900056838989 7.93000030517578 8.01000022888184 7.75100040435791 7.8410005569458 7.8430004119873 8.07500076293945 7.72400045394897 7.92100048065186 7.80900049209595 7.67100048065186 7.52400016784668 7.39900016784668 7.37200021743774 7.45500040054321 7.44500017166138 -3.4e+38 -3.4e+38 -3.4e+38 -3.4e+38 -3.4e+38 -3.4e+38 -3.4e+38 -3.4e+38 -3.4e+38 -3.4e+38 -3.4e+38 -3.4e+38 -3.4e+38 -3.4e+38 -3.4e+38
