layers/tdmean11.asc
NCOLS 421 
NROWS 354 
XLLCORNER -106.645833332895 
YLLCORNER 25.8541666666667 
CELLSIZE 0.0416666666669039 
NODATA_value -3.4e+38 
[rows 161 to 183 of 354, columns 153 to 203 of 421]
3.68500018119812 3.71600008010864 3.73000025749207 3.73000025749207 3.87500023841858 4.014000415802 4.22000026702881 4.35900020599365 4.44400024414062 4.57400035858154 4.49900007247925 4.53500032424927 4.59100008010864 4.65500020980835 4.69600009918213 4.77600002288818 4.81400012969971 4.89800024032593 4.9520001411438 5.00800037384033 5.11700010299683 5.20900011062622 5.20900011062622 5.22000026702881 5.16000032424927 5.139000415802 5.19900035858154 5.31400012969971 5.46000003814697 5.56900024414062 5.66900014877319 5.72100019454956 5.77800035476685 5.889000415802 5.99000024795532 5.92000007629395 5.90500020980835 5.89900016784668 5.83600044250488 5.80200004577637 5.78200006484985 5.75200033187866 5.70400047302246 5.71900033950806 5.84000015258789 5.94500017166138 5.91100025177002 5.85300016403198 5.78400039672852 5.72100019454956 5.77500009536743
3.51400017738342 3.61700010299683 3.72000026702881 3.81600022315979 3.89100027084351 4.06900024414062 4.20600032806396 4.29900026321411 4.37000036239624 4.57400035858154 4.6870002746582 4.7039999961853 4.67900037765503 4.72600030899048 4.80700016021729 4.84500026702881 4.84900045394897 4.99400043487549 5.03900003433228 5.08500003814697 5.12800025939941 5.16000032424927 5.20500040054321 5.17500019073486 5.24500036239624 5.32000017166138 5.27500009536743 5.38700008392334 5.45700025558472 5.55000019073486 5.64300012588501 5.74200010299683 5.91500043869019 5.97400045394897 5.91000032424927 5.89700031280518 5.86700010299683 5.84100008010864 5.82900047302246 5.80200004577637 5.79600048065186 5.74500036239624 5.67400026321411 5.70700025558472 5.84100008010864 5.88800048828125 5.84000015258789 5.66700029373169 5.61300039291382 5.58400011062622 5.66500043869019
3.53000020980835 3.58700013160706 3.63700008392334 3.79300022125244 3.95500016212463 4.01000022888184 4.11400032043457 4.07300043106079 4.24900007247925 4.44200038909912 4.61900043487549 4.61800003051758 4.75900030136108 4.75 4.72000026702881 4.91500043869019 4.95700025558472 5.06700038909912 5.0930004119873 5.05100011825562 5.06300020217896 5.14000034332275 5.1540002822876 5.24300003051758 5.35000038146973 5.46100044250488 5.43800020217896 5.48600006103516 5.61600017547607 5.67800045013428 5.76100015640259 5.86800050735474 5.83400011062622 5.88600015640259 5.85100030899048 5.8580002784729 5.88000011444092 5.90700006484985 5.90000009536743 5.83100032806396 5.84500026702881 5.85000038146973 5.83500051498413 5.89500045776367 5.93300008773804 5.91800022125244 5.84900045394897 5.71400022506714 5.6870002746582 5.80800008773804 5.89000034332275
3.54500007629395 3.59300017356873 3.7590000629425 3.84500026702881 3.86200022697449 3.86300015449524 3.97300028800964 4.1100001335144 4.15700006484985 4.3100004196167 4.41200017929077 4.54500007629395 4.625 4.5620002746582 4.60000038146973 4.72400045394897 4.8289999961853 4.97400045394897 5.11800003051758 5.10400009155273 5.15000009536743 5.20900011062622 5.23900032043457 5.29000043869019 5.40900039672852 5.43400049209595 5.50000047683716 5.60300016403198 5.67900037765503 5.72000026702881 5.75000047683716 5.74300050735474 5.75200033187866 5.86700010299683 5.9040002822876 5.96300029754639 5.9810004234314 5.98700046539307 5.94400024414062 5.94500017166138 5.94300031661987 5.98400020599365 5.98600006103516 6.01300048828125 6.01300048828125 5.96500015258789 5.93400049209595 5.95300006866455 5.94000005722046 6.01600027084351 6.11200046539307
3.5860002040863 3.66500020027161 3.69400024414062 3.75100016593933 3.88600015640259 3.99200010299683 4.09899997711182 4.37900018692017 4.38100004196167 4.3120002746582 4.28900003433228 4.54400014877319 4.61600017547607 4.50700044631958 4.62600040435791 4.81500005722046 5 5.08300018310547 5.13000011444092 5.15300035476685 5.16200017929077 5.25800037384033 5.19500017166138 5.27200031280518 5.28500032424927 5.30900001525879 5.30600023269653 5.35900020599365 5.52100038528442 5.6060004234314 5.66500043869019 5.64500045776367 5.79800033569336 5.89000034332275 5.9040002822876 5.98900032043457 6.03200006484985 6.02000045776367 6.00600051879883 6.02500009536743 6.05400037765503 5.98900032043457 6.00400018692017 6.01300048828125 6.04100036621094 6.00200033187866 6.03200006484985 6.19100046157837 6.12500047683716 6.32300043106079 6.31600046157837
3.51800012588501 3.67900013923645 3.68500018119812 3.78500008583069 3.95900011062622 4.1850004196167 4.38100004196167 4.47399997711182 4.5460000038147 4.71900033950806 4.7020001411438 4.73900032043457 4.80200004577637 4.75900030136108 4.85000038146973 4.99200010299683 4.93600034713745 4.84700012207031 4.92200040817261 5.07400035858154 5.09600019454956 5.05600023269653 5.02200031280518 5.04300022125244 5.14200019836426 5.20400047302246 5.20800018310547 5.27100038528442 5.47500038146973 5.62500047683716 5.73800039291382 5.70900011062622 5.83100032806396 5.91500043869019 5.96000051498413 6.02000045776367 6.05500030517578 6.08500051498413 6.0770001411438 6.12000036239624 6.11900043487549 6.09000015258789 6.06600046157837 6.02100038528442 6.01000022888184 6.0310001373291 6.15800046920776 6.35500049591064 6.33700037002563 6.40700054168701 6.33500051498413
3.54600024223328 3.73400020599365 3.82600021362305 3.97900009155273 4.11300039291382 4.14300012588501 4.19099998474121 4.36900043487549 4.39499998092651 4.51800012588501 4.73900032043457 4.7180004119873 4.81400012969971 4.87600040435791 4.85000038146973 4.7790002822876 4.74900007247925 4.80000019073486 4.91600036621094 4.93000030517578 4.9370002746582 4.94900035858154 4.99300003051758 5.04000043869019 5.06100034713745 5.06700038909912 5.1060004234314 5.3120002746582 5.38800048828125 5.4850001335144 5.67100048065186 5.86500024795532 5.95900011062622 6.04500007629395 6.03500032424927 6.00900030136108 5.97500038146973 6.02400016784668 6.09600019454956 6.09700012207031 6.07300043106079 6.12500047683716 6.08100032806396 6.06700038909912 6.05900049209595 6.05200052261353 6.04000043869019 6.16000032424927 6.40900039672852 6.39100027084351 6.40000009536743
3.58800005912781 3.61500024795532 3.69900012016296 3.81700015068054 3.86900019645691 4.04100036621094 4.14600038528442 4.23000001907349 4.3100004196167 4.38500022888184 4.60200023651123 4.61700010299683 4.63800001144409 4.68900012969971 4.70300006866455 4.84400033950806 4.95100021362305 4.97500038146973 4.97700023651123 4.94900035858154 4.96200037002563 4.95900011062622 4.97900009155273 5.03900003433228 5.07600021362305 5.07000017166138 5.11600017547607 5.24500036239624 5.31600046157837 5.53000020980835 5.68000030517578 5.78400039672852 5.79800033569336 5.89400005340576 5.95700025558472 6.01800012588501 5.9980001449585 5.98800039291382 6.07400035858154 6.01700019836426 6.08400011062622 6.13800048828125 6.11900043487549 6.1080002784729 6.09600019454956 6.06900024414062 6.18000030517578 6.22300052642822 6.35900020599365 6.43300008773804 6.46200037002563
3.6100001335144 3.63700008392334 3.67500019073486 3.74300026893616 4.01000022888184 4.22600030899048 4.38300037384033 4.44900035858154 4.51100015640259 4.67000007629395 4.71600008010864 4.75400018692017 4.80000019073486 4.88500022888184 4.84500026702881 4.8430004119873 4.82600021362305 4.82400035858154 4.85100030899048 4.89300012588501 4.88400030136108 4.82800006866455 4.86400032043457 4.97300004959106 5.05800008773804 5.06400012969971 5.19300031661987 5.29000043869019 5.33700037002563 5.44800043106079 5.52500009536743 5.59900045394897 5.71200037002563 5.74700021743774 5.82000017166138 5.92100048065186 5.92200040817261 6.00100040435791 6.05400037765503 6.05900049209595 6.10500049591064 6.1100001335144 6.13400030136108 6.1230001449585 6.16100025177002 6.17100048065186 6.24400043487549 6.29800033569336 6.36400032043457 6.41900014877319 6.51000022888184
3.77000021934509 3.88800024986267 3.82000017166138 3.86100029945374 3.89300012588501 4.07500028610229 4.34800004959106 4.47500038146973 4.7310004234314 4.89500045776367 4.90000009536743 4.89900016784668 4.88400030136108 4.7960000038147 4.74000024795532 4.72200012207031 4.72800016403198 4.74600028991699 4.81800031661987 4.78800010681152 4.79300022125244 4.83700037002563 4.88400030136108 4.94100046157837 5.07300043106079 5.11400032043457 5.22500038146973 5.33500003814697 5.41200017929077 5.43400049209595 5.39000034332275 5.51800012588501 5.66800022125244 5.62000036239624 5.764000415802 5.87200021743774 5.95700025558472 5.93900012969971 6.01000022888184 6.05500030517578 6.04000043869019 6.08200025558472 6.09700012207031 6.13000011444092 6.21500015258789 6.2310004234314 6.26700019836426 6.23800039291382 6.33500051498413 6.3600001335144 6.49200010299683
3.76000022888184 3.93000030517578 4.09500026702881 4.15300035476685 4.04900026321411 4.31900024414062 4.55500030517578 4.63400030136108 4.75900030136108 4.94000005722046 4.84100008010864 4.82300043106079 4.81800031661987 4.76500034332275 4.74100017547607 4.73000001907349 4.73900032043457 4.72200012207031 4.74500036239624 4.75600004196167 4.72500038146973 4.80300045013428 4.85900020599365 4.94700002670288 5.06700038909912 5.1540002822876 5.25000047683716 5.32100009918213 5.40800046920776 5.44900035858154 5.4040002822876 5.47900009155273 5.57200002670288 5.53900003433228 5.7180004119873 5.86700010299683 5.92800045013428 5.92300033569336 5.95400047302246 6.01900005340576 6.05000019073486 6.10900020599365 6.1540002822876 6.1540002822876 6.16400051116943 6.20100021362305 6.22600030899048 6.23900032043457 6.33500051498413 6.39000034332275 6.50800037384033
3.95600008964539 4.10700035095215 4.19099998474121 4.42900037765503 4.4040002822876 4.46700000762939 4.72000026702881 4.85700035095215 4.85200023651123 4.84200000762939 4.78600025177002 4.78700017929077 4.77000045776367 4.75100040435791 4.75 4.7790002822876 4.81700038909912 4.76900005340576 4.74200010299683 4.78400039672852 4.78600025177002 4.80400037765503 4.81100034713745 4.87700033187866 4.99900007247925 5.07400035858154 5.19500017166138 5.29100036621094 5.36400032043457 5.41800022125244 5.41900014877319 5.49400043487549 5.49200010299683 5.63600015640259 5.62700033187866 5.82400035858154 5.82000017166138 5.85900020599365 5.91400051116943 6.00700044631958 6.04900026321411 6.04800033569336 6.08400011062622 6.12900018692017 6.18900012969971 6.22300052642822 6.25800037384033 6.32000017166138 6.41100025177002 6.44700050354004 6.5290002822876
3.96400022506714 4.01999998092651 4.12100028991699 4.30900001525879 4.59600019454956 4.63000011444092 4.77400016784668 4.68400001525879 4.66900014877319 4.7310004234314 4.71200037002563 4.76200008392334 4.78200006484985 4.78600025177002 4.80700016021729 4.86900043487549 4.80600023269653 4.84000015258789 4.87800025939941 4.83900022506714 4.83900022506714 4.77700042724609 4.77700042724609 4.7790002822876 4.93800020217896 5.10200023651123 5.22500038146973 5.3100004196167 5.39400005340576 5.4680004119873 5.5620002746582 5.6100001335144 5.65300035476685 5.71200037002563 5.60000038146973 5.70500040054321 5.80900049209595 5.76300048828125 5.80800008773804 5.75000047683716 5.78500032424927 5.89200019836426 5.99000024795532 6.11500024795532 6.1540002822876 6.25800037384033 6.33600044250488 6.41700029373169 6.46100044250488 6.44800043106079 6.46200037002563
4.10700035095215 4.01700019836426 4.06400012969971 4.13500022888184 4.11700010299683 4.45300006866455 4.67400026321411 4.57400035858154 4.57500028610229 4.68200016021729 4.70500040054321 4.71700000762939 4.78600025177002 4.84700012207031 4.8270001411438 4.81900024414062 4.84400033950806 4.87800025939941 4.94200038909912 4.93400001525879 4.90700006484985 4.80700016021729 4.78600025177002 4.88100004196167 5.06900024414062 5.17500019073486 5.25400018692017 5.3430004119873 5.41300010681152 5.51500034332275 5.58900022506714 5.72800016403198 5.7330002784729 5.68000030517578 5.62400007247925 5.70600032806396 5.79900026321411 5.77300024032593 5.72200012207031 5.67400026321411 5.67300033569336 5.86800050735474 5.93900012969971 6.03000020980835 6.14400005340576 6.25600051879883 6.36600017547607 6.41400051116943 6.47600030899048 6.50400018692017 6.46900033950806
3.98100018501282 4.1230001449585 4.08500003814697 4.07000017166138 4.14600038528442 4.42000007629395 4.61199998855591 4.52200031280518 4.54500007629395 4.63700008392334 4.6850004196167 4.74900007247925 4.80600023269653 4.79900026321411 4.80400037765503 4.86200046539307 4.875 4.93400001525879 4.9850001335144 4.96000003814697 4.94500017166138 4.87600040435791 4.86400032043457 5.03600025177002 5.17300033569336 5.24000024795532 5.33200025558472 5.41800022125244 5.47500038146973 5.55600023269653 5.71100044250488 5.81700038909912 5.7350001335144 5.75800037384033 5.73400020599365 5.71100044250488 5.74200010299683 5.85900020599365 5.76600027084351 5.66800022125244 5.64600038528442 5.70800018310547 5.66700029373169 5.83100032806396 6.06900024414062 6.22100019454956 6.30500030517578 6.40500020980835 6.48700046539307 6.55400037765503 6.57300043106079
3.9280002117157 4.16400003433228 4.25500011444092 4.13700008392334 4.48400020599365 4.48400020599365 4.5789999961853 4.57500028610229 4.5290002822876 4.61700010299683 4.7020001411438 4.80000019073486 4.82500028610229 4.80500030517578 4.86700010299683 4.90500020980835 4.92500019073486 4.97100019454956 4.9680004119873 4.98200035095215 5.01200008392334 5.03000020980835 5.04200029373169 5.17100048065186 5.27500009536743 5.30700016021729 5.35300016403198 5.44000005722046 5.5290002822876 5.61200046539307 5.74600028991699 5.82200050354004 5.88300037384033 5.81500005722046 5.84600019454956 5.82200050354004 5.72400045394897 5.69900035858154 5.78600025177002 5.63100004196167 5.59800004959106 5.50500011444092 5.47200012207031 5.68600034713745 5.82000017166138 6.01100015640259 6.23200035095215 6.34000015258789 6.49600028991699 6.61800050735474 6.62700033187866
4.04300022125244 4.04100036621094 4.16700029373169 4.32100009918213 4.41500043869019 4.32800006866455 4.46300029754639 4.55900001525879 4.49500036239624 4.60100030899048 4.74500036239624 4.78700017929077 4.80400037765503 4.9040002822876 4.95000028610229 4.96700000762939 5.03000020980835 5.03900003433228 5.04900026321411 4.99900007247925 5.01900005340576 5.16100025177002 5.264000415802 5.29000043869019 5.31500005722046 5.37100028991699 5.44600009918213 5.53200006484985 5.57000017166138 5.57400035858154 5.66200017929077 5.77400016784668 5.82000017166138 5.94900035858154 5.94300031661987 5.91400051116943 5.76800012588501 5.58900022506714 5.68400049209595 5.6080002784729 5.44700002670288 5.39400005340576 5.43000030517578 5.40500020980835 5.54400014877319 5.77200031280518 5.94800043106079 6.16900014877319 6.41500043869019 6.53300046920776 6.68300008773804
4.00500011444092 4.00400018692017 4.06800031661987 4.1230001449585 4.27400016784668 4.46600008010864 4.58900022506714 4.72800016403198 4.60000038146973 4.64600038528442 4.75100040435791 4.83100032806396 4.93100023269653 4.97900009155273 5.04300022125244 5.13700008392334 5.16100025177002 5.14800024032593 5.13300037384033 5.11400032043457 5.18400001525879 5.37500047683716 5.44000005722046 5.43400049209595 5.4060001373291 5.44300031661987 5.48900032043457 5.57600021362305 5.61900043487549 5.71500015258789 5.78400039672852 5.85900020599365 5.91000032424927 5.87900018692017 5.81800031661987 5.81800031661987 5.78300046920776 5.5310001373291 5.51700019836426 5.54000043869019 5.41200017929077 5.27800035476685 5.264000415802 5.3730001449585 5.70100021362305 5.8430004119873 6.00400018692017 6.22000026702881 6.37500047683716 6.51900053024292 6.72400045394897
3.9760000705719 4.00900030136108 4.14200019836426 4.29500007629395 4.40200042724609 4.49400043487549 4.69900035858154 4.83100032806396 4.83900022506714 4.87700033187866 4.93900012969971 5.03200006484985 5.05500030517578 5.13400030136108 5.16000032424927 5.17600011825562 5.20600032806396 5.22800016403198 5.24000024795532 5.24500036239624 5.32600021362305 5.45300006866455 5.42800045013428 5.46000003814697 5.4350004196167 5.43300008773804 5.50000047683716 5.54900026321411 5.66900014877319 5.74400043487549 5.7350001335144 5.77700042724609 5.78900051116943 5.76800012588501 5.71900033950806 5.76100015640259 5.77300024032593 5.7350001335144 5.41300010681152 5.55300045013428 5.47800016403198 5.33700037002563 5.41500043869019 5.32900047302246 5.81400012969971 5.96400022506714 6.01000022888184 6.22300052642822 6.37100028991699 6.4850001335144 6.67300033569336
4.02100038528442 4.14100027084351 4.22700023651123 4.36500024795532 4.5460000038147 4.67800045013428 4.77700042724609 4.76900005340576 4.9370002746582 5.06600046157837 5.09700012207031 5.15700006484985 5.17000007629395 5.20300006866455 5.21500015258789 5.21200037002563 5.28000020980835 5.30200004577637 5.35100030899048 5.3730001449585 5.38700008392334 5.41700029373169 5.42600011825562 5.4830002784729 5.55400037765503 5.55700016021729 5.54000043869019 5.55900049209595 5.62800025939941 5.66100025177002 5.67400026321411 5.75500011444092 5.85400009155273 5.87900018692017 5.8270001411438 5.88000011444092 5.97900009155273 5.80200004577637 5.48000049591064 5.54500007629395 5.61500024795532 5.43300008773804 5.35300016403198 5.46300029754639 5.93100023269653 5.9350004196167 5.99300050735474 6.21100044250488 6.41500043869019 6.50600051879883 6.54300022125244
4.17000007629395 4.26200008392334 4.39600038528442 4.58000040054321 4.69800043106079 4.77200031280518 4.77200031280518 4.94400024414062 5.0600004196167 5.1850004196167 5.20300006866455 5.20900011062622 5.21500015258789 5.21600008010864 5.20400047302246 5.21100044250488 5.26300048828125 5.34900045394897 5.40500020980835 5.53000020980835 5.56300020217896 5.4680004119873 5.47000026702881 5.50900030136108 5.63000011444092 5.64300012588501 5.63500022888184 5.69100046157837 5.7350001335144 5.78400039672852 5.81400012969971 5.81700038909912 5.88000011444092 5.97100019454956 6.02800035476685 6.04000043869019 6.07100009918213 6.03200006484985 5.83100032806396 5.84400033950806 5.9060001373291 5.75000047683716 5.64800024032593 5.80000019073486 5.96900033950806 6.11400032043457 6.13400030136108 6.38800048828125 6.60400009155273 6.60900020599365 6.5620002746582
4.31900024414062 4.42400026321411 4.50900030136108 4.61500024795532 4.75200033187866 4.8600001335144 5.01300001144409 5.13100004196167 5.14900016784668 5.15500020980835 5.19300031661987 5.21100044250488 5.20500040054321 5.21400022506714 5.22700023651123 5.30400037765503 5.33800029754639 5.41800022125244 5.50400018692017 5.50900030136108 5.51300048828125 5.56800031661987 5.60300016403198 5.5930004119873 5.71400022506714 5.67700004577637 5.67600011825562 5.80700016021729 5.81500005722046 5.8600001335144 5.92100048065186 5.97000026702881 5.97000026702881 5.96100044250488 6.01900005340576 6.00300025939941 6.08000040054321 6.20400047302246 6.19600009918213 6.18300008773804 6.09000015258789 6.24000024795532 6.26100015640259 6.29200029373169 6.33900022506714 6.15700006484985 6.12100028991699 6.4850001335144 6.6700005531311 6.72600030899048 6.83700037002563
4.36700010299683 4.49600028991699 4.58100032806396 4.75500011444092 4.85500001907349 4.91600036621094 5.10200023651123 5.139000415802 5.17100048065186 5.19900035858154 5.23000001907349 5.2330002784729 5.23000001907349 5.2480001449585 5.30900001525879 5.33800029754639 5.44000005722046 5.58100032806396 5.58100032806396 5.53500032424927 5.63100004196167 5.72900009155273 5.74400043487549 5.71000003814697 5.80700016021729 5.76600027084351 5.8430004119873 5.89800024032593 5.94200038909912 5.97800016403198 6.04600048065186 6.12500047683716 6.11800050735474 6.09400033950806 6.14200019836426 6.25100040435791 6.30900049209595 6.3560004234314 6.28500032424927 6.30900049209595 6.139000415802 6.22800016403198 6.33900022506714 6.47700023651123 6.58400011062622 6.49500036239624 6.47000026702881 6.55000019073486 6.80300045013428 6.90900039672852 6.89900016784668
