layers/tdmean11.asc
NCOLS 421 
NROWS 354 
XLLCORNER -106.645833332895 
YLLCORNER 25.8541666666667 
CELLSIZE 0.0416666666669039 
NODATA_value -3.4e+38 
[rows 207 to 229 of 354, columns 0 to 50 of 421]
-3.16300010681152 -3.60500025749207 -3.94900012016296 -4.39400005340576 -3.9280002117157 -3.62500023841858 -3.4740002155304 -3.30100011825562 -3.34100008010864 -3.37600016593933 -3.32400012016296 -3.36700010299683 -3.54500007629395 -3.69800019264221 -4.00699996948242 -4.25400018692017 -4.40200042724609 -4.25800037384033 -4.2310004234314 -4.31400012969971 -4.44099998474121 -4.51000022888184 -4.47300004959106 -4.4520001411438 -4.53299999237061 -4.56400012969971 -4.58600044250488 -4.41000032424927 -4.16600036621094 -3.98000025749207 -3.7790002822876 -3.61500024795532 -3.39200019836426 -3.14400005340576 -2.92100024223328 -2.70100021362305 -2.51100015640259 -2.46700000762939 -2.50200009346008 -2.64900016784668 -2.89400005340576 -4.06300020217896 -5.86600017547607 -6.07400035858154 -5.57300043106079 -3.74500012397766 -3.38900017738342 -3.17400026321411 -3.13700008392334 -3.05000019073486 -2.73300004005432
-3.4e+38 -3.59700012207031 -3.89900016784668 -4.37400007247925 -3.96200013160706 -3.5990002155304 -3.38300013542175 -3.26100015640259 -3.257000207901 -3.30900025367737 -3.33400011062622 -3.4760000705719 -3.71300005912781 -3.78500008583069 -3.99200010299683 -4.25500011444092 -4.37000036239624 -4.30200004577637 -4.31800031661987 -4.41900014877319 -4.45700025558472 -4.54000043869019 -4.43800020217896 -4.3560004234314 -4.36600017547607 -4.29800033569336 -4.40000009536743 -4.28200006484985 -4.16800022125244 -4.00800037384033 -3.84300017356873 -3.6230001449585 -3.3360002040863 -3.08500003814697 -2.86700010299683 -2.66400003433228 -2.48700022697449 -2.39500021934509 -2.40200018882751 -2.54000020027161 -2.78900003433228 -3.39900016784668 -5.95700025558472 -6.01100015640259 -4.58200025558472 -3.79800009727478 -3.48000025749207 -3.17700004577637 -3.01200008392334 -2.91600012779236 -2.7260000705719
-3.10000014305115 -3.44000005722046 -3.83400011062622 -4.15500020980835 -3.78900027275085 -3.49900007247925 -3.35300016403198 -3.28700017929077 -3.23400020599365 -3.26200008392334 -3.32100009918213 -3.48000025749207 -3.67100024223328 -3.76900029182434 -3.9850001335144 -4.24300003051758 -4.3730001449585 -4.36300039291382 -4.31800031661987 -4.26200008392334 -4.26800012588501 -4.38300037384033 -4.3560004234314 -4.28900003433228 -4.28500032424927 -4.28800010681152 -4.2480001449585 -4.13800001144409 -4.33900022506714 -4.10700035095215 -3.86300015449524 -3.63900017738342 -3.35500025749207 -3.10400009155273 -2.88700008392334 -2.6560001373291 -2.44000005722046 -2.29200005531311 -2.31900000572205 -2.40500020980835 -2.63000011444092 -2.94200015068054 -4.17500019073486 -4.77500009536743 -4.20900011062622 -3.80400013923645 -3.45300006866455 -3.21700024604797 -2.99900007247925 -2.80600023269653 -2.58900022506714
-3.4e+38 -3.17900013923645 -3.63900017738342 -3.89800024032593 -3.66900014877319 -3.42900013923645 -3.31400012969971 -3.26000022888184 -3.23400020599365 -3.25000023841858 -3.27000021934509 -3.33800005912781 -3.53600025177002 -3.76500010490417 -4.02300024032593 -4.22900009155273 -4.39800024032593 -4.35500001907349 -4.22900009155273 -4.18900012969971 -4.14499998092651 -4.389000415802 -4.35100030899048 -4.28600025177002 -4.14100027084351 -4.0600004196167 -4.10900020599365 -4.03400039672852 -4.12100028991699 -4.17000007629395 -3.88500022888184 -3.61800026893616 -3.41200017929077 -3.26400017738342 -3.02400016784668 -2.84300017356873 -2.4980001449585 -2.31100010871887 -2.23000001907349 -2.29100012779236 -2.48800015449524 -2.96900010108948 -3.17300009727478 -3.50400018692017 -3.94400024414062 -3.76000022888184 -3.38600015640259 -3.16900014877319 -2.96700024604797 -2.74100017547607 -2.54200005531311
-3.4e+38 -3.4e+38 -3.24500012397766 -3.48100018501282 -3.33500027656555 -3.24100017547607 -3.17900013923645 -3.22000026702881 -3.2590000629425 -3.28000020980835 -3.31500005722046 -3.31000018119812 -3.41900014877319 -3.6230001449585 -3.85400009155273 -4.10000038146973 -4.2960000038147 -4.32200002670288 -4.21900033950806 -4.14499998092651 -4.14900016784668 -4.35300016403198 -4.34400033950806 -4.30400037765503 -4.23000001907349 -4.10000038146973 -3.99600028991699 -3.96200013160706 -3.96400022506714 -3.89900016784668 -3.78700017929077 -3.56600022315979 -3.44200015068054 -3.33900022506714 -3.12600016593933 -2.91000008583069 -2.64100003242493 -2.38100004196167 -2.19500017166138 -2.2110002040863 -2.41000008583069 -2.8360002040863 -2.89200019836426 -3.17500019073486 -3.59800028800964 -3.87700009346008 -3.62000012397766 -3.05900025367737 -2.84100008010864 -2.76600003242493 -2.5530002117157
-3.4e+38 -3.4e+38 -3.4e+38 -3.4e+38 -3.4e+38 -3.4e+38 -2.96500015258789 -3.09500002861023 -3.21400022506714 -3.3120002746582 -3.3490002155304 -3.34700012207031 -3.32300019264221 -3.40000009536743 -3.66500020027161 -3.88000011444092 -4.09500026702881 -4.21500015258789 -4.15300035476685 -4.03999996185303 -4.11600017547607 -4.28299999237061 -4.25300025939941 -4.14300012588501 -4.14000034332275 -4.34000015258789 -4.11500024795532 -3.8270001411438 -3.77800011634827 -3.7260000705719 -3.71400022506714 -3.46900010108948 -3.28600025177002 -3.31900024414062 -3.23400020599365 -2.94500017166138 -2.76300024986267 -2.53400015830994 -2.23200011253357 -2.17500019073486 -2.27800011634827 -2.45600008964539 -2.66800022125244 -2.97300004959106 -3.42200016975403 -3.97300028800964 -3.72500014305115 -3.38000011444092 -3.01400017738342 -2.63000011444092 -2.66300010681152
-3.4e+38 -3.4e+38 -3.4e+38 -3.4e+38 -3.4e+38 -3.4e+38 -3.4e+38 -2.92300009727478 -3.06400012969971 -3.24100017547607 -3.34500026702881 -3.35700011253357 -3.28700017929077 -3.24200010299683 -3.39300012588501 -3.60900020599365 -3.86600017547607 -3.9850001335144 -3.95000028610229 -3.82600021362305 -3.99200010299683 -4.18100023269653 -4.15700006484985 -4.07300043106079 -4.05800008773804 -4.08700037002563 -4.05900001525879 -3.93200016021729 -3.80700016021729 -3.58000016212463 -3.54500007629395 -3.43100023269653 -3.27900004386902 -3.1340000629425 -3.17900013923645 -3.02000021934509 -2.91000008583069 -2.74400019645691 -2.40500020980835 -2.26400017738342 -2.19800019264221 -2.27800011634827 -2.53200006484985 -2.86900019645691 -3.26200008392334 -3.9370002746582 -3.92200016975403 -3.65100026130676 -3.30200004577637 -2.95900011062622 -2.77000021934509
-3.4e+38 -3.4e+38 -3.4e+38 -3.4e+38 -3.4e+38 -3.4e+38 -3.4e+38 -2.86300015449524 -2.90000009536743 -3.06900024414062 -3.26400017738342 -3.3510000705719 -3.2810001373291 -3.25600004196167 -3.22300004959106 -3.40400004386902 -3.5620002746582 -3.65300011634827 -3.69000005722046 -3.75200009346008 -3.82900023460388 -4.00100040435791 -4.00699996948242 -4.07100009918213 -4.09400033950806 -3.94300007820129 -3.83200025558472 -3.82200026512146 -3.77600026130676 -3.71400022506714 -3.56000018119812 -3.50500011444092 -3.4740002155304 -3.30600023269653 -3.30900025367737 -3.25500011444092 -3.16400003433228 -2.96600008010864 -2.61800003051758 -2.43600010871887 -2.26400017738342 -2.25600004196167 -2.47700023651123 -2.8270001411438 -3.11600017547607 -3.92700028419495 -4.12700033187866 -3.88700008392334 -3.55000019073486 -3.27600026130676 -2.91900014877319
-3.4e+38 -3.4e+38 -3.4e+38 -3.4e+38 -3.4e+38 -3.4e+38 -3.4e+38 -3.4e+38 -2.8490002155304 -2.9300000667572 -3.14900016784668 -3.28600025177002 -3.32400012016296 -3.33200025558472 -3.21500015258789 -3.2240002155304 -3.40800023078918 -3.39000010490417 -3.35500025749207 -3.53500008583069 -3.79800009727478 -4.05400037765503 -4.17600011825562 -4.09200000762939 -4.014000415802 -3.98100018501282 -3.87100028991699 -3.76500010490417 -3.72100019454956 -3.63300013542175 -3.54600024223328 -3.54000020027161 -3.44400024414062 -3.40900015830994 -3.48400020599365 -3.4740002155304 -3.33400011062622 -3.06300020217896 -2.84800004959106 -2.72900009155273 -2.46300005912781 -2.31100010871887 -2.40500020980835 -2.72200012207031 -3.21300005912781 -3.80900025367737 -3.92500019073486 -3.98200011253357 -3.6780002117157 -3.43500018119812 -3.12600016593933
-3.4e+38 -3.4e+38 -3.4e+38 -3.4e+38 -3.4e+38 -3.4e+38 -3.4e+38 -3.4e+38 -3.4e+38 -2.83500003814697 -3.00500011444092 -3.22200012207031 -3.31500005722046 -3.33500027656555 -3.2480001449585 -3.16800022125244 -3.23400020599365 -3.19400024414062 -3.2350001335144 -3.47900009155273 -3.88700008392334 -4.13400030136108 -4.20100021362305 -4.22000026702881 -4.1540002822876 -4.03600025177002 -3.79800009727478 -3.69500017166138 -3.64900016784668 -3.62000012397766 -3.6010000705719 -3.48600006103516 -3.46200013160706 -3.46900010108948 -3.66000008583069 -3.57100009918213 -3.36300015449524 -3.20800018310547 -3.10500025749207 -3.10400009155273 -2.83000016212463 -2.5990002155304 -2.40800023078918 -2.55000019073486 -2.96300005912781 -3.33000016212463 -3.39200019836426 -3.93100023269653 -3.80800008773804 -3.54500007629395 -3.24000024795532
-3.4e+38 -3.4e+38 -3.4e+38 -3.4e+38 -3.4e+38 -3.4e+38 -3.4e+38 -3.4e+38 -3.4e+38 -2.78200006484985 -2.82900023460388 -3.03700017929077 -3.21700024604797 -3.21800017356873 -3.28000020980835 -3.17400026321411 -3.14300012588501 -3.06500005722046 -3.22200012207031 -3.54900026321411 -3.91700029373169 -4.14499998092651 -4.23900032043457 -4.24000024795532 -4.13100004196167 -3.90900015830994 -3.83500027656555 -3.69500017166138 -3.632000207901 -3.64100027084351 -3.53700017929077 -3.48800015449524 -3.5310001373291 -3.39800024032593 -3.35700011253357 -3.30900025367737 -3.33700013160706 -3.6100001335144 -3.76200008392334 -3.46800017356873 -3.16500020027161 -2.93300008773804 -2.69600009918213 -2.42900013923645 -2.54000020027161 -2.72200012207031 -2.89500021934509 -3.33900022506714 -3.73800015449524 -3.53500008583069 -3.30400013923645
-3.4e+38 -3.4e+38 -3.4e+38 -3.4e+38 -3.4e+38 -3.4e+38 -3.4e+38 -3.4e+38 -3.4e+38 -3.4e+38 -2.70000004768372 -2.80700016021729 -3.04700016975403 -3.21000003814697 -3.26200008392334 -3.25600004196167 -3.10900020599365 -3.02600026130676 -3.15400004386902 -3.41700005531311 -3.71400022506714 -3.96000027656555 -4.16200017929077 -4.23900032043457 -4.2310004234314 -3.9740002155304 -3.86100029945374 -3.77000021934509 -3.70100021362305 -3.56300020217896 -3.44100022315979 -3.39200019836426 -3.37700009346008 -3.21000003814697 -3.1010000705719 -3.24200010299683 -3.44000005722046 -3.67300009727478 -4.07800006866455 -4.39300012588501 -3.99500012397766 -3.38300013542175 -3.04400014877319 -2.65900015830994 -2.4280002117157 -2.46800017356873 -2.73600006103516 -3.10200023651123 -3.78900027275085 -3.72000026702881 -3.40400004386902
-3.4e+38 -3.4e+38 -3.4e+38 -3.4e+38 -3.4e+38 -3.4e+38 -3.4e+38 -3.4e+38 -3.4e+38 -3.4e+38 -3.4e+38 -2.67900013923645 -2.81800007820129 -3.01100015640259 -3.10400009155273 -3.10400009155273 -3.01100015640259 -2.94500017166138 -3.04500007629395 -3.19200015068054 -3.44500017166138 -3.68800020217896 -3.93300008773804 -4.16300010681152 -4.24700021743774 -4.13300037384033 -3.93600010871887 -3.68400025367737 -3.55600023269653 -3.50500011444092 -3.43200016021729 -3.3030002117157 -3.19100022315979 -3.09400010108948 -3.08900022506714 -3.24400019645691 -3.55900025367737 -3.74900007247925 -4.11300039291382 -4.67000007629395 -4.7790002822876 -5.00100040435791 -3.42400026321411 -2.93300008773804 -2.54400014877319 -2.35600018501282 -2.60000014305115 -3.00200009346008 -3.6230001449585 -3.79800009727478 -3.52000021934509
-3.4e+38 -3.4e+38 -3.4e+38 -3.4e+38 -3.4e+38 -3.4e+38 -3.4e+38 -3.4e+38 -3.4e+38 -3.4e+38 -3.4e+38 -3.4e+38 -3.4e+38 -2.7810001373291 -2.882000207901 -2.89900016784668 -2.8600001335144 -2.79400014877319 -2.87500023841858 -2.92100024223328 -3.16500020027161 -3.4370002746582 -3.66400027275085 -3.882000207901 -4.03500032424927 -4.1100001335144 -3.99100017547607 -3.80000019073486 -3.65500020980835 -3.5620002746582 -3.40800023078918 -3.25000023841858 -3.1230001449585 -3.10600018501282 -3.09500002861023 -3.20600008964539 -3.53700017929077 -3.82400012016296 -4.01000022888184 -4.61300039291382 -5.55300045013428 -5.61600017547607 -3.50400018692017 -2.92000007629395 -2.6100001335144 -2.30400013923645 -2.46500015258789 -2.85900020599365 -3.25500011444092 -3.59500026702881 -3.46500015258789
-3.4e+38 -3.4e+38 -3.4e+38 -3.4e+38 -3.4e+38 -3.4e+38 -3.4e+38 -3.4e+38 -3.4e+38 -3.4e+38 -3.4e+38 -3.4e+38 -3.4e+38 -3.4e+38 -3.4e+38 -3.4e+38 -2.68400001525879 -2.66600012779236 -2.70600008964539 -2.78500008583069 -2.94300007820129 -3.15200018882751 -3.32100009918213 -3.56100010871887 -3.80000019073486 -4.06700038909912 -3.98200011253357 -3.8120002746582 -3.75300025939941 -3.56900024414062 -3.35400009155273 -3.14900016784668 -3.17200016975403 -3.09200024604797 -3.10800004005432 -3.18200016021729 -3.42700004577637 -3.75400018692017 -3.90700030326843 -4.19800043106079 -5.09100008010864 -5.60900020599365 -3.99500012397766 -3.0530002117157 -2.69000005722046 -2.3510000705719 -2.31600022315979 -2.64500021934509 -2.97900009155273 -3.2590000629425 -3.14400005340576
-3.4e+38 -3.4e+38 -3.4e+38 -3.4e+38 -3.4e+38 -3.4e+38 -3.4e+38 -3.4e+38 -3.4e+38 -3.4e+38 -3.4e+38 -3.4e+38 -3.4e+38 -3.4e+38 -3.4e+38 -3.4e+38 -3.4e+38 -2.4740002155304 -2.59600019454956 -2.66600012779236 -2.76900005340576 -3.01600003242493 -3.17000007629395 -3.3490002155304 -3.58500027656555 -3.84500026702881 -3.78700017929077 -3.60900020599365 -3.6560001373291 -3.64500021934509 -3.46900010108948 -3.23400020599365 -3.31100010871887 -3.3600001335144 -3.32500004768372 -3.36700010299683 -3.45800018310547 -3.70400023460388 -3.9280002117157 -4.22000026702881 -4.87000036239624 -5.04200029373169 -3.89000010490417 -3.04600024223328 -2.67200016975403 -2.3730001449585 -2.13000011444092 -2.29800009727478 -2.69200015068054 -2.88000011444092 -2.77500009536743
-3.4e+38 -3.4e+38 -3.4e+38 -3.4e+38 -3.4e+38 -3.4e+38 -3.4e+38 -3.4e+38 -3.4e+38 -3.4e+38 -3.4e+38 -3.4e+38 -3.4e+38 -3.4e+38 -3.4e+38 -3.4e+38 -3.4e+38 -3.4e+38 -2.45500016212463 -2.57100009918213 -2.68900012969971 -2.78200006484985 -2.94300007820129 -3.07600021362305 -3.27900004386902 -3.54500007629395 -3.507000207901 -3.51400017738342 -3.82000017166138 -3.79100012779236 -3.57600021362305 -3.33400011062622 -3.21400022506714 -3.35500025749207 -3.43100023269653 -3.38000011444092 -3.65000009536743 -3.83800029754639 -4.01700019836426 -4.32500028610229 -4.94900035858154 -5.30100011825562 -3.81000018119812 -3.20300006866455 -2.89000010490417 -2.60000014305115 -2.1100001335144 -2.10700011253357 -2.43400001525879 -2.61400008201599 -2.71700024604797
-3.4e+38 -3.4e+38 -3.4e+38 -3.4e+38 -3.4e+38 -3.4e+38 -3.4e+38 -3.4e+38 -3.4e+38 -3.4e+38 -3.4e+38 -3.4e+38 -3.4e+38 -3.4e+38 -3.4e+38 -3.4e+38 -3.4e+38 -3.4e+38 -3.4e+38 -2.51000022888184 -2.60400009155273 -2.66600012779236 -2.70300006866455 -2.82300019264221 -2.94000005722046 -3.20400023460388 -3.38700008392334 -3.72100019454956 -4.19800043106079 -4.25800037384033 -3.76700019836426 -3.25000023841858 -3.10200023651123 -3.15400004386902 -3.39200019836426 -3.30600023269653 -3.57200026512146 -3.91300010681152 -4.20000028610229 -4.49200010299683 -5.08300018310547 -5.57400035858154 -3.68600010871887 -3.34700012207031 -3.34300017356873 -2.85400009155273 -2.13900017738342 -1.91100013256073 -2.132000207901 -2.49700021743774 -2.84300017356873
-3.4e+38 -3.4e+38 -3.4e+38 -3.4e+38 -3.4e+38 -3.4e+38 -3.4e+38 -3.4e+38 -3.4e+38 -3.4e+38 -3.4e+38 -3.4e+38 -3.4e+38 -3.4e+38 -3.4e+38 -3.4e+38 -3.4e+38 -3.4e+38 -3.4e+38 -3.4e+38 -2.57300019264221 -2.54100012779236 -2.60200023651123 -2.69000005722046 -2.85900020599365 -3.17400026321411 -3.57300019264221 -3.92500019073486 -4.1540002822876 -4.02500009536743 -3.74400019645691 -3.25800013542175 -3.08700013160706 -3.07100009918213 -3.17700004577637 -3.31100010871887 -3.4740002155304 -3.79700016975403 -4.07400035858154 -4.17400026321411 -4.81600046157837 -4.64000034332275 -3.55400013923645 -3.36100006103516 -3.41400027275085 -2.74700021743774 -2.24100017547607 -1.85800004005432 -1.94200015068054 -2.31600022315979 -2.91900014877319
-3.4e+38 -3.4e+38 -3.4e+38 -3.4e+38 -3.4e+38 -3.4e+38 -3.4e+38 -3.4e+38 -3.4e+38 -3.4e+38 -3.4e+38 -3.4e+38 -3.4e+38 -3.4e+38 -3.4e+38 -3.4e+38 -3.4e+38 -3.4e+38 -3.4e+38 -3.4e+38 -3.4e+38 -2.52400016784668 -2.45700001716614 -2.63000011444092 -2.82900023460388 -3.17400026321411 -3.66600012779236 -4.35400009155273 -4.18800020217896 -4.04100036621094 -3.68100023269653 -3.27500009536743 -3.06800007820129 -3.02500009536743 -3.08100008964539 -3.13600015640259 -3.19100022315979 -3.36600017547607 -3.61900019645691 -3.81700015068054 -4.03500032424927 -4.00400018692017 -3.66600012779236 -3.22300004959106 -2.97200012207031 -2.49300003051758 -2.14400005340576 -1.87500011920929 -1.89900004863739 -2.15400004386902 -2.58900022506714
-3.4e+38 -3.4e+38 -3.4e+38 -3.4e+38 -3.4e+38 -3.4e+38 -3.4e+38 -3.4e+38 -3.4e+38 -3.4e+38 -3.4e+38 -3.4e+38 -3.4e+38 -3.4e+38 -3.4e+38 -3.4e+38 -3.4e+38 -3.4e+38 -3.4e+38 -3.4e+38 -3.4e+38 -3.4e+38 -3.4e+38 -2.5220000743866 -2.81000018119812 -3.12400007247925 -3.5310001373291 -4.47399997711182 -4.22300004959106 -4.08300018310547 -3.73200011253357 -3.43900012969971 -3.12100005149841 -2.98700022697449 -2.97000002861023 -3.09700012207031 -3.08400011062622 -3.10400009155273 -3.32300019264221 -3.41000008583069 -3.60400009155273 -3.65300011634827 -4.03400039672852 -3.19600009918213 -2.7110002040863 -2.3050000667572 -2.1230001449585 -1.94300007820129 -1.84900009632111 -2.04200005531311 -2.34700012207031
-3.4e+38 -3.4e+38 -3.4e+38 -3.4e+38 -3.4e+38 -3.4e+38 -3.4e+38 -3.4e+38 -3.4e+38 -3.4e+38 -3.4e+38 -3.4e+38 -3.4e+38 -3.4e+38 -3.4e+38 -3.4e+38 -3.4e+38 -3.4e+38 -3.4e+38 -3.4e+38 -3.4e+38 -3.4e+38 -3.4e+38 -3.4e+38 -3.4e+38 -2.90300011634827 -3.20500016212463 -3.59400010108948 -3.89600014686584 -3.90000009536743 -3.70900011062622 -3.34400010108948 -3.16900014877319 -3.07100009918213 -3.03400015830994 -3.15000009536743 -3.17900013923645 -3.12200021743774 -3.08000016212463 -3.1560001373291 -3.18200016021729 -3.19700026512146 -3.31800007820129 -3.01800012588501 -2.56500005722046 -2.23300004005432 -2.11800003051758 -1.98200011253357 -1.84400010108948 -1.95900011062622 -2.20000004768372
-3.4e+38 -3.4e+38 -3.4e+38 -3.4e+38 -3.4e+38 -3.4e+38 -3.4e+38 -3.4e+38 -3.4e+38 -3.4e+38 -3.4e+38 -3.4e+38 -3.4e+38 -3.4e+38 -3.4e+38 -3.4e+38 -3.4e+38 -3.4e+38 -3.4e+38 -3.4e+38 -3.4e+38 -3.4e+38 -3.4e+38 -3.4e+38 -3.4e+38 -2.57100009918213 -2.87200021743774 -3.15500020980835 -3.49700021743774 -4.09500026702881 -3.76200008392334 -3.45400023460388 -3.15400004386902 -3.04800009727478 -3.23100018501282 -3.41300010681152 -3.47100019454956 -3.31700015068054 -3.132000207901 -2.97100019454956 -2.70900011062622 -2.91800022125244 -2.8730001449585 -2.69100022315979 -2.37100005149841 -2.40000009536743 -2.39800000190735 -2.18800020217896 -1.92300009727478 -1.9300000667572 -2.09600019454956
