layers/tdmean9.asc
NCOLS 421 
NROWS 354 
XLLCORNER -106.645833332895 
YLLCORNER 25.8541666666667 
CELLSIZE 0.0416666666669039 
NODATA_value -3.4e+38 
[rows 207 to 229 of 354, columns 104 to 155 of 421]
3.36400008201599 3.39300012588501 3.40800023078918 3.43800020217896 3.45700025558472 3.52100014686584 3.63100028038025 3.70900011062622 3.76900029182434 3.8510000705719 3.9060001373291 3.98900008201599 4.05500030517578 4.09100008010864 4.08000040054321 4.14900016784668 4.2310004234314 4.25300025939941 4.2480001449585 4.25100040435791 4.33500003814697 4.32100009918213 4.45000028610229 4.63000011444092 4.70500040054321 4.80800008773804 4.87900018692017 4.83100032806396 4.89100027084351 5.07300043106079 5.13800001144409 5.139000415802 5.31400012969971 5.45700025558472 5.47600030899048 5.51700019836426 5.44000005722046 5.60400009155273 5.96900033950806 6.27800035476685 6.4060001373291 6.43600034713745 6.21700048446655 6.30600023269653 6.34800052642822 6.27300024032593 6.30000019073486 6.29500007629395 6.42800045013428 6.39400053024292 6.51500034332275 6.45700025558472
3.39400005340576 3.4520001411438 3.45000004768372 3.43500018119812 3.45800018310547 3.52400016784668 3.54900026321411 3.66200017929077 3.74500012397766 3.82100009918213 3.89300012588501 3.94700026512146 3.99900007247925 4.01700019836426 4.03400039672852 4.0770001411438 4.13100004196167 4.16000032424927 4.125 4.18200016021729 4.25300025939941 4.32000017166138 4.42900037765503 4.55100011825562 4.625 4.74600028991699 4.77400016784668 4.9520001411438 5.01300001144409 5.17600011825562 5.16300010681152 5.25400018692017 5.29100036621094 5.35300016403198 5.27000045776367 5.20000028610229 5.15100002288818 5.49300003051758 5.97300004959106 6.20000028610229 6.36500024795532 6.52100038528442 6.514000415802 6.53700017929077 6.41000032424927 6.3730001449585 6.45000028610229 6.53000020980835 6.64900016784668 6.64200019836426 6.62000036239624 6.72400045394897
3.41400027275085 3.46800017356873 3.47500014305115 3.45400023460388 3.49400019645691 3.5530002117157 3.6010000705719 3.63500022888184 3.76000022888184 3.79000020027161 3.84500026702881 3.95100021362305 4.01300001144409 3.96900010108948 3.99000024795532 3.97900009155273 3.9850001335144 4.00699996948242 4.04200029373169 4.11899995803833 4.17600011825562 4.34500026702881 4.49100017547607 4.58300018310547 4.58600044250488 4.63000011444092 4.74500036239624 4.84000015258789 5.00200033187866 5.21300029754639 5.2180004119873 5.2020001411438 5.27700042724609 5.24700021743774 5.1560001373291 4.97900009155273 4.97300004959106 5.24500036239624 5.63500022888184 5.92600011825562 6.15200042724609 6.34900045394897 6.51700019836426 6.69300031661987 6.78300046920776 6.60900020599365 6.6850004196167 6.7350001335144 6.84700012207031 6.80500030517578 6.86600017547607 6.8870005607605
3.46200013160706 3.51700019836426 3.50800013542175 3.49100017547607 3.53200006484985 3.56000018119812 3.6100001335144 3.66500020027161 3.76400017738342 3.77600026130676 3.81900024414062 3.90800023078918 3.97500014305115 3.95400023460388 3.99300026893616 3.9850001335144 3.99400019645691 3.94900012016296 4.01300001144409 4.12400007247925 4.24100017547607 4.32600021362305 4.54500007629395 4.6870002746582 4.639000415802 4.65900039672852 4.82100009918213 4.99900007247925 5.10700035095215 5.22200012207031 5.32800006866455 5.389000415802 5.36600017547607 5.0600004196167 5.1230001449585 5.08000040054321 5.13100004196167 5.03900003433228 5.22700023651123 5.57000017166138 5.71600008010864 6.06900024414062 6.29200029373169 6.46200037002563 6.69000053405762 6.81400012969971 6.69900035858154 6.83000040054321 6.93900012969971 7.04000043869019 7.0310001373291 6.87400054931641
3.52300024032593 3.5530002117157 3.57900023460388 3.59000015258789 3.60700011253357 3.63500022888184 3.65100026130676 3.68900012969971 3.76500010490417 3.83200025558472 3.86500024795532 3.91000008583069 3.92600011825562 4.00400018692017 4.04200029373169 4.06500005722046 4.01600027084351 4.014000415802 4.05000019073486 4.12100028991699 4.19700002670288 4.30500030517578 4.47700023651123 4.639000415802 4.73400020599365 4.80100011825562 4.81500005722046 4.86400032043457 4.97200012207031 5.12000036239624 5.23600006103516 5.36700010299683 5.30400037765503 5.39900016784668 5.50000047683716 5.22500038146973 5.36600017547607 5.12700033187866 5.0930004119873 5.21900033950806 5.40000009536743 5.69000005722046 5.83900022506714 6.25300025939941 6.55200052261353 6.50900030136108 6.66200017929077 6.62000036239624 6.70400047302246 6.9810004234314 7.13100051879883 7.0930004119873
3.5550000667572 3.58500027656555 3.59700012207031 3.62700009346008 3.66400027275085 3.71800017356873 3.75800013542175 3.78400015830994 3.82400012016296 3.882000207901 3.90000009536743 3.82500028610229 3.88900017738342 3.9850001335144 4.04100036621094 4.04300022125244 4.00800037384033 4.0290002822876 4.06599998474121 4.13800001144409 4.35200023651123 4.42500019073486 4.48600006103516 4.51900005340576 4.5310001373291 4.65500020980835 4.71000003814697 4.86200046539307 5.03600025177002 5.16500043869019 5.2790002822876 5.14500045776367 5.02000045776367 5.28300046920776 5.42600011825562 5.57400035858154 5.44200038909912 5.29200029373169 5.07400035858154 5.16300010681152 5.40500020980835 5.59500026702881 5.79400014877319 6.00400018692017 6.29400014877319 6.31400012969971 6.17100048065186 6.29300022125244 6.78000020980835 6.93400049209595 6.97800016403198 7.19400024414062
3.58500027656555 3.57400012016296 3.57900023460388 3.64300012588501 3.71900010108948 3.73100018501282 3.80900025367737 3.84600019454956 3.84000015258789 3.88400030136108 3.89600014686584 3.90000009536743 3.93600010871887 4.00900030136108 4.02600002288818 4.0770001411438 4.09899997711182 4.15200042724609 4.2350001335144 4.32500028610229 4.44600009918213 4.48200035095215 4.52800035476685 4.52100038528442 4.52600002288818 4.63000011444092 4.73900032043457 4.90200042724609 5.04300022125244 5.16500043869019 5.00600004196167 4.82200002670288 4.91000032424927 4.98600006103516 5.28600025177002 5.58000040054321 5.68400049209595 5.48700046539307 5.42500019073486 5.37500047683716 5.55900049209595 5.78400039672852 5.9370002746582 5.76000022888184 5.83600044250488 5.96400022506714 5.84600019454956 6.22200012207031 6.72300052642822 6.72700023651123 6.93900012969971 7.09400033950806
3.61200022697449 3.60900020599365 3.63900017738342 3.68600010871887 3.72900009155273 3.77100014686584 3.80100011825562 3.87500023841858 3.84100008010864 3.85500025749207 3.88800024986267 3.90900015830994 3.94700026512146 3.98200011253357 4.06500005722046 4.08300018310547 4.15200042724609 4.23900032043457 4.28400039672852 4.389000415802 4.41600036621094 4.45900011062622 4.55500030517578 4.55100011825562 4.55700016021729 4.64200019836426 4.80200004577637 4.87600040435791 4.78200006484985 4.92600011825562 5.06100034713745 5.06400012969971 5.2790002822876 5.41000032424927 5.51000022888184 5.37000036239624 5.69500017166138 5.87400007247925 5.91900014877319 5.91800022125244 5.62200021743774 6.09000015258789 5.85500049591064 5.87500047683716 5.84000015258789 5.98000049591064 6.19600009918213 6.27500009536743 6.44600009918213 6.81400012969971 7.00100040435791 7.15000057220459
3.6230001449585 3.66900014877319 3.64800024032593 3.67900013923645 3.72900009155273 3.7810001373291 3.84100008010864 3.91900014877319 3.91200017929077 3.87800025939941 3.88800024986267 3.93900012969971 4.00300025939941 4 4.06500005722046 4.18100023269653 4.22200012207031 4.264000415802 4.34000015258789 4.42600011825562 4.42799997329712 4.43200016021729 4.47900009155273 4.59900045394897 4.59700012207031 4.71400022506714 4.81600046157837 4.68100023269653 4.69000005722046 4.77000045776367 4.98000001907349 5.04300022125244 5.10400009155273 5.34900045394897 5.40100002288818 5.51900005340576 5.58400011062622 5.55400037765503 5.99900007247925 6.19800043106079 6.07000017166138 6.33000040054321 6.24200010299683 6.23000049591064 5.95900011062622 6.25200033187866 6.38000011444092 6.58700037002563 6.70500040054321 6.92200040817261 6.9850001335144 7.10400056838989
3.70400023460388 3.7110002040863 3.7330002784729 3.7590000629425 3.79100012779236 3.81300020217896 3.86300015449524 3.93300008773804 3.96300029754639 3.94400024414062 3.90800023078918 3.9520001411438 4.01300001144409 4.0789999961853 4.14700031280518 4.25200033187866 4.38300037384033 4.32500028610229 4.35400009155273 4.48400020599365 4.54400014877319 4.55000019073486 4.56400012969971 4.67900037765503 4.72100019454956 4.71100044250488 4.74500036239624 4.78500032424927 4.91500043869019 4.87900018692017 4.95600032806396 5.02100038528442 5.16100025177002 5.22600030899048 5.39700031280518 5.35900020599365 5.35700035095215 5.6060004234314 5.89500045776367 6.16800022125244 6.41200017929077 6.51700019836426 6.52400016784668 6.45500040054321 6.30000019073486 6.52500009536743 6.65800046920776 6.75500011444092 6.95600032806396 7.05200052261353 7.16500043869019 7.19900035858154
3.86400008201599 3.82500028610229 3.80200028419495 3.83800029754639 3.85700011253357 3.90500020980835 3.99900007247925 4.01600027084351 4.0310001373291 4.05299997329712 4.01900005340576 4.01900005340576 4.08900022506714 4.18800020217896 4.27800035476685 4.31400012969971 4.36199998855591 4.46400022506714 4.45600032806396 4.57400035858154 4.61400032043457 4.64800024032593 4.73400020599365 4.75700044631958 4.77300024032593 4.75 4.76200008392334 4.87100028991699 5.07900047302246 4.98800039291382 4.94900035858154 5.04200029373169 5.2330002784729 5.39800024032593 5.44800043106079 5.54500007629395 5.61700010299683 5.58000040054321 5.74100017547607 5.95900011062622 6.29600048065186 6.45900011062622 6.60100030899048 6.55900049209595 6.55600023269653 6.63500022888184 6.80600023269653 6.95000028610229 7.10500049591064 7.23800039291382 7.29300022125244 7.32100057601929
4.14600038528442 4.0290002822876 3.92900013923645 3.88000011444092 3.93200016021729 4.00100040435791 4.07800006866455 4.14100027084351 4.15000009536743 4.16400003433228 4.20500040054321 4.23000001907349 4.27200031280518 4.30400037765503 4.38700008392334 4.44200038909912 4.47600030899048 4.51100015640259 4.5460000038147 4.59800004959106 4.6080002784729 4.65000009536743 4.65500020980835 4.63000011444092 4.67600011825562 4.88500022888184 4.83800029754639 5.08000040054321 5.15000009536743 5.07400035858154 5.08800029754639 5.14900016784668 5.32300043106079 5.4830002784729 5.60700035095215 5.70400047302246 5.78700017929077 5.81300020217896 6.02200031280518 5.94800043106079 6.1080002784729 6.37200021743774 6.60700035095215 6.6850004196167 6.74900054931641 6.81900024414062 6.90800046920776 7.13500022888184 7.24500036239624 7.22200012207031 7.24600028991699 7.30300045013428
4.30900001525879 4.29800033569336 4.1540002822876 3.99000024795532 3.99300026893616 4.06599998474121 4.12100028991699 4.17799997329712 4.20300006866455 4.2350001335144 4.28700017929077 4.34000015258789 4.37400007247925 4.41400003433228 4.44099998474121 4.50800037384033 4.58000040054321 4.62400007247925 4.72200012207031 4.80200004577637 4.89700031280518 4.889000415802 4.77400016784668 4.76100015640259 4.81800031661987 5.06100034713745 5.01200008392334 5.21300029754639 5.32900047302246 5.2310004234314 5.40000009536743 5.45300006866455 5.48000049591064 5.62800025939941 5.69100046157837 5.74500036239624 5.97500038146973 6.14700031280518 6.20500040054321 6.26000022888184 6.24000024795532 6.42800045013428 6.56500053405762 6.67700052261353 6.889000415802 6.99600028991699 7.08800029754639 7.19900035858154 7.21300029754639 7.23200035095215 7.30300045013428 7.37400054931641
4.42300033569336 4.37900018692017 4.27400016784668 4.1060004234314 4.07600021362305 4.14300012588501 4.1850004196167 4.28200006484985 4.27100038528442 4.31300020217896 4.41700029373169 4.46200037002563 4.48900032043457 4.51100015640259 4.5770001411438 4.58900022506714 4.63600015640259 4.72400045394897 4.764000415802 4.80300045013428 4.85000038146973 4.85700035095215 4.82000017166138 4.85000038146973 4.92000007629395 5.06500005722046 5.24000024795532 5.32600021362305 5.36700010299683 5.54100036621094 5.73400020599365 5.67900037765503 5.68300008773804 5.74600028991699 5.97500038146973 6.18000030517578 6.13300037384033 6.16500043869019 6.35200023651123 6.44500017166138 6.55100011825562 6.51600027084351 6.47500038146973 6.73400020599365 6.85100030899048 6.86100053787231 6.97300052642822 7.14500045776367 7.21700048446655 7.26500034332275 7.32600021362305 7.40200042724609
4.3600001335144 4.33900022506714 4.36400032043457 4.21600008010864 4.19200038909912 4.28600025177002 4.38200044631958 4.44000005722046 4.42700004577637 4.46200037002563 4.53200006484985 4.55400037765503 4.56800031661987 4.55800008773804 4.62900018692017 4.66600036621094 4.69300031661987 4.78299999237061 4.8120002746582 4.86800003051758 4.90700006484985 4.92600011825562 4.875 4.92500019073486 4.99300003051758 5.15800046920776 5.2350001335144 5.30200004577637 5.29600048065186 5.46400022506714 5.69500017166138 5.92400026321411 5.97500038146973 6.01900005340576 6.04300022125244 6.00500011444092 5.95600032806396 6.0310001373291 6.14500045776367 6.28200006484985 6.68000030517578 6.68400049209595 6.66800022125244 6.78300046920776 6.81800031661987 6.8410005569458 7.014000415802 7.18100023269653 7.22500038146973 7.23700046539307 7.29400014877319 7.39500045776367
4.26700019836426 4.30100011825562 4.28500032424927 4.24900007247925 4.32600021362305 4.47000026702881 4.70000028610229 4.75 4.69300031661987 4.68400001525879 4.71900033950806 4.68400001525879 4.70100021362305 4.72100019454956 4.76500034332275 4.80000019073486 4.85900020599365 4.91600036621094 4.93400001525879 4.97500038146973 5.03700017929077 5.06500005722046 5.06900024414062 5.09500026702881 5.16000032424927 5.27400016784668 5.31900024414062 5.39500045776367 5.4370002746582 5.47500038146973 5.52000045776367 5.82600021362305 5.79600048065186 5.83500051498413 5.83800029754639 5.99200010299683 6.24400043487549 6.36100053787231 6.53400039672852 6.59100008010864 6.7020001411438 6.6850004196167 6.67900037765503 6.7350001335144 6.80200052261353 6.87900018692017 7.0620002746582 7.13300037384033 7.09500026702881 7.17200040817261 7.26700019836426 7.36200046539307
4.28600025177002 4.03900003433228 4.11700010299683 4.01000022888184 4.43400001525879 4.52500009536743 4.764000415802 4.82300043106079 4.81800031661987 4.82000017166138 4.81500005722046 4.77000045776367 4.75100040435791 4.7330002784729 4.76000022888184 4.79900026321411 4.85400009155273 4.94700002670288 4.97400045394897 5.02700042724609 5.08500003814697 5.12900018692017 5.15500020980835 5.14900016784668 5.25400018692017 5.37800025939941 5.39500045776367 5.45500040054321 5.39600038528442 5.49600028991699 5.59900045394897 5.81900024414062 5.61800003051758 5.61400032043457 5.8600001335144 6.05400037765503 6.24000024795532 6.24600028991699 6.27300024032593 6.46600008010864 6.70400047302246 6.52000045776367 6.61500024795532 6.70600032806396 6.71200037002563 6.7810001373291 6.93800020217896 6.95900011062622 6.95700025558472 7.07600021362305 7.1540002822876 7.25000047683716
4.61400032043457 4.37900018692017 3.93500018119812 4.08000040054321 4.51700019836426 4.74400043487549 4.76900005340576 4.91500043869019 4.94000005722046 4.94000005722046 4.93100023269653 4.83800029754639 4.77600002288818 4.73200035095215 4.75900030136108 4.80200004577637 4.87800025939941 4.94800043106079 4.96300029754639 5.02200031280518 5.0600004196167 5.10900020599365 5.16000032424927 5.21400022506714 5.31300020217896 5.40900039672852 5.49000024795532 5.50300025939941 5.44600009918213 5.54300022125244 5.70900011062622 5.57600021362305 5.57000017166138 5.77000045776367 5.84000015258789 6.07000017166138 6.09500026702881 5.99400043487549 6.24200010299683 6.46000051498413 6.4680004119873 6.56300020217896 6.63800048828125 6.75100040435791 6.66900014877319 6.77100038528442 6.66300010681152 6.63700008392334 6.6850004196167 6.889000415802 6.89000034332275 7.07100009918213
4.64300012588501 4.24500036239624 4.20700025558472 4.30500030517578 4.79900026321411 4.93100023269653 4.875 5.0290002822876 5.03000020980835 4.9830002784729 4.99400043487549 4.94100046157837 4.82500028610229 4.72600030899048 4.68900012969971 4.75300025939941 4.84200000762939 4.889000415802 4.98900032043457 5.02500009536743 5.04800033569336 5.06700038909912 5.10700035095215 5.16400003433228 5.31600046157837 5.4980001449585 5.53700017929077 5.57900047302246 5.52700042724609 5.53700017929077 5.67100048065186 5.67100048065186 5.78500032424927 5.82500028610229 6.02000045776367 6.13500022888184 5.91000032424927 6.09900045394897 6.3600001335144 6.2310004234314 6.15900039672852 6.35000038146973 6.45100021362305 6.7330002784729 6.41100025177002 6.67200040817261 6.54000043869019 6.40200042724609 6.53500032424927 6.62400054931641 6.56300020217896 6.85000038146973
4.84600019454956 4.83000040054321 4.83300018310547 4.92500019073486 5.01900005340576 5.04200029373169 4.95400047302246 5.06700038909912 5.06900024414062 4.9520001411438 4.875 4.79100036621094 4.84500026702881 4.80400037765503 4.79700040817261 4.80400037765503 4.8270001411438 4.82400035858154 4.90500020980835 4.99500036239624 5.01900005340576 4.97200012207031 4.97300004959106 5.09500026702881 5.40300035476685 5.60900020599365 5.66400003433228 5.58200025558472 5.58000040054321 5.62900018692017 5.80900049209595 5.82100009918213 5.89300012588501 6.08700037002563 6.03800010681152 5.87400007247925 5.99600028991699 6.28400039672852 6.20100021362305 6.13600015640259 6.00600051879883 6.13600015640259 6.40000009536743 6.72800016403198 6.58700037002563 6.39400053024292 6.55200052261353 6.5770001411438 6.42800045013428 6.40500020980835 6.56100034713745 6.764000415802
4.94800043106079 4.98000001907349 5.07900047302246 5.17100048065186 5.16600036621094 5.14800024032593 5.01200008392334 5.05200004577637 5.04000043869019 4.80400037765503 4.96900033950806 4.87100028991699 4.88000011444092 4.9520001411438 4.93200016021729 4.91900014877319 4.7960000038147 4.71900033950806 4.77500009536743 4.90300035476685 4.98600006103516 5.05700016021729 5.07900047302246 5.17300033569336 5.39200019836426 5.62200021743774 5.65300035476685 5.73600006103516 5.74700021743774 5.79800033569336 5.91700029373169 5.96600008010864 5.99000024795532 5.98900032043457 5.80500030517578 5.889000415802 6.13300037384033 6.22300052642822 6.01900005340576 5.93900012969971 6.07800006866455 6.36800050735474 6.53400039672852 6.74000024795532 6.66400051116943 6.54300022125244 6.43100023269653 6.40900039672852 6.389000415802 6.52700042724609 6.68600034713745 6.89500045776367
5.01300001144409 5.04400014877319 5.21600008010864 5.27100038528442 4.94100046157837 5.13400030136108 5.1100001335144 5.09600019454956 5.04000043869019 4.94600009918213 4.96100044250488 4.99100017547607 5.01500034332275 5.05800008773804 5.06600046157837 4.95900011062622 4.86600017547607 4.79300022125244 4.90100002288818 5.03900003433228 5.16200017929077 5.24900007247925 5.28400039672852 5.37200021743774 5.4680004119873 5.61400032043457 5.75200033187866 5.73900032043457 5.80000019073486 5.80800008773804 5.86700010299683 5.96300029754639 5.92700004577637 5.91300010681152 5.80500030517578 5.89500045776367 6.08000040054321 6.11500024795532 5.97000026702881 6.03200006484985 6.25400018692017 6.46700048446655 6.48400020599365 6.70400047302246 6.51500034332275 6.49200010299683 6.49200010299683 6.389000415802 6.38700008392334 6.59000015258789 6.67600011825562 6.77500009536743
4.99900007247925 5.17400026321411 5.29800033569336 5.32000017166138 5.2330002784729 5.21200037002563 5.16300010681152 5.10900020599365 5.22000026702881 4.97500038146973 5.00500011444092 5.05500030517578 5.12100028991699 5.15300035476685 5.15300035476685 5.14600038528442 5.04400014877319 4.96900033950806 5.04900026321411 5.14400005340576 5.30000019073486 5.33500003814697 5.38200044631958 5.50900030136108 5.68000030517578 5.76600027084351 5.8430004119873 5.86500024795532 5.81700038909912 5.85100030899048 5.97400045394897 5.96300029754639 5.93600034713745 5.90100049972534 5.86900043487549 5.91500043869019 6.11100006103516 6.03600025177002 5.90700006484985 5.9520001411438 6.14400005340576 6.31700038909912 6.51700019836426 6.69900035858154 6.42200040817261 6.40700054168701 6.46500015258789 6.48900032043457 6.48900032043457 6.54400014877319 6.66000032424927 6.73800039291382
