layers/tdmean11.asc
NCOLS 421 
NROWS 354 
XLLCORNER -106.645833332895 
YLLCORNER 25.8541666666667 
CELLSIZE 0.0416666666669039 
NODATA_value -3.4e+38 
[rows 184 to 206 of 354, columns 153 to 203 of 421]
4.49000024795532 4.59600019454956 4.75 4.86300039291382 4.96000003814697 5.05000019073486 5.14100027084351 5.18300008773804 5.21300029754639 5.21500015258789 5.24000024795532 5.26100015640259 5.25500011444092 5.27700042724609 5.34700012207031 5.42200040817261 5.55400037765503 5.56300020217896 5.58300018310547 5.68200016021729 5.73600006103516 5.83500051498413 5.74900007247925 5.72000026702881 5.81900024414062 5.81400012969971 5.87200021743774 5.96000051498413 5.99600028991699 6.04700040817261 6.11800050735474 6.10700035095215 6.19900035858154 6.22800016403198 6.32000017166138 6.24900007247925 6.26700019836426 6.33300018310547 6.40500020980835 6.42300033569336 6.3730001449585 6.43400049209595 6.42200040817261 6.66400051116943 6.61200046539307 6.62900018692017 6.74000024795532 6.76500034332275 6.88100051879883 6.97200012207031 6.87100028991699
4.4830002784729 4.70800018310547 4.85000038146973 4.97400045394897 5.05600023269653 5.16500043869019 5.26900005340576 5.29400014877319 5.32500028610229 5.32100009918213 5.30400037765503 5.27400016784668 5.27200031280518 5.30000019073486 5.40100002288818 5.49300003051758 5.53600025177002 5.58500003814697 5.71900033950806 5.80500030517578 5.87600040435791 5.91100025177002 5.83200025558472 5.8120002746582 5.85900020599365 5.83400011062622 5.889000415802 5.97100019454956 5.98700046539307 6.03300046920776 6.08900022506714 6.17500019073486 6.2790002822876 6.30500030517578 6.31700038909912 6.24500036239624 6.26200008392334 6.42000007629395 6.38600015640259 6.56800031661987 6.59000015258789 6.6870002746582 6.69500017166138 6.70700025558472 6.68900012969971 6.71200037002563 6.84500026702881 6.93600034713745 6.93900012969971 7.06300020217896 7.05000019073486
4.52800035476685 4.7350001335144 4.86600017547607 5.02600002288818 5.14400005340576 5.22000026702881 5.32200002670288 5.35900020599365 5.39000034332275 5.40500020980835 5.40700006484985 5.38800048828125 5.38300037384033 5.42300033569336 5.49600028991699 5.52700042724609 5.63400030136108 5.69800043106079 5.80000019073486 5.88400030136108 5.91300010681152 5.92200040817261 5.84900045394897 5.79200029373169 5.90200042724609 5.94000005722046 5.90100049972534 5.96000051498413 6.01300048828125 6.13400030136108 6.2020001411438 6.26900053024292 6.31400012969971 6.30500030517578 6.23700046539307 6.24000024795532 6.35200023651123 6.43600034713745 6.50000047683716 6.55800008773804 6.47000026702881 6.55900049209595 6.6080002784729 6.64300012588501 6.71300029754639 6.80500030517578 6.9040002822876 6.92600011825562 6.99000024795532 7.24200057983398 7.264000415802
4.54000043869019 4.7350001335144 4.95400047302246 5.11100006103516 5.17700004577637 5.21600008010864 5.37600040435791 5.42000007629395 5.44100046157837 5.48000049591064 5.51500034332275 5.53300046920776 5.4680004119873 5.48900032043457 5.51300048828125 5.58300018310547 5.72100019454956 5.78600025177002 5.89000034332275 5.94100046157837 5.97000026702881 5.97200012207031 5.88400030136108 5.86900043487549 5.88000011444092 5.91000032424927 5.9370002746582 6.02100038528442 6.10300016403198 6.17900037765503 6.23600006103516 6.25300025939941 6.29100036621094 6.2790002822876 6.21200037002563 6.32900047302246 6.44400024414062 6.41600036621094 6.35900020599365 6.41200017929077 6.51700019836426 6.50000047683716 6.52000045776367 6.65100049972534 6.83500051498413 6.78400039672852 6.94800043106079 7.00600051879883 7.07900047302246 7.35100030899048 7.4850001335144
4.71100044250488 4.83500003814697 4.99300003051758 5.09700012207031 5.17300033569336 5.25400018692017 5.39000034332275 5.43200016021729 5.51700019836426 5.56500005722046 5.56600046157837 5.58600044250488 5.60100030899048 5.56900024414062 5.59500026702881 5.64500045776367 5.7350001335144 5.82600021362305 5.92500019073486 5.96100044250488 5.9850001335144 5.93600034713745 5.85400009155273 5.8270001411438 5.84000015258789 5.95100021362305 5.98800039291382 6.1100001335144 6.14800024032593 6.19800043106079 6.22400045394897 6.23000049591064 6.29400014877319 6.28400039672852 6.21900033950806 6.28200006484985 6.39100027084351 6.39100027084351 6.39400053024292 6.47000026702881 6.44900035858154 6.55400037765503 6.64000034332275 6.74900054931641 6.68100023269653 6.80700016021729 6.96900033950806 7.1060004234314 7.33600044250488 7.41400051116943 7.60500049591064
4.88100004196167 4.97900009155273 5.00700044631958 5.08900022506714 5.20000028610229 5.32100009918213 5.42400026321411 5.46900033950806 5.53000020980835 5.55100011825562 5.58700037002563 5.59000015258789 5.60500049591064 5.61800003051758 5.65500020980835 5.67600011825562 5.72800016403198 5.79400014877319 5.87500047683716 5.95300006866455 5.99100017547607 5.93000030517578 5.889000415802 5.83800029754639 5.87400007247925 6.02800035476685 6.08100032806396 6.17100048065186 6.16200017929077 6.23200035095215 6.28000020980835 6.26700019836426 6.31400012969971 6.30700016021729 6.19300031661987 6.26300048828125 6.3560004234314 6.33100032806396 6.45000028610229 6.42700052261353 6.48000049591064 6.58200025558472 6.69200038909912 6.72400045394897 6.83300018310547 6.889000415802 6.99000024795532 7.17300033569336 7.39300012588501 7.49700021743774 7.4850001335144
4.84600019454956 4.99000024795532 5.11400032043457 5.22500038146973 5.35000038146973 5.44200038909912 5.5290002822876 5.6230001449585 5.62500047683716 5.64900016784668 5.66400003433228 5.68900012969971 5.69900035858154 5.66800022125244 5.70400047302246 5.7180004119873 5.71400022506714 5.76800012588501 5.84500026702881 5.94000005722046 5.9040002822876 5.84200048446655 5.91700029373169 5.91300010681152 5.90800046920776 6.06100034713745 6.19200038909912 6.18900012969971 6.21400022506714 6.30300045013428 6.33600044250488 6.29400014877319 6.24400043487549 6.30500030517578 6.25800037384033 6.25400018692017 6.29600048065186 6.38000011444092 6.41300010681152 6.52500009536743 6.5770001411438 6.68000030517578 6.73200035095215 6.83200025558472 6.90500020980835 7.00500011444092 7.15100049972534 7.29800033569336 7.35000038146973 7.37200021743774 7.49200057983398
4.82000017166138 4.95800018310547 5.11700010299683 5.22800016403198 5.3270001411438 5.43600034713745 5.44200038909912 5.67000007629395 5.80300045013428 5.79500007629395 5.7790002822876 5.77800035476685 5.74200010299683 5.72700023651123 5.71300029754639 5.67100048065186 5.66000032424927 5.68100023269653 5.73700046539307 5.89700031280518 5.91600036621094 5.88200044631958 6.0310001373291 5.92500019073486 5.90200042724609 5.98200035095215 6.19400024414062 6.29700040817261 6.28000020980835 6.3600001335144 6.35200023651123 6.30400037765503 6.24900007247925 6.25900030136108 6.30400037765503 6.29000043869019 6.30000019073486 6.43000030517578 6.43800020217896 6.60100030899048 6.68000030517578 6.7350001335144 6.81600046157837 6.94000053405762 6.99000024795532 7.20300054550171 7.33200025558472 7.34200048446655 7.36700057983398 7.49100017547607 7.5450005531311
4.8730001449585 5.06600046157837 5.24500036239624 5.23900032043457 5.39000034332275 5.44200038909912 5.59100008010864 5.77300024032593 5.79400014877319 5.84700012207031 5.84900045394897 5.84500026702881 5.83800029754639 5.78600025177002 5.64200019836426 5.57000017166138 5.56500005722046 5.58100032806396 5.54000043869019 5.55600023269653 5.9060001373291 5.92700004577637 5.96300029754639 5.96500015258789 5.95800018310547 6.0310001373291 6.22200012207031 6.31400012969971 6.38400030136108 6.34000015258789 6.39900016784668 6.28400039672852 6.19700050354004 6.24000024795532 6.29900026321411 6.31400012969971 6.36700010299683 6.38100051879883 6.57400035858154 6.69500017166138 6.74400043487549 6.88000011444092 7.01900053024292 7.1080002784729 7.22600030899048 7.34500026702881 7.39800024032593 7.28000020980835 7.39400053024292 7.48800039291382 7.47500038146973
5.00600004196167 5.11700010299683 5.22900009155273 5.25400018692017 5.41500043869019 5.59900045394897 5.75200033187866 5.81700038909912 5.89700031280518 6.02300024032593 6.02800035476685 5.97200012207031 5.88000011444092 5.79200029373169 5.60000038146973 5.49500036239624 5.42100048065186 5.47500038146973 5.49600028991699 5.52000045776367 5.82400035858154 5.92500019073486 5.95100021362305 5.98700046539307 6.03400039672852 6.14000034332275 6.21300029754639 6.34200048446655 6.36700010299683 6.36400032043457 6.32000017166138 6.38200044631958 6.26600027084351 6.25400018692017 6.28400039672852 6.34500026702881 6.4060001373291 6.49900007247925 6.60300016403198 6.80100011825562 6.9060001373291 6.97300052642822 7.12500047683716 7.24400043487549 7.34400033950806 7.3730001449585 7.39600038528442 7.45400047302246 7.50400018692017 7.44200038909912 7.44800043106079
4.98600006103516 5.04900026321411 5.15100002288818 5.26900005340576 5.44800043106079 5.63300037384033 5.7790002822876 5.95700025558472 6.19300031661987 6.19700050354004 6.1540002822876 6.04800033569336 6.00700044631958 5.88400030136108 5.70000028610229 5.47500038146973 5.39000034332275 5.42100048065186 5.39900016784668 5.53500032424927 5.80000019073486 5.99000024795532 6.05500030517578 6.04300022125244 6.04400014877319 6.21900033950806 6.31900024414062 6.38400030136108 6.39500045776367 6.39100027084351 6.41300010681152 6.46200037002563 6.37700033187866 6.29400014877319 6.31500053405762 6.32400035858154 6.389000415802 6.48000049591064 6.639000415802 6.77400016784668 6.88000011444092 6.93900012969971 7.18600034713745 7.27400016784668 7.35000038146973 7.41900014877319 7.41100025177002 7.40500020980835 7.47400045394897 7.4350004196167 7.38300037384033
4.71100044250488 4.9040002822876 5.11300039291382 5.33000040054321 5.59200048446655 5.7020001411438 5.9060001373291 6.21300029754639 6.36800050735474 6.39200019836426 6.38000011444092 6.26300048828125 6.11300039291382 5.98700046539307 5.84600019454956 5.67400026321411 5.48700046539307 5.4370002746582 5.43600034713745 5.64800024032593 5.75300025939941 5.96700048446655 6.02400016784668 6.11200046539307 6.12700033187866 6.23800039291382 6.38700008392334 6.43900012969971 6.42400026321411 6.45400047302246 6.41400051116943 6.42800045013428 6.34000015258789 6.29400014877319 6.32600021362305 6.35400009155273 6.40200042724609 6.49000024795532 6.63600015640259 6.79800033569336 6.85900020599365 6.93400049209595 7.20500040054321 7.27700042724609 7.25700044631958 7.38200044631958 7.38000011444092 7.3600001335144 7.41400051116943 7.34500026702881 7.29900026321411
4.44099998474121 4.36400032043457 4.54100036621094 4.87000036239624 5.40200042724609 5.71000003814697 6.00300025939941 6.19400024414062 6.37900018692017 6.55700016021729 6.50700044631958 6.33200025558472 6.17900037765503 6.0600004196167 5.96700048446655 5.82200050354004 5.55500030517578 5.39100027084351 5.50700044631958 5.53300046920776 5.69300031661987 5.9680004119873 6.06600046157837 6.16800022125244 6.21400022506714 6.26500034332275 6.39600038528442 6.46400022506714 6.51100015640259 6.53800010681152 6.46400022506714 6.41400051116943 6.30800008773804 6.35100030899048 6.41200017929077 6.48000049591064 6.47700023651123 6.58000040054321 6.67200040817261 6.79100036621094 6.89900016784668 7.08800029754639 7.16900014877319 7.22700023651123 7.21300029754639 7.32500028610229 7.19800043106079 7.18400049209595 7.20400047302246 7.32600021362305 7.389000415802
4.51200008392334 4.39800024032593 4.78600025177002 5.09800004959106 5.44100046157837 5.69700050354004 5.72400045394897 5.92500019073486 6.21600008010864 6.45300006866455 6.45900011062622 6.31400012969971 6.20300006866455 6.07100009918213 5.9810004234314 5.78800010681152 5.47600030899048 5.42500019073486 5.59500026702881 5.70800018310547 5.73200035095215 6.01600027084351 6.12700033187866 6.22900009155273 6.28300046920776 6.33200025558472 6.42900037765503 6.50500011444092 6.59100008010864 6.5930004119873 6.50500011444092 6.43400049209595 6.34700012207031 6.33900022506714 6.43400049209595 6.49000024795532 6.56700038909912 6.65800046920776 6.76700019836426 6.7810001373291 6.87700033187866 6.99100017547607 6.99000024795532 7.0600004196167 7.07000017166138 7.07900047302246 7.0580005645752 6.98900032043457 7.19500017166138 7.29000043869019 7.33900022506714
4.51999998092651 4.51200008392334 4.72800016403198 4.97600030899048 5.18100023269653 5.36800003051758 5.24100017547607 5.61700010299683 5.99200010299683 6.07300043106079 6.17800045013428 6.10400009155273 6.06900024414062 5.99100017547607 6.00700044631958 5.82500028610229 5.51100015640259 5.56300020217896 5.72900009155273 5.80800008773804 5.77500009536743 6.01800012588501 6.05200052261353 6.26900053024292 6.33300018310547 6.40700054168701 6.45900011062622 6.514000415802 6.62800025939941 6.60900020599365 6.54000043869019 6.47800016403198 6.39900016784668 6.36800050735474 6.41100025177002 6.42400026321411 6.54200029373169 6.68200016021729 6.77700042724609 6.81900024414062 6.82300043106079 6.89000034332275 6.889000415802 6.89200019836426 6.91000032424927 7.03200054168701 7.00400018692017 6.97500038146973 7.05700016021729 7.13100051879883 7.19000053405762
4.50300025939941 4.51800012588501 4.59900045394897 4.68400001525879 4.78000020980835 4.87900018692017 5.00900030136108 5.15700006484985 5.28400039672852 5.44600009918213 5.83400011062622 5.57500028610229 5.69100046157837 5.42500019073486 5.62600040435791 5.44800043106079 5.28500032424927 5.38700008392334 5.69200038909912 5.83200025558472 5.94900035858154 5.94400024414062 5.99900007247925 6.24300050735474 6.3580002784729 6.42400026321411 6.43400049209595 6.46100044250488 6.57000017166138 6.59500026702881 6.55600023269653 6.52700042724609 6.46200037002563 6.45100021362305 6.46400022506714 6.50400018692017 6.59400033950806 6.7020001411438 6.81700038909912 6.91600036621094 6.88200044631958 6.91900014877319 6.86300039291382 6.8600001335144 6.89900016784668 6.93400049209595 6.9850001335144 6.9980001449585 7.07400035858154 7.06500053405762 7.11300039291382
4.54000043869019 4.51600027084351 4.52700042724609 4.60400009155273 4.80800008773804 4.98800039291382 5.25100040435791 5.32600021362305 5.42500019073486 5.63100004196167 5.59500026702881 5.61900043487549 5.44000005722046 4.8100004196167 4.76500034332275 5.2790002822876 5.44200038909912 5.57900047302246 5.67900037765503 5.89100027084351 5.99300050735474 5.87700033187866 5.91400051116943 5.73000049591064 6.0600004196167 6.37000036239624 6.36900043487549 6.37400007247925 6.43800020217896 6.59700012207031 6.55900049209595 6.53900051116943 6.51100015640259 6.47500038146973 6.55600023269653 6.62000036239624 6.69400024414062 6.76300048828125 6.76900053024292 6.92600011825562 6.97500038146973 6.93600034713745 6.91800022125244 6.9680004119873 6.94900035858154 6.91100025177002 6.9850001335144 7.0290002822876 7.10000038146973 7.05100011825562 7.06900024414062
4.45900011062622 4.50400018692017 4.63800001144409 4.68300008773804 4.7960000038147 4.91500043869019 5.04800033569336 5.09200000762939 5.19000005722046 5.06500005722046 5.29100036621094 5.4980001449585 5.49900007247925 5.139000415802 4.82000017166138 5.01800012588501 5.51900005340576 5.75900030136108 5.89900016784668 6.02300024032593 6.04500007629395 5.97400045394897 5.88000011444092 5.67000007629395 6.20900011062622 6.3730001449585 6.26300048828125 6.29900026321411 6.43800020217896 6.50900030136108 6.50700044631958 6.50400018692017 6.56500053405762 6.60000038146973 6.65500020980835 6.72500038146973 6.81100034713745 6.87500047683716 6.87700033187866 6.92900037765503 6.99500036239624 6.99300050735474 7.014000415802 7.0600004196167 7.05700016021729 6.98200035095215 7.02400016784668 7.0580005645752 7.11900043487549 7.12100028991699 7.12400054931641
4.5290002822876 4.56400012969971 4.71000003814697 4.86700010299683 4.94100046157837 4.91900014877319 4.84900045394897 4.93000030517578 4.89400005340576 5.06400012969971 4.84500026702881 5.34400033950806 5.59800004959106 5.52100038528442 5.31700038909912 4.97600030899048 5.2180004119873 5.60300016403198 5.78900051116943 5.93300008773804 6.07200050354004 6.02300024032593 6.05100011825562 6.05900049209595 6.09200048446655 6.30400037765503 6.36600017547607 6.40100049972534 6.42900037765503 6.46000051498413 6.49900007247925 6.50200033187866 6.54700040817261 6.64700031280518 6.78500032424927 6.8430004119873 6.93900012969971 6.99200010299683 7.00800037384033 6.99900054931641 6.9980001449585 7.04800033569336 7.0930004119873 7.14000034332275 7.08000040054321 7.04600048065186 7.1230001449585 7.17400026321411 7.19900035858154 7.1850004196167 7.2160005569458
4.67900037765503 4.66900014877319 4.79500007629395 4.91200017929077 4.96000003814697 4.85400009155273 5.03600025177002 5.17900037765503 5.10300016403198 5.23800039291382 5.24900007247925 5.41700029373169 5.58400011062622 5.63000011444092 5.55500030517578 5.50200033187866 5.52600049972534 5.59700012207031 5.66700029373169 5.97800016403198 6.0600004196167 6.10100030899048 6.14200019836426 6.13500022888184 6.16800022125244 6.24600028991699 6.36500024795532 6.43200016021729 6.47300052642822 6.39500045776367 6.49400043487549 6.48000049591064 6.5310001373291 6.6540002822876 6.80000019073486 6.89500045776367 6.95400047302246 6.97300052642822 7.04700040817261 7.10100030899048 7.08000040054321 7.07000017166138 7.15500020980835 7.18400049209595 7.12500047683716 7.08900022506714 7.15200042724609 7.24500036239624 7.27700042724609 7.27400016784668 7.31700038909912
4.83100032806396 4.8120002746582 4.90700006484985 5.01700019836426 5.0620002746582 5.10400009155273 5.19400024414062 5.31400012969971 5.3430004119873 5.44500017166138 5.53000020980835 5.49900007247925 5.57500028610229 5.62100028991699 5.61800003051758 5.87700033187866 5.78800010681152 5.72500038146973 5.75700044631958 5.97900009155273 6.09400033950806 6.22100019454956 6.17500019073486 6.139000415802 6.2350001335144 6.30400037765503 6.4370002746582 6.49400043487549 6.48400020599365 6.42800045013428 6.50300025939941 6.514000415802 6.58800029754639 6.75800037384033 6.92300033569336 7.04100036621094 7.11200046539307 7.14300012588501 7.16500043869019 7.20100021362305 7.2160005569458 7.16000032424927 7.21400022506714 7.17500019073486 7.12600040435791 7.17700052261353 7.19900035858154 7.24000024795532 7.34200048446655 7.35500049591064 7.39100027084351
5.00600004196167 4.96400022506714 5.04900026321411 5.13500022888184 5.15500020980835 5.29000043869019 5.30300045013428 5.37400007247925 5.39800024032593 5.29400014877319 5.66900014877319 5.26100015640259 5.16400003433228 5.28400039672852 5.5600004196167 5.92300033569336 5.89500045776367 5.98800039291382 6.13000011444092 6.11700010299683 6.014000415802 6.16500043869019 6.18200016021729 6.22900009155273 6.27000045776367 6.29300022125244 6.47800016403198 6.50100040435791 6.514000415802 6.53400039672852 6.60000038146973 6.58900022506714 6.50900030136108 6.78000020980835 6.97500038146973 7.10100030899048 7.1850004196167 7.22700023651123 7.28600025177002 7.2790002822876 7.25800037384033 7.25400018692017 7.24400043487549 7.17900037765503 7.18600034713745 7.20400047302246 7.24600028991699 7.2950005531311 7.39500045776367 7.45800018310547 7.50200033187866
5.03700017929077 5.15300035476685 5.10500001907349 5.17400026321411 5.24000024795532 5.36300039291382 5.47100019454956 5.60900020599365 5.54100036621094 5.67300033569336 5.68200016021729 5.38400030136108 4.99300003051758 5.32900047302246 5.57300043106079 5.62800025939941 5.74600028991699 5.78800010681152 5.88600015640259 6.17700052261353 6.264000415802 6.29500007629395 6.24200010299683 6.28000020980835 6.38500022888184 6.31600046157837 6.4040002822876 6.47700023651123 6.5310001373291 6.56500053405762 6.65000009536743 6.70800018310547 6.75700044631958 6.82200050354004 7.02800035476685 7.14800024032593 7.23400020599365 7.32900047302246 7.40200042724609 7.42200040817261 7.34900045394897 7.32600021362305 7.2950005531311 7.30000019073486 7.24300050735474 7.29000043869019 7.33000040054321 7.3730001449585 7.44200038909912 7.514000415802 7.55900049209595
