layers/tdmean9.asc
NCOLS 421 
NROWS 354 
XLLCORNER -106.645833332895 
YLLCORNER 25.8541666666667 
CELLSIZE 0.0416666666669039 
NODATA_value -3.4e+38 
[rows 161 to 183 of 354, columns 104 to 155 of 421]
2.1100001335144 2.22900009155273 2.26900005340576 2.31600022315979 2.38000011444092 2.41400003433228 2.46000003814697 2.55000019073486 2.65900015830994 2.69600009918213 2.73300004005432 2.77600002288818 2.78000020980835 2.88500022888184 2.97200012207031 3.03200006484985 3.08000016212463 3.12000012397766 3.13800024986267 3.16500020027161 3.22500014305115 3.27800011634827 3.27100014686584 3.42400026321411 3.48700022697449 3.48800015449524 3.53800010681152 3.56400012969971 3.57100009918213 3.54800009727478 3.58800005912781 3.88700008392334 4.05700016021729 4.17400026321411 4.4060001373291 4.63800001144409 4.71000003814697 4.70500040054321 4.8289999961853 4.86800003051758 4.90100002288818 4.94400024414062 4.97900009155273 5.0310001373291 5.0310001373291 5.15100002288818 5.27000045776367 5.34000015258789 5.47400045394897 5.59400033950806 5.6230001449585 5.62400007247925
2.15700006484985 2.24000000953674 2.39200019836426 2.45100021362305 2.45400023460388 2.50400018692017 2.55600023269653 2.58300018310547 2.67600011825562 2.78900003433228 2.83300018310547 2.8490002155304 2.90500020980835 2.94400024414062 3.00100016593933 3.04500007629395 3.09000015258789 3.12900018692017 3.18500018119812 3.23400020599365 3.26900005340576 3.31600022315979 3.38100004196167 3.46300005912781 3.61400008201599 3.632000207901 3.58400011062622 3.63600015640259 3.66100025177002 3.7350001335144 3.71900010108948 3.90800023078918 4.08400011062622 4.25600004196167 4.4680004119873 4.51100015640259 4.71700000762939 4.75500011444092 4.77300024032593 4.75100040435791 4.78500032424927 4.86500024795532 4.9850001335144 5.04800033569336 5.11500024795532 5.19900035858154 5.27800035476685 5.37600040435791 5.42700004577637 5.42300033569336 5.53000020980835 5.61600017547607
2.22800016403198 2.26700019836426 2.41400003433228 2.55200004577637 2.63000011444092 2.66500020027161 2.63900017738342 2.67100024223328 2.74500012397766 2.82300019264221 2.92300009727478 2.88700008392334 2.94000005722046 3.03200006484985 3.08500003814697 3.09500002861023 3.12900018692017 3.1800000667572 3.22900009155273 3.26400017738342 3.29800009727478 3.33000016212463 3.39400005340576 3.47200012207031 3.54900026321411 3.78500008583069 3.78500008583069 3.65900015830994 3.68400025367737 3.77600026130676 3.90100026130676 4.04400014877319 4.20800018310547 4.22000026702881 4.29300022125244 4.50200033187866 4.70600032806396 4.74500036239624 4.71100044250488 4.70000028610229 4.764000415802 4.89500045776367 5.00800037384033 5.08000040054321 5.18300008773804 5.20900011062622 5.22200012207031 5.28400039672852 5.30700016021729 5.43800020217896 5.49900007247925 5.53700017929077
2.33900022506714 2.4210000038147 2.49400019645691 2.53400015830994 2.66600012779236 2.79500007629395 2.78000020980835 2.79400014877319 2.83000016212463 2.91500020027161 3.02500009536743 3.0090000629425 3.05900025367737 3.12700009346008 3.17700004577637 3.18900012969971 3.22800016403198 3.26500010490417 3.31800007820129 3.32900023460388 3.36100006103516 3.40000009536743 3.37800025939941 3.4610002040863 3.50600028038025 3.58900022506714 3.84100008010864 3.70800018310547 3.74100017547607 3.81900024414062 3.94000029563904 4.00900030136108 4.06500005722046 4.1870002746582 4.34600019454956 4.51900005340576 4.70600032806396 4.73400020599365 4.69800043106079 4.64500045776367 4.67600011825562 4.83300018310547 4.94100046157837 5.0290002822876 5.05200004577637 5.13100004196167 5.19000005722046 5.21500015258789 5.34700012207031 5.44600009918213 5.47800016403198 5.63400030136108
2.35199999809265 2.45000004768372 2.54900002479553 2.64400005340576 2.75000023841858 2.89000010490417 2.94400024414062 2.9300000667572 2.95900011062622 2.9980001449585 3.09400010108948 3.10500025749207 3.16100025177002 3.2590000629425 3.28000020980835 3.28000020980835 3.29000020027161 3.3120002746582 3.33700013160706 3.3490002155304 3.3580002784729 3.37500023841858 3.40500020980835 3.43800020217896 3.48600006103516 3.55000019073486 3.83500027656555 3.78200006484985 3.72100019454956 3.81000018119812 3.89000010490417 3.96000027656555 4.05400037765503 4.20900011062622 4.31800031661987 4.49600028991699 4.5600004196167 4.63700008392334 4.64300012588501 4.58500003814697 4.57400035858154 4.61700010299683 4.81800031661987 4.98900032043457 5.07800006866455 5.11100006103516 5.19400024414062 5.25900030136108 5.32900047302246 5.47100019454956 5.52400016784668 5.53000020980835
2.37900018692017 2.50100016593933 2.6230001449585 2.73100018501282 2.80600023269653 2.88100004196167 2.94100022315979 3.05400013923645 3.10800004005432 3.1340000629425 3.17900013923645 3.23000025749207 3.26300024986267 3.33900022506714 3.33700013160706 3.33500027656555 3.33500027656555 3.31300020217896 3.31700015068054 3.35400009155273 3.40000009536743 3.40900015830994 3.4370002746582 3.48400020599365 3.53400015830994 3.60500025749207 3.64500021934509 3.94900012016296 3.94900012016296 3.88600015640259 3.90200018882751 3.94600009918213 4.08800029754639 4.34800004959106 4.389000415802 4.45500040054321 4.64800024032593 4.75400018692017 4.79500007629395 4.77500009536743 4.82000017166138 4.85400009155273 4.92700004577637 5.08800029754639 5.10400009155273 5.10200023651123 5.16100025177002 5.21700048446655 5.29400014877319 5.39400005340576 5.53600025177002 5.52600049972534
2.44100022315979 2.56500005722046 2.62100005149841 2.76700019836426 2.85300016403198 2.92200016975403 2.97900009155273 3.0090000629425 3.11900019645691 3.18600010871887 3.25000023841858 3.31900024414062 3.35300016403198 3.37800025939941 3.36500024795532 3.3840000629425 3.35400009155273 3.3360002040863 3.37900018692017 3.39400005340576 3.40100026130676 3.44200015068054 3.48000025749207 3.57200026512146 3.60900020599365 3.64900016784668 3.64900016784668 3.89900016784668 4.03900003433228 3.98400020599365 3.97300028800964 4.11899995803833 4.24900007247925 4.45000028610229 4.47200012207031 4.51500034332275 4.67200040817261 4.8289999961853 4.92300033569336 4.88300037384033 4.92500019073486 5.01900005340576 5.03500032424927 5.13000011444092 5.25700044631958 5.24300003051758 5.30500030517578 5.3730001449585 5.41100025177002 5.40100002288818 5.59000015258789 5.68300008773804
2.44400000572205 2.55100011825562 2.64500021934509 2.78300023078918 2.86100006103516 2.92600011825562 2.97300004959106 2.98000025749207 3.05200004577637 3.15500020980835 3.24000024795532 3.37500023841858 3.3600001335144 3.35400009155273 3.37100005149841 3.40400004386902 3.37500023841858 3.36700010299683 3.39800024032593 3.40000009536743 3.41200017929077 3.45800018310547 3.55000019073486 3.60500025749207 3.64200019836426 3.61500024795532 3.73100018501282 4.05000019073486 4.1560001373291 4.13300037384033 4.18300008773804 4.26300001144409 4.34100008010864 4.45700025558472 4.55400037765503 4.57600021362305 4.71900033950806 4.90100002288818 4.9210000038147 4.97300004959106 4.92900037765503 5 5.07000017166138 5.19600009918213 5.17100048065186 5.14200019836426 5.20400047302246 5.31600046157837 5.37400007247925 5.42300033569336 5.45400047302246 5.53500032424927
2.45400023460388 2.56800007820129 2.65400004386902 2.79000020027161 2.87400007247925 2.96800017356873 3.00100016593933 3.01900005340576 3.04100012779236 3.08900022506714 3.20600008964539 3.33100008964539 3.37800025939941 3.40900015830994 3.41200017929077 3.4370002746582 3.38900017738342 3.44200015068054 3.43900012969971 3.41800022125244 3.42100024223328 3.46000027656555 3.59500026702881 3.63900017738342 3.62500023841858 3.59400010108948 3.83500027656555 4.07600021362305 4.2480001449585 4.24700021743774 4.24400043487549 4.25300025939941 4.36100006103516 4.4830002784729 4.58500003814697 4.62400007247925 4.69000005722046 4.8100004196167 4.96300029754639 5.01500034332275 5.08400011062622 4.96900033950806 5.05200004577637 5.17500019073486 5.11400032043457 5.14900016784668 5.29300022125244 5.31800031661987 5.38300037384033 5.46300029754639 5.47400045394897 5.50500011444092
2.45800018310547 2.58700013160706 2.67400002479553 2.75800013542175 2.87400007247925 2.97300004959106 2.97700023651123 2.99000024795532 3.01000022888184 3.06500005722046 3.17500019073486 3.28800010681152 3.34200024604797 3.3510000705719 3.36500024795532 3.46400022506714 3.62900018692017 3.52700018882751 3.49900007247925 3.49400019645691 3.49700021743774 3.52400016784668 3.6010000705719 3.63800024986267 3.62500023841858 3.82400012016296 3.98800015449524 4.16900014877319 4.264000415802 4.30200004577637 4.264000415802 4.33300018310547 4.34500026702881 4.50700044631958 4.58700037002563 4.63200044631958 4.64500045776367 4.6870002746582 4.8270001411438 4.97500038146973 5.09500026702881 5.01200008392334 5.00600004196167 5.11800003051758 5.20500040054321 5.2790002822876 5.30700016021729 5.39200019836426 5.5310001373291 5.63000011444092 5.74500036239624 5.66400003433228
2.4850001335144 2.5860002040863 2.67000007629395 2.76000022888184 2.83900022506714 2.90900015830994 2.93900012969971 2.96000003814697 3.00300025939941 3.06200003623962 3.16000008583069 3.27000021934509 3.31800007820129 3.32900023460388 3.37700009346008 3.40500020980835 3.51100015640259 3.71400022506714 3.7260000705719 3.8030002117157 3.72000026702881 3.76800012588501 3.91900014877319 3.90700030326843 3.92900013923645 4.0600004196167 4.15100002288818 4.21200037002563 4.29800033569336 4.36700010299683 4.29400014877319 4.41000032424927 4.49400043487549 4.53900003433228 4.58500003814697 4.62200021743774 4.63600015640259 4.67300033569336 4.78900003433228 4.9350004196167 5.10700035095215 5.13100004196167 5.16500043869019 5.12100028991699 5.1870002746582 5.26700019836426 5.34000015258789 5.39700031280518 5.51900005340576 5.62800025939941 5.78200006484985 5.92000007629395
2.50200009346008 2.62400007247925 2.70800018310547 2.78200006484985 2.81800007820129 2.89300012588501 2.95000004768372 3.00400018692017 3.02300024032593 3.08300018310547 3.15700006484985 3.22700023651123 3.29900026321411 3.36500024795532 3.41400027275085 3.42200016975403 3.49000024795532 3.53000020980835 3.63500022888184 3.84200024604797 3.9830002784729 3.97900009155273 4.19600009918213 4.17300033569336 4.19099998474121 4.26000022888184 4.31800031661987 4.24100017547607 4.23699998855591 4.34700012207031 4.389000415802 4.52400016784668 4.60000038146973 4.52400016784668 4.60400009155273 4.6080002784729 4.63100004196167 4.71900033950806 4.82300043106079 4.87600040435791 5.05500030517578 5.23700046539307 5.21900033950806 5.31300020217896 5.35700035095215 5.53400039672852 5.51500034332275 5.54400014877319 5.68900012969971 5.79500007629395 5.94800043106079 6.014000415802
2.50600004196167 2.57900023460388 2.70800018310547 2.75300002098083 2.81400012969971 2.91400003433228 2.98900008201599 3.01400017738342 3.04900026321411 3.10300016403198 3.14200019836426 3.19600009918213 3.28200006484985 3.38300013542175 3.41900014877319 3.47200012207031 3.52000021934509 3.52100014686584 3.60300016403198 3.84100008010864 4.04900026321411 4.12600040435791 4.33500003814697 4.35400009155273 4.3270001411438 4.45800018310547 4.44400024414062 4.34000015258789 4.32500028610229 4.44000005722046 4.5600004196167 4.53600025177002 4.73400020599365 4.66700029373169 4.59500026702881 4.65100002288818 4.73200035095215 4.75900030136108 4.79700040817261 4.89900016784668 4.86300039291382 5.12800025939941 5.18400001525879 5.2310004234314 5.43100023269653 5.54800033569336 5.72200012207031 5.75700044631958 5.81500005722046 5.77400016784668 5.82900047302246 5.92900037765503
2.51200008392334 2.59200000762939 2.69100022315979 2.75500011444092 2.80400013923645 2.88000011444092 2.97200012207031 2.9850001335144 3.05900025367737 3.09400010108948 3.16400003433228 3.23800015449524 3.29900026321411 3.36900019645691 3.42000007629395 3.4740002155304 3.54200005531311 3.56900024414062 3.61300015449524 3.8360002040863 4.11199998855591 4.25699996948242 4.26500034332275 4.41100025177002 4.45700025558472 4.46700000762939 4.52300024032593 4.47300004959106 4.51900005340576 4.50800037384033 4.63200044631958 4.62700033187866 4.72200012207031 4.76900005340576 4.75900030136108 4.72500038146973 4.7790002822876 4.85300016403198 4.95400047302246 4.88300037384033 4.92300033569336 5.12400007247925 5.31700038909912 5.29600048065186 5.36900043487549 5.42400026321411 5.57600021362305 5.81400012969971 5.66200017929077 5.86100006103516 5.82500028610229 5.86100006103516
2.53500008583069 2.60000014305115 2.71800017356873 2.79800009727478 2.81500005722046 2.86500024795532 2.91700005531311 2.99900007247925 3.03200006484985 3.03900003433228 3.12000012397766 3.25800013542175 3.33400011062622 3.40800023078918 3.44100022315979 3.49200010299683 3.5550000667572 3.61900019645691 3.65200018882751 3.79500007629395 4.06700038909912 4.2350001335144 4.32600021362305 4.30000019073486 4.39400005340576 4.52300024032593 4.47900009155273 4.54400014877319 4.64900016784668 4.65799999237061 4.66500043869019 4.77800035476685 4.80400037765503 4.83700037002563 4.82000017166138 4.78000020980835 4.77300024032593 4.85500001907349 5.00800037384033 4.91000032424927 4.95300006866455 5.09700012207031 5.32100009918213 5.36400032043457 5.56400012969971 5.70000028610229 5.73700046539307 5.71300029754639 5.62200021743774 5.73700046539307 5.89000034332275 5.87100028991699
2.55400013923645 2.61800003051758 2.70300006866455 2.78500008583069 2.81700015068054 2.94100022315979 2.90900015830994 2.94200015068054 3.04400014877319 3.10000014305115 3.17300009727478 3.23000025749207 3.28900027275085 3.44600009918213 3.52600026130676 3.52400016784668 3.59200024604797 3.61200022697449 3.68400025367737 3.77700018882751 3.93200016021729 4.23000001907349 4.389000415802 4.44000005722046 4.33900022506714 4.38400030136108 4.48200035095215 4.57200002670288 4.69500017166138 4.78700017929077 4.8430004119873 4.8580002784729 4.89600038528442 4.86400032043457 4.8100004196167 4.84800004959106 4.80900001525879 4.8560004234314 5.0620002746582 5.07900047302246 5.1100001335144 5.07200002670288 5.15900039672852 5.35900020599365 5.50900030136108 5.59600019454956 5.43300008773804 5.46100044250488 5.5620002746582 5.68900012969971 5.90800046920776 6.00100040435791
2.57000017166138 2.60700011253357 2.69300007820129 2.81500005722046 2.90100002288818 2.96800017356873 2.88700008392334 2.98600006103516 3.11900019645691 3.17100024223328 3.12200021743774 3.17300009727478 3.27300024032593 3.38900017738342 3.45100021362305 3.46400022506714 3.56300020217896 3.63300013542175 3.73000025749207 3.79000020027161 3.9280002117157 4.12400007247925 4.34800004959106 4.47700023651123 4.48699998855591 4.49400043487549 4.52700042724609 4.52600002288818 4.6560001373291 4.72800016403198 4.79400014877319 4.82400035858154 4.86700010299683 4.84500026702881 4.82400035858154 4.8430004119873 4.91400003433228 4.89900016784668 4.90100002288818 5.02800035476685 5.20400047302246 5.13000011444092 5.12900018692017 5.2330002784729 5.50500011444092 5.55700016021729 5.32400035858154 5.47900009155273 5.72100019454956 5.80600023269653 5.78500032424927 5.89600038528442
2.57100009918213 2.62700009346008 2.71000003814697 2.77500009536743 2.90900015830994 2.92000007629395 2.92400002479553 3.0310001373291 3.09700012207031 3.10300016403198 3.16300010681152 3.20900011062622 3.2590000629425 3.35300016403198 3.41000008583069 3.48400020599365 3.58900022506714 3.68500018119812 3.76300024986267 3.82000017166138 3.96400022506714 4.08000040054321 4.36400032043457 4.51900005340576 4.60100030899048 4.60900020599365 4.70600032806396 4.57500028610229 4.57300043106079 4.66400003433228 4.78600025177002 4.82000017166138 4.8100004196167 4.86900043487549 4.8430004119873 4.88100004196167 4.9040002822876 4.91000032424927 4.89300012588501 4.94600009918213 5.13600015640259 5.20900011062622 5.28300046920776 5.38500022888184 5.55300045013428 5.47500038146973 5.41300010681152 5.59400033950806 5.63800048828125 5.74500036239624 5.73900032043457 5.77000045776367
2.59000015258789 2.65300011634827 2.73600006103516 2.79300022125244 2.88300013542175 2.88000011444092 2.9520001411438 3.02700018882751 3.11900019645691 3.13500022888184 3.15400004386902 3.36800026893616 3.37000012397766 3.38000011444092 3.38800024986267 3.47100019454956 3.61800026893616 3.69500017166138 3.77500009536743 3.86600017547607 3.99000024795532 3.94000029563904 4.25800037384033 4.45000028610229 4.49600028991699 4.55900001525879 4.70500040054321 4.82000017166138 4.75300025939941 4.78800010681152 4.86100006103516 4.89600038528442 4.83400011062622 4.92300033569336 4.89200019836426 4.87600040435791 4.86500024795532 4.87600040435791 4.89000034332275 4.99300003051758 5.17100048065186 5.32500028610229 5.46200037002563 5.4810004234314 5.55100011825562 5.46900033950806 5.59400033950806 5.56700038909912 5.57600021362305 5.68300008773804 5.71700048446655 5.8100004196167
2.63600015640259 2.6800000667572 2.76000022888184 2.78800010681152 2.83700013160706 2.83300018310547 2.9850001335144 3.05100011825562 3.13000011444092 3.14600014686584 3.12400007247925 3.26100015640259 3.34400010108948 3.39300012588501 3.4300000667572 3.51700019836426 3.64900016784668 3.85000014305115 4.00500011444092 3.98200011253357 3.96500015258789 4.15100002288818 4.20000028610229 4.53700017929077 4.64000034332275 4.6710000038147 4.75 4.76000022888184 4.71000003814697 4.70000028610229 4.9040002822876 5.07000017166138 5.08400011062622 5.11100006103516 5.03900003433228 4.98600006103516 4.87800025939941 4.9350004196167 4.96200037002563 4.96500015258789 5.07900047302246 5.26800012588501 5.32900047302246 5.38400030136108 5.42700004577637 5.57200002670288 5.62900018692017 5.60500049591064 5.65500020980835 5.71700048446655 5.82900047302246 5.91000032424927
2.67400002479553 2.73700022697449 2.75600004196167 2.79800009727478 2.84100008010864 2.91400003433228 2.97100019454956 3.0770001411438 3.15000009536743 3.18500018119812 3.20300006866455 3.21000003814697 3.30200004577637 3.38600015640259 3.43400025367737 3.5220000743866 3.68400025367737 3.76700019836426 3.87100028991699 4.03999996185303 4.21099996566772 4.28299999237061 4.28700017929077 4.44000005722046 4.69500017166138 4.86100006103516 4.89900016784668 4.85000038146973 4.81100034713745 4.84900045394897 4.91500043869019 4.89200019836426 4.95300006866455 5.10300016403198 5.06300020217896 5.09100008010864 4.96400022506714 4.94600009918213 5.03000020980835 5.06500005722046 5.10300016403198 5.18900012969971 5.24000024795532 5.36700010299683 5.47400045394897 5.59800004959106 5.75600004196167 5.78800010681152 5.84500026702881 5.85900020599365 5.92400026321411 6.05200052261353
2.72100019454956 2.77700018882751 2.8050000667572 2.84300017356873 2.8510000705719 2.91100025177002 2.92600011825562 3.03700017929077 3.16500020027161 3.19000005722046 3.20100021362305 3.22800016403198 3.25400018692017 3.31800007820129 3.37500023841858 3.54700016975403 3.68500018119812 3.80600023269653 3.84300017356873 3.91700029373169 4.21900033950806 4.2790002822876 4.46900033950806 4.53900003433228 4.75400018692017 4.73400020599365 4.71200037002563 4.85200023651123 4.81100034713745 4.79300022125244 4.81500005722046 4.81500005722046 4.97700023651123 5.02100038528442 5.01000022888184 5.05900001525879 5.12200021743774 5.20900011062622 5.18400001525879 5.17900037765503 5.1870002746582 5.22000026702881 5.29400014877319 5.49600028991699 5.71000003814697 5.66500043869019 5.71200037002563 6.00200033187866 6.04300022125244 5.97900009155273 6.04500007629395 6.11800050735474
2.73400020599365 2.78700017929077 2.82100009918213 2.85900020599365 2.8840000629425 2.92100024223328 2.97100019454956 3.0860002040863 3.1800000667572 3.1560001373291 3.2260000705719 3.2590000629425 3.28500008583069 3.3580002784729 3.4300000667572 3.64100027084351 3.76400017738342 3.91700029373169 4.03900003433228 4.1100001335144 4.25400018692017 4.42300033569336 4.49200010299683 4.52400016784668 4.47000026702881 4.28400039672852 4.41600036621094 4.28900003433228 4.33700037002563 4.6850004196167 4.76900005340576 4.78400039672852 4.90900039672852 4.91900014877319 4.94600009918213 5.02300024032593 5.09100008010864 5.19600009918213 5.26500034332275 5.4680004119873 5.60000038146973 5.514000415802 5.40100002288818 5.53600025177002 5.75100040435791 5.8120002746582 5.83000040054321 5.96400022506714 6.00600051879883 5.9680004119873 6.08600044250488 6.1560001373291
