layers/tmax9.asc
NCOLS 421 
NROWS 354 
XLLCORNER -106.645833332895 
YLLCORNER 25.8541666666667 
CELLSIZE 0.0416666666669039 
NODATA_value -3.4e+38 
[rows 138 to 160 of 354, columns 208 to 259 of 421]
22.2627506256104 22.3450832366943 22.4566669464111 22.5445003509521 22.5850830078125 22.5926666259766 22.7189159393311 22.7870826721191 22.8074169158936 22.8071670532227 22.7857494354248 22.722583770752 22.7134170532227 22.6919994354248 22.6785831451416 22.6119155883789 22.5464992523193 22.5573329925537 22.4396667480469 22.3107490539551 22.3491668701172 22.2863330841064 22.0474166870117 21.8176670074463 21.8406658172607 21.8883323669434 21.9004173278809 22.0060005187988 21.9208335876465 21.8583335876465 21.867166519165 21.8368339538574 21.8467502593994 21.929500579834 22.0215835571289 22.0775833129883 22.1293334960938 22.1044998168945 22.0863342285156 22.1062507629395 22.0524997711182 21.9943332672119 22.039249420166 21.986083984375 21.8803329467773 21.9055824279785 21.9797496795654 22.1608333587646 22.0197505950928 22.0672492980957 22.1254997253418 22.1925830841064
22.3757495880127 22.3880825042725 22.4325008392334 22.497917175293 22.5425834655762 22.638334274292 22.6151676177979 22.6634159088135 22.7498340606689 22.6794166564941 22.7299995422363 22.6869163513184 22.5489158630371 22.5764999389648 22.5893325805664 22.7424163818359 22.7220840454102 22.7173328399658 22.5949993133545 22.5126667022705 22.5202503204346 22.2863330841064 22.0427494049072 21.8815002441406 21.8789157867432 21.8320846557617 22.0090827941895 22.0026664733887 21.9939994812012 21.8608341217041 21.7894172668457 21.7494163513184 21.7900009155273 21.9110832214355 21.9769172668457 22.0609169006348 22.1060009002686 22.1287498474121 22.14674949646 22.1832504272461 22.166332244873 22.079833984375 22.0833339691162 22.150333404541 21.908166885376 22.1083335876465 22.0398330688477 22.1274166107178 22.0418338775635 21.9891662597656 22.1645011901855 22.1360836029053
22.5427494049072 22.6347503662109 22.6591663360596 22.6167507171631 22.556583404541 22.5387496948242 22.5141658782959 22.6424160003662 22.6302490234375 22.5563335418701 22.6528339385986 22.7188339233398 22.7219161987305 22.7191677093506 22.6949157714844 22.5891666412354 22.6630840301514 22.7669162750244 22.7590847015381 22.681583404541 22.53125 22.3853340148926 22.269832611084 22.0734996795654 21.8500823974609 21.9878330230713 22.0774173736572 22.027416229248 21.9914169311523 21.8973331451416 21.7545833587646 21.7714996337891 21.8649158477783 21.9837493896484 22.0123329162598 22.0294170379639 22.1132507324219 22.1460838317871 22.2229995727539 22.2399158477783 22.2511672973633 22.1905002593994 22.1034164428711 22.2057495117188 22.30299949646 22.1526660919189 21.9808330535889 22.0707492828369 22.105749130249 22.1340007781982 22.1790008544922 22.0710830688477
22.7303333282471 22.5563335418701 22.6258335113525 22.6634159088135 22.734582901001 22.7338333129883 22.7288341522217 22.6658325195312 22.7051658630371 22.7884998321533 22.7224159240723 22.6012496948242 22.6102504730225 22.5953330993652 22.6103324890137 22.6271667480469 22.6068325042725 22.5734157562256 22.6773338317871 22.8106670379639 22.6132507324219 22.4125003814697 22.2390842437744 22.0090007781982 21.950834274292 22.0495834350586 21.9426670074463 21.853666305542 21.8299999237061 21.7459163665771 21.777416229248 21.9488334655762 22.0940837860107 22.0793342590332 22.1377487182617 22.1067504882812 22.2062492370605 22.2075824737549 22.1681671142578 22.2188339233398 22.2374172210693 22.3277492523193 22.335916519165 22.2915000915527 22.2407493591309 22.2091655731201 22.1186676025391 22.1928329467773 22.2099170684814 22.0868339538574 22.1240005493164 22.0997505187988
22.810583114624 22.7447509765625 22.7132511138916 22.7199993133545 22.7065830230713 22.7228336334229 22.6843338012695 22.6436672210693 22.6851654052734 22.6322498321533 22.6806659698486 22.378999710083 22.5527496337891 22.6067504882812 22.4690837860107 22.5647506713867 22.5179176330566 22.648416519165 22.7949161529541 22.7534160614014 22.5490837097168 22.3634166717529 22.2056674957275 21.976749420166 21.9059162139893 21.8959159851074 21.9450836181641 21.746000289917 21.7012500762939 21.5499992370605 21.7697505950928 21.9820003509521 22.1335010528564 22.2000007629395 22.2636661529541 22.2426662445068 22.2031669616699 22.2683334350586 22.2339992523193 22.2072505950928 22.2992496490479 22.3893337249756 22.3692493438721 22.3935012817383 22.3324165344238 22.3315830230713 22.3035011291504 22.4372501373291 22.3337497711182 22.2245006561279 21.8896675109863 21.8091659545898
22.9563331604004 22.9550838470459 22.8425006866455 22.8509159088135 22.7995834350586 22.7510833740234 22.8774166107178 22.8122501373291 22.6671657562256 22.7307510375977 22.8676662445068 22.7441673278809 22.6772499084473 22.7976665496826 22.6565837860107 22.6990833282471 22.6238327026367 22.6440830230713 22.7836666107178 22.8673324584961 22.6725826263428 22.488582611084 22.3824157714844 22.2016658782959 22.0960826873779 21.9819164276123 21.7573337554932 21.7394161224365 21.8452491760254 21.8100833892822 21.6690826416016 21.871000289917 22.2355003356934 22.3296661376953 22.363166809082 22.3409175872803 22.2679996490479 22.2611656188965 22.2880840301514 22.2549991607666 22.2430839538574 22.4162502288818 22.5378341674805 22.5639171600342 22.497917175293 22.3306674957275 22.2294998168945 22.462833404541 22.2874164581299 21.3756675720215 21.9498329162598 21.7776660919189
22.8937492370605 22.9774169921875 23.0746669769287 23.0606670379639 23.021333694458 22.9115829467773 22.8731670379639 22.9964160919189 22.8149166107178 22.8734169006348 22.8840007781982 22.9756660461426 22.9090843200684 22.7970008850098 22.8485832214355 22.8324165344238 22.7552509307861 22.7570838928223 22.7454166412354 22.9540824890137 22.7740001678467 22.6534156799316 22.4704170227051 22.4231662750244 22.3936672210693 22.2611675262451 21.8989162445068 21.798583984375 21.8806667327881 21.8731670379639 21.8612499237061 21.7674160003662 22.1399993896484 22.3285007476807 22.355583190918 22.3741664886475 22.3914165496826 22.3306674957275 22.388916015625 22.3848323822021 22.4052505493164 22.492000579834 22.517915725708 22.5993328094482 22.5424175262451 22.3519172668457 22.3244171142578 22.3237495422363 21.6494998931885 21.8293323516846 22.1365833282471 21.9611663818359
23.0552501678467 23.0674991607666 22.9388332366943 23.1031665802002 23.2543334960938 23.1324996948242 22.9262504577637 23.1078338623047 23.0637493133545 22.9374160766602 22.9819164276123 23.0018329620361 23.0667495727539 22.9823341369629 22.9204998016357 22.8862495422363 22.8874988555908 22.8937492370605 22.8961658477783 22.9484157562256 22.8860836029053 22.8388328552246 22.7198333740234 22.6108341217041 22.6430835723877 22.3637504577637 22.1770839691162 21.9522495269775 22.0326671600342 22.0334167480469 21.9914169311523 21.9214172363281 21.871166229248 22.0458335876465 22.3345832824707 22.4181671142578 22.4715824127197 22.4994163513184 22.5360832214355 22.5244159698486 22.4217491149902 22.576000213623 22.6698341369629 22.6168327331543 22.4545001983643 22.3478336334229 22.4401664733887 21.9688339233398 21.7766666412354 21.7410831451416 21.7079162597656 22.1418342590332
23.29075050354 23.2814998626709 23.1287498474121 23.1810836791992 23.2079162597656 23.2835006713867 23.2787494659424 23.168249130249 23.2390003204346 23.115083694458 23.1824989318848 23.13108253479 23.1151657104492 23.0594997406006 22.9689159393311 22.9263343811035 22.8372497558594 22.6909999847412 22.7266674041748 22.8934173583984 22.941499710083 22.8554172515869 22.8075828552246 22.8126659393311 22.6955013275146 22.4364166259766 22.3211669921875 22.1800003051758 22.064582824707 22.0566673278809 22.1394996643066 22.1355838775635 22.1307506561279 22.0335006713867 22.1808338165283 22.3992500305176 22.4270000457764 22.5706672668457 22.6100826263428 22.6140823364258 22.6088333129883 22.7037506103516 22.7224159240723 22.6170825958252 22.2946662902832 22.4810009002686 22.3735828399658 22.1753330230713 21.9763336181641 21.9502506256104 22.0620002746582 22.4481658935547
23.4036655426025 23.400749206543 23.3876667022705 23.3884162902832 23.4138336181641 23.2039165496826 23.1830825805664 23.2821674346924 23.2919158935547 23.3228340148926 23.1531677246094 23.1002502441406 23.1284160614014 23.1001663208008 22.9808330535889 22.8705825805664 22.7131671905518 22.685417175293 22.6525821685791 22.7174167633057 22.8887500762939 22.7819175720215 22.8794994354248 22.8511657714844 22.7098331451416 22.605167388916 22.546667098999 22.3605003356934 22.3311672210693 22.2035007476807 22.1939163208008 22.2664165496826 22.3276672363281 22.3152503967285 22.3625831604004 22.3780841827393 22.5729160308838 22.6724166870117 22.7080001831055 22.6744174957275 22.4992504119873 22.6542491912842 22.6928329467773 22.6502494812012 22.4545841217041 22.4854164123535 22.5112495422363 22.3093338012695 22.2217502593994 22.2664165496826 22.3806667327881 22.2395839691162
23.49049949646 23.4099998474121 23.3255825042725 23.5627498626709 23.5159168243408 23.3325004577637 23.1222496032715 22.9914169311523 23.1081676483154 23.1176662445068 23.111665725708 23.1336669921875 23.1709175109863 23.1660003662109 23.0896663665771 22.9605007171631 22.8497505187988 22.8831672668457 22.8602504730225 22.6577491760254 22.7296657562256 22.8467502593994 22.8804168701172 22.8228340148926 22.8273334503174 22.6925830841064 22.6591663360596 22.6049156188965 22.4145832061768 22.4107494354248 22.4299163818359 22.3824157714844 22.4580841064453 22.521333694458 22.6375827789307 22.6785831451416 22.7594165802002 22.8014163970947 22.793083190918 22.7554168701172 22.6322498321533 22.6135845184326 22.638916015625 22.619499206543 22.5809173583984 22.5228328704834 22.4726657867432 22.3401679992676 22.332332611084 22.509916305542 22.5558338165283 22.6142501831055
23.6918334960938 23.5148334503174 23.5362491607666 23.6948337554932 23.7455825805664 23.5698337554932 23.4179992675781 23.4214992523193 23.2030830383301 23.2034168243408 23.3159999847412 23.2590007781982 23.2475833892822 23.1927490234375 23.1472492218018 23.085750579834 23.0235004425049 23.0573329925537 23.0422496795654 22.9380836486816 22.8240833282471 22.7159156799316 22.8245830535889 22.751916885376 22.7651672363281 22.695333480835 22.6152496337891 22.7049999237061 22.6920833587646 22.6277503967285 22.6504173278809 22.5642509460449 22.6228332519531 22.6047496795654 22.614917755127 22.7395000457764 22.7935829162598 22.8479156494141 22.8093338012695 22.9063339233398 22.835750579834 22.6704158782959 22.6219158172607 22.6254997253418 22.6247501373291 22.7105007171631 22.6324996948242 22.5340003967285 22.6601676940918 22.7503337860107 22.8345832824707 22.7193336486816
23.8423328399658 23.763916015625 23.831750869751 23.8103332519531 23.8271675109863 23.7016658782959 23.7269172668457 23.5419998168945 23.3742504119873 23.3083324432373 23.3234176635742 23.2959995269775 23.2469158172607 23.2316665649414 23.2037506103516 23.1381664276123 23.1209163665771 23.0816669464111 23.0346660614014 22.9829998016357 22.9215831756592 22.7986660003662 22.8471660614014 22.8366661071777 22.7847499847412 22.773416519165 22.7232494354248 22.823917388916 22.8169174194336 22.8463325500488 22.894416809082 22.8171672821045 22.7945003509521 22.8337497711182 22.7635841369629 22.7344989776611 22.7154159545898 22.8346672058105 22.8529167175293 22.8583335876465 22.8946666717529 22.7840843200684 22.7320003509521 22.6870002746582 22.6519165039062 22.7089996337891 22.7439994812012 22.7915840148926 22.8583335876465 22.886999130249 22.9224166870117 22.8210830688477
23.9892501831055 23.8324165344238 23.925666809082 23.9369163513184 23.9619159698486 23.8301658630371 23.7792491912842 23.6166667938232 23.5520839691162 23.5178337097168 23.4063339233398 23.4169158935547 23.3328342437744 23.3131675720215 23.265832901001 23.2080841064453 23.1863327026367 23.138500213623 23.1052494049072 23.0124168395996 22.9274997711182 22.8991661071777 22.9025840759277 22.925666809082 22.8804168701172 22.8722496032715 22.8374996185303 22.8946666717529 22.9953327178955 23.068416595459 23.0680828094482 23.0630836486816 23.002082824707 23.001501083374 22.9391670227051 22.8495826721191 22.7885837554932 22.7714996337891 22.8052501678467 22.8629169464111 22.9110832214355 22.9279174804688 22.8646659851074 22.8259162902832 22.8017501831055 22.7349166870117 22.748083114624 22.8415832519531 22.9562492370605 22.9651660919189 22.9698333740234 22.9769992828369
24.1595001220703 23.9367504119873 23.9950008392334 24.0121669769287 24.0288333892822 23.918083190918 23.8578338623047 23.6164169311523 23.6615829467773 23.5543327331543 23.4624996185303 23.4869155883789 23.4624176025391 23.3598327636719 23.3034172058105 23.2274169921875 23.1798324584961 23.1181659698486 23.0742492675781 23.044750213623 22.9955005645752 22.8962497711182 22.8822498321533 22.9203338623047 22.9369163513184 22.9673328399658 23.0519161224365 23.0858325958252 23.1870002746582 23.2347507476807 23.2692489624023 23.2912502288818 23.2339172363281 23.1021671295166 23.1096668243408 22.9507503509521 22.9349994659424 22.8117504119873 22.8550834655762 22.9166660308838 22.9084167480469 22.9593334197998 23.0051670074463 22.9486675262451 22.9174995422363 22.8740825653076 22.8379173278809 22.8814163208008 22.9279174804688 23.0672492980957 23.0942497253418 23.1169166564941
24.1531658172607 24.1294994354248 24.1374168395996 24.0319175720215 24.0230007171631 23.9615840911865 23.8889999389648 23.7119998931885 23.710750579834 23.6492500305176 23.5540828704834 23.5563335418701 23.5295009613037 23.4363327026367 23.3583335876465 23.2740840911865 23.2086658477783 23.1256656646729 23.0247497558594 22.9699993133545 22.9650840759277 22.9438323974609 22.9357509613037 22.9526672363281 23.0000839233398 23.0651664733887 23.2024993896484 23.2915840148926 23.3655834197998 23.4440002441406 23.4470825195312 23.4540824890137 23.3469161987305 23.154333114624 23.0207500457764 23.0855007171631 23.0330829620361 22.9169998168945 22.8660831451416 22.9497489929199 22.988582611084 22.9799995422363 22.9790840148926 22.980583190918 23.0594997406006 23.0206661224365 22.9827499389648 22.986499786377 22.951416015625 23.0305824279785 23.1696662902832 23.1628341674805
24.1824169158936 24.1908340454102 24.2726669311523 24.1876659393311 24.0461673736572 23.9449157714844 23.8439998626709 23.8337497711182 23.7334995269775 23.7101669311523 23.6425838470459 23.5949172973633 23.5549163818359 23.4935836791992 23.3929996490479 23.3161659240723 23.2194156646729 23.1259155273438 23.0227508544922 22.9596672058105 22.9309177398682 22.976749420166 23.031665802002 23.0458335876465 23.1049175262451 23.1447505950928 23.2493324279785 23.3062496185303 23.3447494506836 23.3724174499512 23.3436660766602 23.4109992980957 23.4173336029053 23.2219161987305 23.1082496643066 23.05641746521 23.0639991760254 23.0452499389648 22.976583480835 22.9717502593994 22.9823341369629 22.9641666412354 22.9684162139893 23.0167503356934 23.0659160614014 23.1359176635742 23.1232490539551 23.1101665496826 23.0742492675781 23.0453338623047 23.1191673278809 23.214916229248
24.3483333587646 24.2102489471436 24.2682495117188 24.2247505187988 24.1767501831055 24.0814990997314 23.8837509155273 23.9119167327881 23.757999420166 23.7905826568604 23.705249786377 23.632833480835 23.6219997406006 23.5632495880127 23.4262504577637 23.3580837249756 23.2703323364258 23.1753330230713 23.0865840911865 23.035249710083 22.9924163818359 23.0400009155273 23.1026668548584 23.1335010528564 23.169750213623 23.2373332977295 23.2956657409668 23.3578338623047 23.3737506866455 23.3608341217041 23.3493328094482 23.3207492828369 23.2999992370605 23.3002510070801 23.1984996795654 23.1325836181641 23.125 23.0974159240723 23.0989990234375 23.056583404541 23.015251159668 23.0202503204346 23.0115833282471 23.001916885376 23.0359172821045 23.0909996032715 23.0909996032715 23.1090831756592 23.1636657714844 23.189582824707 23.1490001678467 23.2409992218018
24.4015007019043 24.2103328704834 24.1789169311523 24.1835823059082 24.1939163208008 24.1163330078125 24.0147495269775 23.935583114624 23.8404998779297 23.7983341217041 23.7602500915527 23.6908340454102 23.6572494506836 23.5680828094482 23.4867496490479 23.445499420166 23.3782501220703 23.2835826873779 23.216667175293 23.1609992980957 23.1410007476807 23.1700000762939 23.1929988861084 23.2514171600342 23.2676677703857 23.3479995727539 23.3835010528564 23.3867492675781 23.3831672668457 23.33766746521 23.3190841674805 23.3069171905518 23.2668323516846 23.2794170379639 23.242166519165 23.1829166412354 23.1584167480469 23.1277503967285 23.1209163665771 23.0960826873779 23.0969161987305 23.0810832977295 23.0875835418701 23.0974998474121 23.1004161834717 23.0872497558594 23.0475006103516 23.0622501373291 23.0744171142578 23.1520824432373 23.2025833129883 23.2420825958252
24.4099159240723 24.2470836639404 24.2040843963623 24.2711658477783 24.1180839538574 23.9755840301514 23.9809169769287 23.9056663513184 23.8640003204346 23.8476657867432 23.8075828552246 23.7535839080811 23.6587505340576 23.60325050354 23.5575828552246 23.5255832672119 23.4790840148926 23.4085006713867 23.3657493591309 23.3273334503174 23.306583404541 23.312915802002 23.3119163513184 23.3199157714844 23.3229160308838 23.3863334655762 23.4004173278809 23.3706665039062 23.3891658782959 23.3698329925537 23.3379993438721 23.3101673126221 23.2697505950928 23.2595825195312 23.2135829925537 23.1851673126221 23.1654167175293 23.1412506103516 23.1348323822021 23.1574172973633 23.1354999542236 23.1126670837402 23.1407489776611 23.134916305542 23.1421661376953 23.0830821990967 23.046667098999 23.0267505645752 23.0285835266113 23.1337490081787 23.1718330383301 23.183500289917
24.469165802002 24.3120002746582 24.2161674499512 24.2573337554932 24.1767501831055 24.0594997406006 24.0114994049072 23.9860000610352 23.8970832824707 23.8680839538574 23.8640003204346 23.8114986419678 23.7019157409668 23.6806678771973 23.6586666107178 23.664249420166 23.6473331451416 23.5418338775635 23.4794158935547 23.4585838317871 23.4309997558594 23.4149990081787 23.4138336181641 23.4097499847412 23.4199161529541 23.3880825042725 23.3889999389648 23.3860836029053 23.4193325042725 23.3937492370605 23.3593330383301 23.3142490386963 23.280834197998 23.2428340911865 23.2280826568604 23.2112503051758 23.1856670379639 23.1560840606689 23.1296672821045 23.1424160003662 23.1597499847412 23.1721668243408 23.1692504882812 23.1764163970947 23.1923332214355 23.1829166412354 23.1507511138916 23.1586666107178 23.1475009918213 23.1824169158936 23.1924991607666 23.2209167480469
24.4559993743896 24.236083984375 24.1161670684814 24.1789169311523 24.1865005493164 24.0990829467773 24.0953330993652 24.0027503967285 23.9809169769287 23.9258327484131 23.871166229248 23.8587493896484 23.7823333740234 23.7318325042725 23.6942501068115 23.8228340148926 23.855749130249 23.6742496490479 23.6231670379639 23.5612506866455 23.5332489013672 23.5340003967285 23.5278339385986 23.5104160308838 23.4740009307861 23.4537506103516 23.4378337860107 23.4261665344238 23.4137496948242 23.3922500610352 23.3481674194336 23.3173332214355 23.2742500305176 23.2604999542236 23.2481670379639 23.2405834197998 23.1978340148926 23.1539173126221 23.1297512054443 23.1520843505859 23.1866664886475 23.1989994049072 23.2363338470459 23.294750213623 23.3080825805664 23.2945003509521 23.2971668243408 23.2204990386963 23.2373332977295 23.2236671447754 23.2022495269775 23.2469997406006
24.4130001068115 24.132999420166 24.1219997406006 24.1698341369629 24.1767501831055 24.1161670684814 24.0186672210693 23.9861660003662 23.9990825653076 23.9739170074463 23.9559993743896 23.9380836486816 23.9148330688477 23.8267498016357 23.83424949646 23.8612499237061 23.91233253479 23.8431663513184 23.8174171447754 23.7325839996338 23.6552505493164 23.6429176330566 23.6378326416016 23.6108322143555 23.5685005187988 23.5065002441406 23.4736671447754 23.4694175720215 23.4293327331543 23.388916015625 23.3494167327881 23.3179168701172 23.2754993438721 23.2521667480469 23.2505836486816 23.2557506561279 23.2399997711182 23.2129993438721 23.1983337402344 23.2054996490479 23.222749710083 23.2213325500488 23.2536659240723 23.2784156799316 23.3190841674805 23.3654155731201 23.3882503509521 23.3646659851074 23.326000213623 23.3167495727539 23.3151664733887 23.2444171905518
