layers/tmax9.asc
NCOLS 421 
NROWS 354 
XLLCORNER -106.645833332895 
YLLCORNER 25.8541666666667 
CELLSIZE 0.0416666666669039 
NODATA_value -3.4e+38 
[rows 0 to 22 of 354, columns 312 to 363 of 421]
-3.4e+38 -3.4e+38 -3.4e+38 -3.4e+38 -3.4e+38 -3.4e+38 -3.4e+38 -3.4e+38 -3.4e+38 -3.4e+38 -3.4e+38 -3.4e+38 -3.4e+38 15.4245004653931 15.4420003890991 15.4825830459595 15.4824171066284 15.5037498474121 15.496166229248 15.4400835037231 15.3819999694824 15.4304170608521 15.5485000610352 15.414083480835 15.3348331451416 15.3993330001831 15.4522495269775 15.547082901001 15.633749961853 15.690333366394 15.7580833435059 15.7561664581299 15.6359996795654 15.6331663131714 15.5874996185303 15.5612497329712 15.5110836029053 15.496166229248 15.5111665725708 15.5216665267944 15.4888334274292 15.543999671936 15.6149168014526 15.5144166946411 15.4578332901001 15.4504165649414 15.5104999542236 -3.4e+38 -3.4e+38 -3.4e+38 -3.4e+38 -3.4e+38
15.553750038147 15.5513334274292 15.2637500762939 15.2652502059937 15.1776666641235 15.1579999923706 15.1877498626709 15.4164161682129 15.4265832901001 15.3230829238892 15.4743337631226 15.4968328475952 15.6501665115356 15.5815830230713 15.6879997253418 15.7232503890991 15.6835832595825 15.6184997558594 15.5782499313354 15.6098327636719 15.480583190918 15.5232496261597 15.6358337402344 15.5644998550415 15.3523330688477 15.3570003509521 15.4991664886475 15.6614999771118 15.7250833511353 15.8144998550415 15.8769998550415 15.7751665115356 15.8039169311523 15.66100025177 15.6149997711182 15.5850830078125 15.5631666183472 15.5843334197998 15.5530004501343 15.5514163970947 15.5855836868286 15.5988330841064 15.6128330230713 15.625 15.615083694458 15.5585832595825 15.5424995422363 15.6267499923706 -3.4e+38 -3.4e+38 -3.4e+38 -3.4e+38
15.6190004348755 15.6386661529541 15.3117504119873 15.4072504043579 15.2397499084473 15.3236665725708 15.3050003051758 15.3715000152588 15.5914163589478 15.4635829925537 15.556583404541 15.6457500457764 15.8392496109009 15.7382497787476 15.8365831375122 15.8863334655762 15.9053335189819 15.8339166641235 15.685583114624 15.7005834579468 15.6619997024536 15.664999961853 15.6593332290649 15.604416847229 15.4991664886475 15.433666229248 15.4957504272461 15.6030836105347 15.6907501220703 15.7802495956421 15.88450050354 15.8648338317871 15.7972497940063 15.7699165344238 15.7360830307007 15.6958332061768 15.7129163742065 15.6604995727539 15.6792497634888 15.6925001144409 15.6935005187988 15.6650829315186 15.7091665267944 15.7620830535889 15.7585000991821 15.757833480835 15.6696662902832 15.6491670608521 15.7044162750244 -3.4e+38 -3.4e+38 -3.4e+38
15.6479167938232 15.6966667175293 15.4170827865601 15.4231662750244 15.3143329620361 15.4310836791992 15.3790836334229 15.5081663131714 15.6725006103516 15.6182498931885 15.5915832519531 15.7829999923706 15.9598331451416 15.9182500839233 15.9080829620361 15.9554996490479 15.8861665725708 15.8386669158936 15.8554172515869 15.7119169235229 15.6515836715698 15.6864166259766 15.8457498550415 15.679666519165 15.5588331222534 15.4748334884644 15.577917098999 15.708083152771 15.7682504653931 15.8304996490479 15.8960828781128 15.897500038147 15.8426666259766 15.8255004882812 15.8301668167114 15.7589168548584 15.6731662750244 15.6561660766602 15.6783332824707 15.7544164657593 15.7226667404175 15.7760829925537 15.7465829849243 15.7971668243408 15.8392496109009 15.8566665649414 15.8499164581299 15.8175001144409 15.7483339309692 15.8414163589478 -3.4e+38 -3.4e+38
15.8519163131714 15.7126665115356 15.5526666641235 15.4343328475952 15.4495000839233 15.5435838699341 15.4664163589478 15.6354169845581 15.6527500152588 15.5741662979126 15.6334171295166 15.8985834121704 15.9868335723877 15.9010000228882 15.8312501907349 15.8723335266113 15.9159164428711 15.9173336029053 15.853666305542 15.7954168319702 15.7977504730225 15.6459999084473 15.780083656311 15.8874998092651 15.5976667404175 15.4583330154419 15.5143337249756 15.6331663131714 15.7710838317871 15.941499710083 15.9132499694824 15.9483337402344 15.8618335723877 15.7968330383301 15.7626667022705 15.8140001296997 15.8020830154419 15.698917388916 15.7119998931885 15.7449998855591 15.7714996337891 15.8400831222534 15.8773326873779 15.8505001068115 15.8796663284302 15.9021673202515 15.91575050354 15.9632501602173 16.0071659088135 15.9779996871948 16.0522499084473 -3.4e+38
15.8014163970947 15.7365837097168 15.7028331756592 15.5781669616699 15.508749961853 15.632833480835 15.5863332748413 15.8050832748413 15.6354169845581 15.5425004959106 15.7098331451416 15.7728328704834 15.9614162445068 15.7705001831055 15.7813329696655 15.8217496871948 15.815333366394 15.7894163131714 15.7360000610352 15.7904167175293 15.8832502365112 15.8499994277954 15.8312501907349 16.017749786377 15.6806669235229 15.5018329620361 15.5430002212524 15.6005830764771 15.7239999771118 15.8921661376953 16 15.936749458313 15.9066667556763 15.8462495803833 15.8052501678467 15.7751665115356 15.7921667098999 15.8340835571289 15.7839994430542 15.8151664733887 15.7895002365112 15.7980833053589 15.8520002365112 15.9492502212524 15.9606666564941 15.9553327560425 15.987416267395 16.0104160308838 16.0259990692139 16.1027507781982 16.1405830383301 16.1273345947266
15.7929162979126 15.9330835342407 15.758749961853 15.6212501525879 15.5930833816528 15.6218338012695 15.7333335876465 15.8501663208008 15.6700830459595 15.6334171295166 15.7060832977295 15.884916305542 15.8279161453247 15.7894163131714 15.7182493209839 15.7285833358765 15.8311672210693 15.8846664428711 15.8218336105347 15.7719173431396 15.8266668319702 15.8667497634888 16.0364170074463 16.0454998016357 15.7589168548584 15.6596670150757 15.6082496643066 15.5700836181641 15.6458330154419 15.7788333892822 15.8788328170776 15.9899168014526 16.0141658782959 15.9804172515869 15.9545831680298 15.9241666793823 15.8709163665771 15.8749160766602 15.9514999389648 15.872917175293 15.8735828399658 15.8520002365112 15.8994998931885 15.9535837173462 15.9829168319702 16.0522499084473 16.0414161682129 16.0355834960938 16.0231666564941 16.1340827941895 16.1714172363281 16.1679172515869
15.8574171066284 15.8391666412354 15.7763338088989 15.7200002670288 15.7261667251587 15.6525831222534 15.8544998168945 15.9317502975464 15.7230834960938 15.8206663131714 15.7620000839233 15.9518337249756 15.7980833053589 15.8262500762939 15.7216663360596 15.7568330764771 15.659083366394 15.7218332290649 15.714750289917 15.8905830383301 15.9234161376953 15.8376665115356 16.054500579834 15.9714164733887 15.827166557312 15.6407499313354 15.6039171218872 15.6262502670288 15.6420831680298 15.7605829238892 15.854416847229 15.9103336334229 15.9165830612183 15.9539165496826 15.9768333435059 15.9879999160767 16.0366668701172 15.9818334579468 16.0128326416016 16.0712509155273 16.0089168548584 16.0033340454102 15.9669170379639 16.0096664428711 16.0398330688477 16.0708332061768 16.1077499389648 16.0801658630371 16.0891666412354 16.1529998779297 16.2318325042725 16.2522506713867
16.0271663665771 15.9683332443237 15.9406661987305 15.9059171676636 15.7801666259766 15.7170000076294 15.9151668548584 16.0137500762939 15.8438329696655 15.9679164886475 15.8568334579468 16.0728340148926 15.9024171829224 15.9561672210693 15.7653331756592 15.7982501983643 15.6339998245239 15.6354169845581 15.627833366394 15.6855001449585 15.7554998397827 15.9558334350586 15.9688339233398 15.9534997940063 15.6557493209839 15.6380834579468 15.6994171142578 15.7269163131714 15.7763338088989 15.7294998168945 15.8084163665771 15.8635835647583 15.9310836791992 16.0157508850098 15.9816665649414 16.0327491760254 16.0223331451416 16.0247497558594 16.1142501831055 16.1060009002686 16.0823345184326 16.1326675415039 16.1377506256104 16.095832824707 16.0853328704834 16.0885009765625 16.0732498168945 16.1494998931885 16.1149158477783 16.1618328094482 16.2495822906494 16.34375
16.2102508544922 16.0773334503174 15.9364166259766 15.952166557312 15.8970003128052 15.8990831375122 16.0648326873779 16.1340007781982 15.9109172821045 16.0778331756592 15.9435834884644 16.1500835418701 16.0286674499512 15.9523334503174 15.7923336029053 15.8286666870117 15.7011661529541 15.6742496490479 15.7085828781128 15.7290000915527 15.7619161605835 15.8455829620361 15.9840831756592 15.887749671936 15.7375831604004 15.622166633606 15.7006664276123 15.7640829086304 15.8419160842896 15.8268337249756 15.7960004806519 15.9374170303345 15.9925832748413 16.015832901001 16.049165725708 16.0330009460449 16.0709991455078 16.152416229248 16.1407489776611 16.1529998779297 16.2034168243408 16.1715831756592 16.1819171905518 16.2497501373291 16.2103328704834 16.1854991912842 16.1420841217041 16.148416519165 16.2118339538574 16.230167388916 16.2721672058105 -3.4e+38
16.3400840759277 16.2104167938232 16.091667175293 16.119083404541 16.0690841674805 16.0200004577637 16.160083770752 16.1481666564941 15.8799171447754 15.9829998016357 16.1044998168945 16.1585826873779 16.0909996032715 15.9540004730225 15.9610004425049 15.9225835800171 15.811333656311 15.742166519165 15.749249458313 15.6554164886475 15.7215003967285 15.905083656311 15.9909162521362 16.0138339996338 15.8092498779297 15.6532497406006 15.6996669769287 15.7219161987305 15.8134994506836 15.9285831451416 15.8800830841064 15.852499961853 15.9360837936401 16.0153331756592 16.1730842590332 16.2356662750244 16.2229156494141 16.2141666412354 16.2117500305176 16.2795009613037 16.2662506103516 16.2864990234375 16.34375 16.336332321167 16.3428325653076 16.351749420166 16.3072509765625 16.2752494812012 16.2944164276123 16.3285827636719 16.3484992980957 -3.4e+38
16.3638324737549 16.2738342285156 16.2434997558594 16.1786670684814 16.0948333740234 16.0259170532227 16.2636661529541 16.0592498779297 15.972749710083 16.0858325958252 16.1493339538574 16.127082824707 16.1877498626709 16.1136665344238 15.9358329772949 15.9839172363281 15.8196668624878 15.7854166030884 15.8562498092651 15.7554168701172 15.8438329696655 15.9213333129883 16.1726665496826 15.9063329696655 15.7478332519531 15.627082824707 15.7169170379639 15.8049163818359 15.8251667022705 15.9192495346069 16.0065841674805 15.9088335037231 15.9527502059937 16.0335006713867 16.1462497711182 16.198917388916 16.3268337249756 16.2950000762939 16.3396663665771 16.3584156036377 16.386999130249 16.3684158325195 16.392915725708 16.4240837097168 16.3914165496826 16.4581661224365 16.4686660766602 16.4480838775635 16.4433326721191 16.4524173736572 16.4892501831055 -3.4e+38
16.3422508239746 16.3287506103516 16.3120002746582 16.2838325500488 16.0844173431396 16.2290000915527 16.1930828094482 16.0833339691162 15.9248332977295 16.1079998016357 16.1639995574951 16.2417507171631 16.2444171905518 16.1100826263428 15.8974170684814 16.043249130249 15.9361667633057 15.7682495117188 15.9519996643066 15.87975025177 15.92799949646 16.0220832824707 16.1841659545898 16.0773334503174 15.9533338546753 15.7530002593994 15.765417098999 15.8165826797485 15.9182500839233 15.9266662597656 15.998083114624 16.1555824279785 16.0813331604004 16.1054172515869 16.1382503509521 16.1854991912842 16.2760829925537 16.3724994659424 16.3586673736572 16.4618339538574 16.4972496032715 16.5050830841064 16.4559993743896 16.4618339538574 16.5152492523193 16.5229167938232 16.5132503509521 16.5284156799316 16.5478343963623 16.5657501220703 16.6145000457764 16.6824169158936
16.4436664581299 16.3810005187988 16.3623332977295 16.3276672363281 16.2336673736572 16.355583190918 16.1267509460449 16.1553325653076 16.027416229248 16.1751670837402 16.2309169769287 16.3247509002686 16.0980834960938 15.9489164352417 15.9233331680298 16.0940837860107 15.972749710083 15.8305835723877 15.8715000152588 16.0063343048096 16.036750793457 16.1651668548584 16.2591667175293 16.1490001678467 15.9160003662109 15.7985830307007 15.8576669692993 15.8693332672119 15.9672498703003 16.0694160461426 16.1043338775635 16.2678337097168 16.2100830078125 16.1382503509521 16.2119159698486 16.2915000915527 16.3597507476807 16.4594993591309 16.4823341369629 16.4933338165283 16.5497493743896 16.5566673278809 16.5768337249756 16.6096668243408 16.6188335418701 16.5825824737549 16.577917098999 16.56858253479 16.5855827331543 16.6352500915527 16.7030830383301 16.7979164123535
16.5074996948242 16.4091663360596 16.394832611084 16.3558330535889 16.2771663665771 16.3162498474121 16.2646675109863 16.2059993743896 16.1126670837402 16.2293338775635 16.3594169616699 16.2041664123535 15.9898338317871 16.025749206543 15.97825050354 16.187915802002 16.0792503356934 15.9448328018188 15.9486665725708 16.0748329162598 16.0128326416016 16.2243328094482 16.3947505950928 16.4250831604004 16.0969161987305 15.9257497787476 15.9644165039062 15.9165830612183 15.9643335342407 16.1533336639404 16.1944160461426 16.2523326873779 16.3479156494141 16.2086658477783 16.2586669921875 16.3180828094482 16.3547496795654 16.4832496643066 16.5730838775635 16.6159172058105 16.64674949646 16.6534175872803 16.6019172668457 16.623083114624 16.660249710083 16.664249420166 16.6730842590332 16.6346664428711 16.6560840606689 16.7174167633057 16.7999172210693 16.9279174804688
16.4776668548584 16.4718341827393 16.4740009307861 16.3861656188965 16.424165725708 16.3502502441406 16.3818340301514 16.2275829315186 16.1978340148926 16.2125835418701 16.3347492218018 16.0625 15.9716663360596 16.0370006561279 16.0496673583984 16.1768341064453 16.1174163818359 16.0440006256104 16.0049991607666 16.1096668243408 15.8918333053589 16.1198329925537 16.41575050354 16.5818328857422 16.3502502441406 16.079833984375 16.1123332977295 16.0669174194336 16.1183338165283 16.2223339080811 16.3118343353271 16.314582824707 16.3980827331543 16.3173332214355 16.3117504119873 16.3530006408691 16.3840007781982 16.4469165802002 16.4998340606689 16.5784168243408 16.6472492218018 16.7196674346924 16.6789169311523 16.6773338317871 16.6830005645752 16.6767501831055 16.6552505493164 16.6572494506836 16.6800003051758 16.7241668701172 16.8305835723877 16.9895839691162
16.2881660461426 16.5695838928223 16.5569171905518 16.4951667785645 16.5917491912842 16.4408340454102 16.4465007781982 16.3280830383301 16.3134155273438 16.2167510986328 16.2243328094482 16.0906677246094 16.0557498931885 16.1184997558594 16.1248340606689 16.2407493591309 16.2045001983643 16.2026672363281 16.0338325500488 16.1559162139893 16.0417499542236 16.2329998016357 16.5284175872803 16.6698341369629 16.3612499237061 16.261999130249 16.1966667175293 16.2169990539551 16.2447509765625 16.2807502746582 16.3440837860107 16.4942493438721 16.4312496185303 16.433500289917 16.3778324127197 16.3971672058105 16.4188327789307 16.4851665496826 16.4468326568604 16.5294170379639 16.6275825500488 16.6733341217041 16.7180843353271 16.7319164276123 16.7355003356934 16.6938343048096 16.6820831298828 16.6746673583984 16.6818332672119 16.730167388916 16.8112506866455 16.9478340148926
16.3715000152588 16.6016674041748 16.5510005950928 16.5840835571289 16.7019157409668 16.5873336791992 16.5268325805664 16.4855003356934 16.31858253479 16.3887500762939 16.3520011901855 16.2608337402344 16.2268333435059 16.2523326873779 16.1961669921875 16.2748336791992 16.299165725708 16.171667098999 16.0799999237061 16.2574996948242 16.1669998168945 16.3157501220703 16.6679172515869 16.6632499694824 16.3681659698486 16.3854160308838 16.4130001068115 16.3822498321533 16.3903331756592 16.3664169311523 16.3978328704834 16.5025825500488 16.5933322906494 16.5278339385986 16.4095840454102 16.4515838623047 16.4589176177979 16.4711666107178 16.5660839080811 16.5905838012695 16.5953330993652 16.6795825958252 16.7315006256104 16.7539157867432 16.7518329620361 16.7216663360596 16.7051658630371 16.7054996490479 16.695499420166 16.7279167175293 16.7689990997314 16.83766746521
16.6089992523193 16.605167388916 16.5402507781982 16.5467491149902 16.6286659240723 16.7164993286133 16.5620002746582 16.6099166870117 16.4874172210693 16.5054168701172 16.4845008850098 16.4307498931885 16.2975006103516 16.3294162750244 16.4040832519531 16.2845001220703 16.3836669921875 16.224250793457 16.1445827484131 16.3343334197998 16.3004989624023 16.4875831604004 16.8042507171631 16.6317501068115 16.4848327636719 16.5095825195312 16.5145835876465 16.5653343200684 16.4735832214355 16.5163326263428 16.4637508392334 16.4749164581299 16.5254173278809 16.5709171295166 16.4833335876465 16.4459171295166 16.4956665039062 16.5275840759277 16.5340824127197 16.5853328704834 16.6596660614014 16.6878337860107 16.7250003814697 16.755500793457 16.7849998474121 16.7854995727539 16.8084163665771 16.7705001831055 16.7763328552246 16.7609996795654 16.7224998474121 16.6909999847412
16.6777496337891 16.7075004577637 16.6652507781982 16.654333114624 16.7164173126221 16.7765827178955 16.6809997558594 16.6782493591309 16.5683326721191 16.6071662902832 16.6348323822021 16.4829998016357 16.4475841522217 16.4233341217041 16.5025005340576 16.3594169616699 16.500415802002 16.3673324584961 16.2535839080811 16.375 16.398416519165 16.5079174041748 16.8638324737549 16.6606674194336 16.5705833435059 16.6620006561279 16.5319995880127 16.5404167175293 16.4783325195312 16.5932502746582 16.5102500915527 16.5526676177979 16.6184177398682 16.586332321167 16.6326675415039 16.6319160461426 16.6138324737549 16.5865001678467 16.5997505187988 16.6248340606689 16.6631660461426 16.7189159393311 16.8058338165283 16.8460826873779 16.8712501525879 16.8772506713867 16.8304996490479 16.7863330841064 16.7356662750244 16.7119998931885 16.6985836029053 16.6487503051758
16.6529159545898 16.7526664733887 16.7761669158936 16.7646675109863 16.7876663208008 16.8194999694824 16.7936668395996 16.7169990539551 16.6343326568604 16.7639999389648 16.6695003509521 16.5999164581299 16.551082611084 16.5909996032715 16.6185836791992 16.6183338165283 16.5155830383301 16.3389167785645 16.4326667785645 16.4451656341553 16.4561672210693 16.5614166259766 16.8971672058105 16.7880001068115 16.7070007324219 16.6737499237061 16.5139999389648 16.5994167327881 16.4945831298828 16.66233253479 16.5860004425049 16.5520000457764 16.5844173431396 16.5769996643066 16.5588340759277 16.5821666717529 16.6044158935547 16.6608333587646 16.6560001373291 16.6844997406006 16.7118339538574 16.7943344116211 16.8749160766602 16.9416656494141 17.0051670074463 17.0229167938232 17.0122509002686 16.9972496032715 16.9307498931885 16.8586673736572 16.7899990081787 16.6722507476807
16.6706676483154 16.7056674957275 16.7229175567627 16.7517509460449 16.7893333435059 16.7800827026367 16.801082611084 16.7976665496826 16.7825832366943 16.8111667633057 16.7130832672119 16.7059993743896 16.6825828552246 16.6776676177979 16.7465000152588 16.6234169006348 16.4586658477783 16.4734992980957 16.5697498321533 16.5461673736572 16.4603328704834 16.6578330993652 16.9004993438721 16.8320007324219 16.8050003051758 16.6818332672119 16.550500869751 16.6864166259766 16.5200004577637 16.6708335876465 16.6392498016357 16.6316661834717 16.6490001678467 16.6302490234375 16.638500213623 16.63108253479 16.6045837402344 16.6496658325195 16.6714992523193 16.6844158172607 16.732250213623 16.810417175293 16.945499420166 17.0576667785645 17.1365833282471 17.2156658172607 17.2285003662109 17.1921672821045 17.1063327789307 16.9393329620361 16.7886657714844 16.6320838928223
16.6245002746582 16.6149158477783 16.585750579834 16.6392498016357 16.6040000915527 16.6138324737549 16.626916885376 16.7200832366943 16.7672500610352 16.7945003509521 16.7638339996338 16.7749176025391 16.7748336791992 16.7065830230713 16.7575836181641 16.6279163360596 16.5469169616699 16.581916809082 16.7169170379639 16.6067504882812 16.6093330383301 16.7318344116211 16.9538326263428 16.8773326873779 16.7990837097168 16.7529163360596 16.6215000152588 16.6818332672119 16.5581665039062 16.6534996032715 16.7488327026367 16.7490005493164 16.7170829772949 16.7207508087158 16.6776657104492 16.7005825042725 16.7273330688477 16.6931667327881 16.7059173583984 16.7253322601318 16.8009166717529 16.8678340911865 17.0636672973633 17.2112503051758 17.2046661376953 17.2329998016357 17.2515830993652 17.2420825958252 17.1769161224365 16.9929161071777 16.8307495117188 16.6295833587646
