layers/tmax11.asc
NCOLS 421 
NROWS 354 
XLLCORNER -106.645833332895 
YLLCORNER 25.8541666666667 
CELLSIZE 0.0416666666669039 
NODATA_value -3.4e+38 
[rows 46 to 68 of 354, columns 104 to 155 of 421]
-3.4e+38 -3.4e+38 -3.4e+38 -3.4e+38 -3.4e+38 -3.4e+38 19.7685832977295 19.7653331756592 19.7644157409668 19.7651672363281 19.8168334960938 19.8593330383301 19.9500827789307 19.9833335876465 20.0143337249756 19.9933338165283 19.9741668701172 19.92799949646 19.8945007324219 19.8658332824707 19.8421669006348 19.8447494506836 19.8878326416016 19.90625 19.9352493286133 19.9730834960938 19.9852504730225 20.0146675109863 20.0205841064453 20.0401668548584 20.0424995422363 20.0805835723877 20.1139163970947 20.1571674346924 20.1342506408691 20.1542491912842 20.2215003967285 20.2919158935547 20.4172496795654 20.5398330688477 20.6023330688477 20.5659160614014 20.5834159851074 20.4936676025391 20.4981670379639 20.4447498321533 20.4077491760254 20.355167388916 20.386417388916 20.2950839996338 20.3083324432373 20.4145832061768
-3.4e+38 -3.4e+38 -3.4e+38 -3.4e+38 -3.4e+38 -3.4e+38 19.8205833435059 19.8454170227051 19.8470840454102 19.8463325500488 19.8694171905518 19.9386672973633 19.9901676177979 20.0261669158936 20.0184173583984 20.0276660919189 20.0052509307861 19.9734992980957 19.972749710083 19.9535007476807 19.9316654205322 19.9280834197998 19.9364166259766 19.9551658630371 19.9751663208008 20.0093326568604 20.0130004882812 20.0436668395996 20.0712490081787 20.095666885376 20.1138343811035 20.1307506561279 20.1235828399658 20.1967506408691 20.1893329620361 20.2280826568604 20.2746658325195 20.3624992370605 20.482084274292 20.566499710083 20.6295833587646 20.6123332977295 20.5852508544922 20.5796661376953 20.5468330383301 20.5061664581299 20.4525833129883 20.4386672973633 20.4321670532227 20.4144172668457 20.4418334960938 20.4995002746582
-3.4e+38 -3.4e+38 -3.4e+38 -3.4e+38 -3.4e+38 -3.4e+38 19.9109992980957 19.8974170684814 19.9104995727539 19.929666519165 19.9217491149902 19.9629993438721 20.0127506256104 20.0567493438721 20.060417175293 20.0638332366943 20.0502490997314 20.0314998626709 20.0132503509521 20.0112495422363 20.0165843963623 19.9955825805664 19.968334197998 19.9566669464111 19.9789161682129 19.9907493591309 20.0288333892822 20.0649166107178 20.081916809082 20.0951671600342 20.1359176635742 20.1443328857422 20.1555824279785 20.1719989776611 20.1928329467773 20.2001667022705 20.2702503204346 20.3752498626709 20.4790821075439 20.5850009918213 20.6615829467773 20.6939163208008 20.640832901001 20.5764999389648 20.5533332824707 20.5231666564941 20.507417678833 20.5004997253418 20.5428333282471 20.6281661987305 20.6343326568604 20.6470832824707
-3.4e+38 -3.4e+38 -3.4e+38 -3.4e+38 -3.4e+38 -3.4e+38 19.8829174041748 19.9134159088135 19.9837493896484 19.9890003204346 20.0008335113525 20.0235004425049 20.0930843353271 20.1077499389648 20.1014175415039 20.1066665649414 20.1133327484131 20.1140842437744 20.1079177856445 20.0668334960938 20.0025825500488 19.9749164581299 19.9643325805664 19.9483337402344 19.9475841522217 19.9662494659424 20.0012493133545 20.0403327941895 20.0774173736572 20.0997505187988 20.0970840454102 20.0952491760254 20.0949153900146 20.0970001220703 20.1263332366943 20.2005825042725 20.2691669464111 20.3616676330566 20.4438343048096 20.5450000762939 20.6367492675781 20.6672496795654 20.6454162597656 20.6108341217041 20.5955829620361 20.5877494812012 20.5928325653076 20.588249206543 20.6301670074463 20.7066669464111 20.7726669311523 20.7646675109863
-3.4e+38 -3.4e+38 -3.4e+38 -3.4e+38 -3.4e+38 -3.4e+38 19.9403324127197 19.9386672973633 19.9641666412354 20.0027503967285 20.070333480835 20.111083984375 20.1588325500488 20.1651668548584 20.1883335113525 20.1991672515869 20.1808338165283 20.1612491607666 20.1451663970947 20.0746669769287 19.988582611084 19.970666885376 19.9574165344238 19.9528331756592 19.9799175262451 19.9855003356934 20.0109996795654 20.048999786377 20.0890827178955 20.083833694458 20.0948333740234 20.1191673278809 20.0980834960938 20.1106662750244 20.1234169006348 20.2026672363281 20.2830829620361 20.3589172363281 20.4356670379639 20.4968338012695 20.5609169006348 20.6167507171631 20.6529998779297 20.6662502288818 20.6266670227051 20.622917175293 20.6354160308838 20.6725826263428 20.6980838775635 20.7497501373291 20.7770004272461 20.7903327941895
-3.4e+38 -3.4e+38 -3.4e+38 -3.4e+38 -3.4e+38 -3.4e+38 19.9810829162598 20.0100841522217 20.0122489929199 20.0364170074463 20.0934162139893 20.1373329162598 20.1766662597656 20.1991672515869 20.2514171600342 20.2509155273438 20.2215003967285 20.1900005340576 20.1559162139893 20.1133327484131 20.0265827178955 19.9773330688477 19.9688339233398 19.9721660614014 19.9854164123535 20.0224170684814 20.0769996643066 20.0659999847412 20.1075839996338 20.1375007629395 20.161750793457 20.1805839538574 20.1603336334229 20.1499176025391 20.1865005493164 20.2309989929199 20.2604999542236 20.3880004882812 20.4834156036377 20.502082824707 20.5569171905518 20.6183338165283 20.6361675262451 20.6466674804688 20.6393337249756 20.6545829772949 20.6957492828369 20.718334197998 20.771333694458 20.804500579834 20.8066673278809 20.8641662597656
-3.4e+38 -3.4e+38 -3.4e+38 -3.4e+38 -3.4e+38 -3.4e+38 20.0240001678467 20.0664157867432 20.0668334960938 20.1012496948242 20.1402492523193 20.1811656951904 20.2268333435059 20.2360000610352 20.2566661834717 20.2721672058105 20.2422504425049 20.2062492370605 20.1874160766602 20.162166595459 20.1112499237061 20.0314159393311 20.0302505493164 20.0380001068115 20.0184993743896 20.0774993896484 20.1183338165283 20.1156673431396 20.1513328552246 20.1870002746582 20.2150840759277 20.2474174499512 20.2505836486816 20.2469997406006 20.2785835266113 20.2829170227051 20.3356666564941 20.4000835418701 20.5009994506836 20.5809993743896 20.6280841827393 20.6273326873779 20.6416664123535 20.667667388916 20.6742496490479 20.6842498779297 20.7159996032715 20.7399997711182 20.78125 20.825834274292 20.8789157867432 20.8435840606689
-3.4e+38 -3.4e+38 -3.4e+38 -3.4e+38 -3.4e+38 -3.4e+38 20.0591659545898 20.1028327941895 20.1236667633057 20.1624164581299 20.1673336029053 20.2030830383301 20.2329158782959 20.2351665496826 20.2464160919189 20.2733325958252 20.2870826721191 20.2721672058105 20.2587509155273 20.2237491607666 20.171667098999 20.1477508544922 20.1151657104492 20.0772495269775 20.1093330383301 20.1711673736572 20.2065830230713 20.2436656951904 20.2540836334229 20.2555828094482 20.2978324890137 20.3173332214355 20.3274993896484 20.3356666564941 20.3606662750244 20.3630828857422 20.4105834960938 20.4756660461426 20.5774993896484 20.6324996948242 20.6707496643066 20.716667175293 20.7386665344238 20.7120838165283 20.732666015625 20.7536659240723 20.7906665802002 20.8351669311523 20.8660831451416 20.8881664276123 20.8915824890137 20.925666809082
-3.4e+38 -3.4e+38 -3.4e+38 -3.4e+38 -3.4e+38 -3.4e+38 20.1318340301514 20.142915725708 20.1960830688477 20.2148342132568 20.2334995269775 20.2549171447754 20.2744159698486 20.2868328094482 20.3239994049072 20.3400001525879 20.3296661376953 20.3169174194336 20.2800006866455 20.2670001983643 20.2496662139893 20.2334156036377 20.2047500610352 20.1940002441406 20.2204170227051 20.2391662597656 20.2540836334229 20.2988338470459 20.335750579834 20.386417388916 20.4151668548584 20.4276657104492 20.4316673278809 20.4436664581299 20.4703330993652 20.4584999084473 20.5351657867432 20.6374168395996 20.7093334197998 20.752082824707 20.7399158477783 20.7690830230713 20.7887496948242 20.7783336639404 20.816499710083 20.8743343353271 20.8993339538574 20.8725833892822 20.9350833892822 20.9938335418701 20.9969997406006 20.9970836639404
-3.4e+38 -3.4e+38 -3.4e+38 -3.4e+38 -3.4e+38 -3.4e+38 20.2243328094482 20.2007503509521 20.2413330078125 20.27174949646 20.3095836639404 20.3314170837402 20.3448333740234 20.3843326568604 20.4068336486816 20.4183330535889 20.4077491760254 20.3782501220703 20.3567504882812 20.3439159393311 20.3346672058105 20.3290004730225 20.3190841674805 20.2769165039062 20.2761669158936 20.3011665344238 20.3403339385986 20.3705005645752 20.4037494659424 20.4587497711182 20.5209999084473 20.5709991455078 20.5845832824707 20.5836658477783 20.6119155883789 20.6080837249756 20.7401676177979 20.8500823974609 20.8350830078125 20.8824157714844 20.9014167785645 20.8657512664795 20.8761672973633 20.8754997253418 20.8612499237061 20.8892498016357 20.9463329315186 21.0085830688477 21.0284156799316 21.0574169158936 21.1244163513184 21.144416809082
-3.4e+38 -3.4e+38 -3.4e+38 -3.4e+38 -3.4e+38 -3.4e+38 20.3185005187988 20.2607498168945 20.2977504730225 20.3320827484131 20.3595008850098 20.3799171447754 20.4228324890137 20.4358329772949 20.4637508392334 20.4715003967285 20.478666305542 20.4764175415039 20.458833694458 20.4237499237061 20.4071655273438 20.4308338165283 20.4487495422363 20.4583339691162 20.4458332061768 20.4608325958252 20.4827499389648 20.5134162902832 20.5839996337891 20.6709156036377 20.6943340301514 20.7327499389648 20.7547492980957 20.7759170532227 20.769416809082 20.7534999847412 20.7799167633057 20.8425827026367 20.857250213623 20.8571662902832 20.9193325042725 20.9660835266113 20.997917175293 20.9817504882812 20.9501667022705 20.9844989776611 21.017749786377 21.0035839080811 20.9991664886475 21.0094165802002 21.138916015625 21.2394161224365
-3.4e+38 -3.4e+38 -3.4e+38 -3.4e+38 -3.4e+38 -3.4e+38 20.3870830535889 20.3744163513184 20.3811664581299 20.3776664733887 20.3969993591309 20.4215831756592 20.450834274292 20.4584999084473 20.4889163970947 20.5384159088135 20.5574169158936 20.5706672668457 20.5865840911865 20.6014156341553 20.5960826873779 20.583833694458 20.5869178771973 20.6079998016357 20.6301670074463 20.5908336639404 20.6154155731201 20.6437492370605 20.7012500762939 20.7378330230713 20.7684993743896 20.7889156341553 20.8329162597656 20.8559989929199 20.880916595459 20.8742504119873 20.8527507781982 20.8702507019043 20.8955841064453 20.9090824127197 20.9527492523193 21.0324172973633 21.0357494354248 20.9905834197998 21.0308322906494 21.0693340301514 21.0751667022705 21.1264171600342 21.1585006713867 21.2825832366943 21.3167495727539 21.3116664886475
-3.4e+38 -3.4e+38 -3.4e+38 -3.4e+38 -3.4e+38 -3.4e+38 20.6071662902832 20.5437507629395 20.5216674804688 20.5358333587646 20.5065822601318 20.4856662750244 20.5284996032715 20.5326671600342 20.5734157562256 20.5801658630371 20.626501083374 20.6653327941895 20.6805839538574 20.7038326263428 20.7195835113525 20.7123336791992 20.7194175720215 20.7585010528564 20.7993335723877 20.8233337402344 20.8420829772949 20.851749420166 20.8701667785645 20.8439159393311 20.8470001220703 20.8637504577637 20.9063339233398 20.9211673736572 20.9475841522217 20.9190826416016 20.9344997406006 20.9591655731201 20.9085826873779 20.9230823516846 20.957332611084 21.0380001068115 21.1080837249756 21.1326675415039 21.1385841369629 21.1579170227051 21.2439994812012 21.2637500762939 21.314416885376 21.3503341674805 21.3781661987305 21.4640007019043
-3.4e+38 -3.4e+38 -3.4e+38 -3.4e+38 -3.4e+38 -3.4e+38 20.8367500305176 20.7661666870117 20.7054996490479 20.7140827178955 20.6986656188965 20.6365833282471 20.6535835266113 20.6920833587646 20.679500579834 20.6806659698486 20.6990833282471 20.7419166564941 20.7918338775635 20.8235836029053 20.8483333587646 20.8586673736572 20.8950824737549 20.9313335418701 20.9629173278809 20.9927501678467 20.9887504577637 20.9960842132568 21.017915725708 21.0034999847412 20.9357509613037 20.9174156188965 20.9500827789307 20.9867496490479 20.9914989471436 21.0025005340576 20.9804992675781 20.9876670837402 20.9378337860107 20.9372501373291 21.0146656036377 21.0678329467773 21.1293334960938 21.0995006561279 21.0888328552246 21.1831665039062 21.2102489471436 21.2781677246094 21.3158340454102 21.3815841674805 21.3511657714844 21.3959999084473
-3.4e+38 -3.4e+38 -3.4e+38 -3.4e+38 -3.4e+38 -3.4e+38 21.0013332366943 20.9130840301514 20.8664169311523 20.8815002441406 20.8762493133545 20.8466663360596 20.8431663513184 20.886999130249 20.8770008087158 20.8473339080811 20.8542499542236 20.8724174499512 20.9138336181641 20.9531669616699 20.9734172821045 21.0268325805664 21.1374168395996 21.1604156494141 21.1606674194336 21.16233253479 21.1718330383301 21.1355838775635 21.1035003662109 21.0695838928223 21.0104999542236 21.0082511901855 20.9949169158936 21.0439167022705 21.0469169616699 21.0581665039062 20.996000289917 21.0090007781982 20.9675827026367 20.9734992980957 20.9993324279785 21.0391674041748 21.1084995269775 21.0714168548584 21.0280838012695 21.0673332214355 21.1311664581299 21.1909160614014 21.2276668548584 21.2659168243408 21.2682495117188 21.3341674804688
-3.4e+38 -3.4e+38 -3.4e+38 -3.4e+38 -3.4e+38 -3.4e+38 21.1762504577637 21.1022491455078 21.0409164428711 21.0377502441406 20.99049949646 20.9955005645752 20.9673328399658 20.9910831451416 20.999584197998 21.0179996490479 20.9970836639404 21.0345001220703 21.0569171905518 21.0523338317871 21.0580825805664 21.1648330688477 21.2632503509521 21.3022499084473 21.3252506256104 21.3257503509521 21.3235836029053 21.2827491760254 21.1912498474121 21.1235828399658 21.0853328704834 21.0749168395996 21.0504989624023 21.0884990692139 21.1013336181641 21.0760841369629 21.0429992675781 21.0168342590332 20.9925842285156 20.9465827941895 20.9799175262451 21.0153331756592 21.042667388916 21.0710010528564 21.0329170227051 21.0484161376953 21.091833114624 21.154167175293 21.1881675720215 21.2297496795654 21.282751083374 21.2946662902832
-3.4e+38 -3.4e+38 -3.4e+38 -3.4e+38 -3.4e+38 -3.4e+38 21.2706661224365 21.2086658477783 21.1937503814697 21.1951656341553 21.2031669616699 21.1813335418701 21.1084156036377 21.0800838470459 21.068000793457 21.1019172668457 21.0866661071777 21.136999130249 21.1474170684814 21.1319160461426 21.1596660614014 21.2657489776611 21.3212509155273 21.382833480835 21.3955841064453 21.4118328094482 21.4109992980957 21.3755836486816 21.2994995117188 21.1827507019043 21.1301670074463 21.1196670532227 21.0879993438721 21.1054172515869 21.1429996490479 21.1107501983643 21.0739994049072 20.9970836639404 20.9452495574951 20.8983325958252 20.9443340301514 21.0016670227051 21.0345001220703 21.0533332824707 21.0505828857422 21.0693340301514 21.1102504730225 21.1456661224365 21.2044162750244 21.232666015625 21.2503337860107 21.3078327178955
-3.4e+38 -3.4e+38 -3.4e+38 -3.4e+38 -3.4e+38 -3.4e+38 21.2311668395996 21.2330837249756 21.2391662597656 21.2115840911865 21.2090835571289 21.226749420166 21.2184162139893 21.2137508392334 21.2177505493164 21.1853332519531 21.1714992523193 21.2274169921875 21.2435836791992 21.2568340301514 21.2829170227051 21.3226661682129 21.3327503204346 21.3925838470459 21.4417495727539 21.4522495269775 21.4295825958252 21.3740844726562 21.3235836029053 21.2499160766602 21.1852512359619 21.1510009765625 21.1257495880127 21.1173343658447 21.1083335876465 21.0655841827393 21.0259990692139 20.9292507171631 20.8723335266113 20.9209995269775 20.9109992980957 20.9795837402344 21.0209999084473 21.0579986572266 21.097583770752 21.0909175872803 21.1254997253418 21.136833190918 21.1882495880127 21.2452507019043 21.2900829315186 21.30641746521
-3.4e+38 -3.4e+38 -3.4e+38 -3.4e+38 -3.4e+38 -3.4e+38 21.1323337554932 21.1636657714844 21.1260833740234 21.1358337402344 21.1433334350586 21.1509990692139 21.1669158935547 21.2019996643066 21.2439994812012 21.2515830993652 21.2457504272461 21.2767505645752 21.2741661071777 21.2995834350586 21.3454990386963 21.3632507324219 21.3854160308838 21.4340839385986 21.4357490539551 21.4337501525879 21.4149990081787 21.3824996948242 21.3377494812012 21.2978324890137 21.2273330688477 21.1674156188965 21.1340007781982 21.1025009155273 21.0896663665771 21.0175838470459 20.9584159851074 20.9715824127197 20.9529991149902 20.9521675109863 20.956916809082 20.9794998168945 21.0157508850098 21.0539169311523 21.0886669158936 21.107250213623 21.1251659393311 21.132999420166 21.1579170227051 21.1981658935547 21.2409172058105 21.2304992675781
-3.4e+38 -3.4e+38 -3.4e+38 -3.4e+38 -3.4e+38 -3.4e+38 21.1133327484131 21.1224994659424 21.0765838623047 21.0599994659424 21.0438327789307 21.0772495269775 21.1164989471436 21.1400833129883 21.2002506256104 21.2751655578613 21.324333190918 21.3459167480469 21.3970832824707 21.4115829467773 21.3753337860107 21.4115829467773 21.4324169158936 21.4357490539551 21.4324169158936 21.4380836486816 21.4195003509521 21.3996658325195 21.3661670684814 21.3660831451416 21.2771663665771 21.2058334350586 21.1711654663086 21.121166229248 21.1138324737549 21.0702495574951 21.0382499694824 21.0618324279785 21.0707492828369 21.0612506866455 21.0965003967285 21.0965003967285 21.0759162902832 21.0594997406006 21.068000793457 21.0689163208008 21.0729999542236 21.1000843048096 21.1292495727539 21.2207489013672 21.195499420166 21.228666305542
-3.4e+38 -3.4e+38 -3.4e+38 -3.4e+38 -3.4e+38 -3.4e+38 21.1393337249756 21.1896667480469 21.2425003051758 21.2543334960938 21.1962509155273 21.1345825195312 21.1169166564941 21.1721668243408 21.220832824707 21.3483333587646 21.3720836639404 21.4200000762939 21.4338340759277 21.4615840911865 21.4720001220703 21.4749164581299 21.4794158935547 21.4586658477783 21.4545001983643 21.4494171142578 21.4177494049072 21.3848323822021 21.3859996795654 21.3920841217041 21.3259162902832 21.2872505187988 21.2339172363281 21.2123336791992 21.2039165496826 21.1440830230713 21.1237506866455 21.1161670684814 21.1343326568604 21.2051658630371 21.2263336181641 21.2477493286133 21.2686672210693 21.2327499389648 21.1573333740234 21.05299949646 21.0153331756592 21.015251159668 21.0493335723877 21.1077499389648 21.1852493286133 21.2789993286133
-3.4e+38 -3.4e+38 -3.4e+38 -3.4e+38 -3.4e+38 -3.4e+38 21.1518325805664 21.2089996337891 21.2496662139893 21.3037490844727 21.3377494812012 21.3325843811035 21.2908344268799 21.2703323364258 21.2879161834717 21.369083404541 21.4204158782959 21.5014991760254 21.5160007476807 21.547082901001 21.5346660614014 21.5142498016357 21.5120830535889 21.4743328094482 21.4520835876465 21.4830837249756 21.4501667022705 21.4728336334229 21.4780826568604 21.4409160614014 21.3894157409668 21.335750579834 21.302417755127 21.3232498168945 21.2588329315186 21.2390842437744 21.2323341369629 21.2193336486816 21.2335834503174 21.2605838775635 21.2703342437744 21.2678337097168 21.2198333740234 21.1825008392334 21.136833190918 21.1409168243408 21.1251659393311 21.1082496643066 21.1455841064453 21.2077503204346 21.2641677856445 21.2507495880127
-3.4e+38 -3.4e+38 -3.4e+38 -3.4e+38 -3.4e+38 -3.4e+38 21.2000827789307 21.2302494049072 21.2690830230713 21.3362503051758 21.4007511138916 21.4408321380615 21.4870834350586 21.4738330841064 21.4735012054443 21.4750843048096 21.5113334655762 21.547248840332 21.5767498016357 21.5579166412354 21.5436668395996 21.5264167785645 21.4963340759277 21.5168342590332 21.5469989776611 21.564416885376 21.5450839996338 21.5547504425049 21.5314998626709 21.5048332214355 21.4603328704834 21.4524173736572 21.4388332366943 21.4144172668457 21.4221668243408 21.3870830535889 21.3589172363281 21.3281669616699 21.3271675109863 21.3324165344238 21.3306674957275 21.3278331756592 21.2917499542236 21.2355842590332 21.1274166107178 21.0821666717529 21.0480003356934 21.048999786377 21.1337490081787 21.2455005645752 21.3272495269775 21.400333404541
