layers/tmax9.asc
NCOLS 421 
NROWS 354 
XLLCORNER -106.645833332895 
YLLCORNER 25.8541666666667 
CELLSIZE 0.0416666666669039 
NODATA_value -3.4e+38 
[rows 92 to 114 of 354, columns 156 to 207 of 421]
20.7765007019043 20.7482490539551 20.7720832824707 20.9405841827393 21.0090007781982 21.0752487182617 21.1229991912842 21.0920829772949 21.1327495574951 21.1469993591309 21.3846664428711 21.5395832061768 21.5664157867432 21.6183338165283 21.6016674041748 21.5281658172607 21.4059162139893 21.3600826263428 21.2934169769287 21.2413330078125 21.2046661376953 21.146333694458 21.1959991455078 21.2306671142578 21.2789173126221 21.3410835266113 21.2499160766602 21.0719165802002 21.0774173736572 20.9344997406006 21.0298328399658 21.0305843353271 21.1564998626709 21.2094173431396 21.2851657867432 21.329833984375 21.3307495117188 21.3789157867432 21.2877502441406 21.3259162902832 21.4251670837402 21.4724159240723 21.4859161376953 21.4489994049072 21.5219993591309 21.4965000152588 21.4407501220703 21.4104995727539 21.3698329925537 21.3768329620361 21.361083984375 21.4225006103516
20.6574172973633 20.7158336639404 20.7851657867432 20.8660831451416 20.8914165496826 21.0284996032715 21.1490840911865 21.1064167022705 21.036750793457 21.0067501068115 21.0902500152588 21.2760009765625 21.3851661682129 21.5109996795654 21.5442504882812 21.445499420166 21.3973331451416 21.3409996032715 21.2789154052734 21.2338333129883 21.1960010528564 21.1844177246094 21.1816673278809 21.2548332214355 21.3059158325195 21.3558330535889 21.3657493591309 21.2632503509521 21.1823329925537 21.0476665496826 21.1988334655762 21.236499786377 21.2584991455078 21.2775840759277 21.2739162445068 21.3209991455078 21.3513336181641 21.3785839080811 21.3170833587646 21.2842502593994 21.4411659240723 21.4983329772949 21.5533332824707 21.5715827941895 21.5207500457764 21.4995002746582 21.4405841827393 21.3450832366943 21.3731670379639 21.3968334197998 21.4450836181641 21.4475002288818
20.7773323059082 20.8108329772949 20.7510833740234 20.7630844116211 20.8133335113525 20.9225006103516 21.0156669616699 21.132833480835 21.1033344268799 21.0375003814697 21.0469989776611 21.1629161834717 21.2447490692139 21.2862491607666 21.2775840759277 21.2450008392334 21.2303333282471 21.1982498168945 21.2670001983643 21.2544174194336 21.2155838012695 21.2164173126221 21.1394996643066 21.2353324890137 21.2501659393311 21.2989158630371 21.3903331756592 21.3521671295166 21.1755828857422 21.1317501068115 21.2714176177979 21.2630004882812 21.2257499694824 21.2193336486816 21.2459163665771 21.2680835723877 21.3369998931885 21.380500793457 21.3830833435059 21.3373336791992 21.3991661071777 21.458833694458 21.5240001678467 21.5229167938232 21.4433326721191 21.4715003967285 21.3825836181641 21.296667098999 21.2976665496826 21.301082611084 21.3373336791992 21.3050003051758
20.7121677398682 20.6685829162598 20.6552505493164 20.6526660919189 20.7735004425049 20.8002490997314 20.8954162597656 20.9969158172607 21.0600833892822 21.1455001831055 21.1515007019043 21.1654167175293 21.0808334350586 21.0028324127197 20.9981670379639 21.0547504425049 21.0821666717529 21.1213340759277 21.1905822753906 21.1999988555908 21.1862506866455 21.2090835571289 21.1884174346924 21.263916015625 21.2600002288818 21.2013320922852 21.3823337554932 21.5450839996338 21.4663333892822 21.3681659698486 21.3695831298828 21.2623329162598 21.0571670532227 21.1402492523193 21.2328338623047 21.3052501678467 21.3687496185303 21.4230842590332 21.44700050354 21.4014167785645 21.3194160461426 21.3920001983643 21.4352493286133 21.4017505645752 21.2750835418701 21.3926658630371 21.3312492370605 21.2493324279785 21.2204990386963 21.2266674041748 21.2198333740234 21.2438335418701
20.5396671295166 20.4868335723877 20.4658336639404 20.6024169921875 20.6405830383301 20.7204170227051 20.8267498016357 20.8231658935547 20.9995002746582 20.9629993438721 21.0030841827393 21.0236663818359 21.0804996490479 21.1371669769287 21.1567497253418 21.1818332672119 21.2178325653076 21.1340827941895 21.1254177093506 21.0837497711182 21.0609169006348 21.1129989624023 21.1531677246094 21.2439155578613 21.1944160461426 21.3413333892822 21.3216667175293 21.4811668395996 21.5983333587646 21.5791664123535 21.4735012054443 21.3503322601318 21.1921672821045 21.1644992828369 21.2600002288818 21.2929172515869 21.4073333740234 21.4560832977295 21.472583770752 21.4823341369629 21.4119167327881 21.3750839233398 21.3150005340576 21.2755832672119 21.1513328552246 21.1008338928223 21.0880832672119 21.1739158630371 21.1871662139893 21.2200832366943 21.1936664581299 21.1784172058105
20.3045825958252 20.3211669921875 20.5348339080811 20.6080837249756 20.6375827789307 20.7036666870117 20.675666809082 20.7321662902832 20.8501663208008 20.8519992828369 20.9115009307861 20.9373340606689 20.9761657714844 21.0779991149902 21.1259994506836 21.1572494506836 21.2527503967285 21.2304992675781 21.1622505187988 21.0834159851074 21.0524997711182 21.054666519165 21.1070823669434 21.1634159088135 21.1754989624023 21.2379169464111 21.3299160003662 21.427583694458 21.5644989013672 21.6927490234375 21.5528335571289 21.5395832061768 21.4740009307861 21.3507499694824 21.24391746521 21.3164157867432 21.3969173431396 21.4010009765625 21.4314994812012 21.4774990081787 21.5127506256104 21.4105834960938 21.1888332366943 21.0834999084473 21.0628337860107 21.083833694458 21.1200008392334 21.0908336639404 21.1019992828369 21.1630821228027 21.1045837402344 21.0599994659424
20.2325000762939 20.2819156646729 20.3901672363281 20.4584159851074 20.585916519165 20.5669994354248 20.5642490386963 20.6319160461426 20.7355823516846 20.7116661071777 20.8320007324219 20.9418334960938 21.039249420166 21.1651668548584 21.1245002746582 21.1485004425049 21.2834167480469 21.2319164276123 21.2232494354248 21.1422500610352 21.136833190918 21.1550827026367 21.1945838928223 21.1929168701172 21.2689170837402 21.3615837097168 21.3760833740234 21.4780006408691 21.6148338317871 21.8110008239746 21.8242492675781 21.7245006561279 21.5484161376953 21.4913330078125 21.4775009155273 21.4443340301514 21.3485832214355 21.2829170227051 21.3740825653076 21.5100002288818 21.6268329620361 21.476749420166 21.2590827941895 21.0873336791992 21.0617504119873 21.0984172821045 21.1830005645752 21.238166809082 21.2110004425049 21.1943321228027 21.1020832061768 20.9790840148926
20.3427505493164 20.3871669769287 20.3959159851074 20.408332824707 20.4703330993652 20.554500579834 20.6403331756592 20.732666015625 20.7275009155273 20.7954158782959 20.8605003356934 20.9056663513184 21.0459175109863 21.1489162445068 21.0969161987305 21.1410007476807 21.2822494506836 21.349250793457 21.345251083374 21.2632503509521 21.2521667480469 21.2530822753906 21.2660827636719 21.2039165496826 21.1516666412354 21.216833114624 21.3715839385986 21.484582901001 21.5680828094482 21.6725826263428 21.7958335876465 21.81858253479 21.7370834350586 21.7192497253418 21.6840839385986 21.6018333435059 21.5248336791992 21.4869174957275 21.4887504577637 21.6839160919189 21.7556667327881 21.572416305542 21.3409996032715 21.1734161376953 21.1745834350586 21.1665840148926 21.1105003356934 21.3115844726562 21.3632507324219 21.2780838012695 21.1991672515869 21.0524997711182
20.2896671295166 20.3402500152588 20.4294166564941 20.5236663818359 20.47483253479 20.5493335723877 20.6791667938232 20.8150825500488 20.8457508087158 20.8021659851074 20.9134998321533 21.0218334197998 21.1301670074463 21.1202507019043 21.0895004272461 21.0846672058105 21.1726665496826 21.2333335876465 21.2506675720215 21.2030830383301 21.2385005950928 21.3550834655762 21.337833404541 21.2801666259766 21.1994171142578 21.2685832977295 21.4048328399658 21.4764995574951 21.5429172515869 21.632833480835 21.5892505645752 21.702917098999 21.8055000305176 21.822416305542 21.8910007476807 21.8567504882812 21.7655830383301 21.7943325042725 21.8381671905518 21.8624992370605 21.8455829620361 21.6357498168945 21.4610824584961 21.3500003814697 21.3040008544922 21.3578338623047 21.2514991760254 21.306999206543 21.4099998474121 21.3740825653076 21.3190002441406 21.1570835113525
20.5050830841064 20.4843330383301 20.5104999542236 20.627082824707 20.5773334503174 20.5991668701172 20.7148323059082 20.8569164276123 20.9670829772949 20.9597492218018 20.9941673278809 21.1065006256104 21.0949172973633 21.0329990386963 21.0377502441406 21.0298328399658 21.0741672515869 21.0446662902832 21.0696678161621 21.1133327484131 21.1785831451416 21.3100833892822 21.4042491912842 21.3471660614014 21.2729167938232 21.2458324432373 21.4529991149902 21.5556659698486 21.5441665649414 21.5170001983643 21.5594997406006 21.7145843505859 21.7783336639404 21.726583480835 21.8392505645752 21.8190002441406 21.8676662445068 21.8685836791992 21.9426670074463 22.0082492828369 21.9565830230713 21.7929172515869 21.6382503509521 21.5381660461426 21.5166664123535 21.5110836029053 21.4183330535889 21.3962497711182 21.4050006866455 21.4298343658447 21.3886661529541 21.2647495269775
20.5758323669434 20.6686668395996 20.6795825958252 20.6743335723877 20.6986656188965 20.7184162139893 20.7550830841064 20.8504161834717 20.9615821838379 21.0481662750244 21.0656661987305 21.0222511291504 20.9813327789307 20.9330825805664 20.9485836029053 20.9524173736572 20.9927501678467 21.0168342590332 21.0361671447754 21.0486660003662 21.1625823974609 21.3226661682129 21.4378337860107 21.4547500610352 21.3621673583984 21.2887496948242 21.3161659240723 21.4289169311523 21.4079170227051 21.4259166717529 21.5785007476807 21.6779174804688 21.6497497558594 21.6958332061768 21.7360000610352 21.8211669921875 21.8420009613037 21.8123340606689 21.9440822601318 21.9872493743896 21.9989166259766 21.9965839385986 21.8077487945557 21.7255840301514 21.6494178771973 21.5715827941895 21.4745006561279 21.4535007476807 21.4692497253418 21.5115833282471 21.4702491760254 21.4111671447754
20.6994171142578 20.7106666564941 20.7343330383301 20.8186664581299 20.8736667633057 20.8815841674805 20.9283332824707 20.923999786377 20.8727493286133 20.9231662750244 20.9553337097168 20.9178333282471 20.8955841064453 20.8573341369629 20.8193340301514 20.8310832977295 20.929666519165 21.0009994506836 21.0005836486816 21.0290832519531 21.1455001831055 21.2101669311523 21.341833114624 21.4550838470459 21.4688339233398 21.4922504425049 21.4284992218018 21.3748321533203 21.3385829925537 21.3513336181641 21.4545841217041 21.576000213623 21.4879169464111 21.5863342285156 21.5522499084473 21.7087497711182 21.7623329162598 21.8836669921875 21.9466667175293 22.0076675415039 22.02516746521 22.0526657104492 22.0491676330566 21.9025840759277 21.8115005493164 21.6529159545898 21.5503330230713 21.4951667785645 21.4710826873779 21.5233345031738 21.4664993286133 21.496000289917
20.9537506103516 20.8451671600342 20.8033332824707 20.7661666870117 20.742166519165 20.7505836486816 20.7775001525879 20.7370834350586 20.7245006561279 20.767749786377 20.7644157409668 20.7529163360596 20.7670822143555 20.7354164123535 20.732250213623 20.8214988708496 20.8839168548584 20.9774169921875 21.0301666259766 21.0869998931885 21.1506671905518 21.2511672973633 21.3484172821045 21.435417175293 21.4773330688477 21.5264167785645 21.5807495117188 21.5660839080811 21.5139999389648 21.4205837249756 21.380500793457 21.3709163665771 21.3696670532227 21.377082824707 21.5014171600342 21.5262489318848 21.5924167633057 21.6405010223389 21.7184162139893 21.9253330230713 21.9694175720215 21.9623336791992 21.8645839691162 21.8474159240723 21.9243335723877 21.8090000152588 21.7058334350586 21.5816669464111 21.4869995117188 21.4720001220703 21.4571666717529 21.5169162750244
20.8615837097168 20.783166885376 20.7084999084473 20.7094993591309 20.6424160003662 20.6587505340576 20.6008338928223 20.5276660919189 20.536750793457 20.5363330841064 20.5052509307861 20.5436668395996 20.6212501525879 20.5877494812012 20.7234172821045 20.8721656799316 20.8386669158936 20.8384990692139 20.9952507019043 21.0335826873779 21.0582504272461 21.1490001678467 21.279748916626 21.3874988555908 21.4200000762939 21.4505825042725 21.5286655426025 21.6141662597656 21.6196670532227 21.6074161529541 21.5261669158936 21.4690837860107 21.4449157714844 21.3799171447754 21.3310832977295 21.3272495269775 21.3261661529541 21.3537502288818 21.6325836181641 21.8309154510498 21.905834197998 21.9846668243408 21.9066677093506 21.9025001525879 21.9834175109863 21.9704990386963 21.8103332519531 21.6871662139893 21.5600833892822 21.4657497406006 21.43141746521 21.5149993896484
20.7928333282471 20.7742500305176 20.7040004730225 20.6792488098145 20.6128330230713 20.5514163970947 20.4246673583984 20.3334999084473 20.3014163970947 20.3257503509521 20.3103332519531 20.3474159240723 20.4388332366943 20.480749130249 20.660083770752 20.7837505340576 20.8064994812012 20.888334274292 20.8654174804688 20.9384174346924 20.9982490539551 21.0339164733887 21.2428340911865 21.3707504272461 21.4375 21.4903335571289 21.5218334197998 21.5389995574951 21.5415000915527 21.6182498931885 21.6119995117188 21.6014175415039 21.5642509460449 21.5359992980957 21.4624176025391 21.4023342132568 21.4023342132568 21.3695831298828 21.4155826568604 21.6692504882812 21.8605003356934 21.9312496185303 21.9696674346924 22.0006675720215 21.9270000457764 22.0342502593994 21.9584159851074 21.7818336486816 21.6478328704834 21.5488338470459 21.4619159698486 21.4785003662109
20.676082611084 20.6940002441406 20.6241664886475 20.5884170532227 20.6002502441406 20.6078338623047 20.5529155731201 20.5315837860107 20.3772506713867 20.297082901001 20.2612495422363 20.2768325805664 20.3875007629395 20.4554176330566 20.5591659545898 20.6650829315186 20.835750579834 20.8431663513184 20.9238338470459 20.9979991912842 21.0809993743896 21.1575832366943 21.2683334350586 21.3738327026367 21.365083694458 21.4449157714844 21.4407501220703 21.5214176177979 21.4874992370605 21.5124168395996 21.4764175415039 21.4460830688477 21.4317493438721 21.4695835113525 21.4641666412354 21.396333694458 21.4141674041748 21.4142513275146 21.3242492675781 21.5654163360596 21.6800842285156 21.8594169616699 21.9177494049072 21.9269161224365 21.9417495727539 21.9327507019043 21.9606666564941 21.8924160003662 21.7245826721191 21.6085834503174 21.542667388916 21.4641666412354
20.5839996337891 20.5898342132568 20.6268329620361 20.7319164276123 20.7453327178955 20.7291660308838 20.6928329467773 20.7018337249756 20.5824165344238 20.3771667480469 20.2490005493164 20.4064178466797 20.6253337860107 20.5593338012695 20.6599998474121 20.685998916626 20.861083984375 21.0511665344238 21.1242504119873 21.1910839080811 21.2469997406006 21.1417503356934 21.2316665649414 21.3318328857422 21.2993335723877 21.3702507019043 21.3139171600342 21.4779167175293 21.5043334960938 21.4268341064453 21.3748321533203 21.330249786377 21.2577495574951 21.2302494049072 21.2782497406006 21.259334564209 21.3602504730225 21.4794158935547 21.4039993286133 21.2865009307861 21.5812511444092 21.8267498016357 21.8717498779297 21.9101676940918 21.9380836486816 21.9772491455078 21.9778327941895 21.8879165649414 21.7882499694824 21.6564998626709 21.5665836334229 21.5104999542236
20.5669174194336 20.543083190918 20.6182498931885 20.6860008239746 20.7994995117188 20.8733329772949 20.8223323822021 20.8313331604004 20.7523326873779 20.5221672058105 20.4242496490479 20.5121669769287 20.6827507019043 20.6703338623047 20.6290836334229 20.8602504730225 21.0273323059082 21.2185001373291 21.308666229248 21.3686656951904 21.3620834350586 21.302417755127 21.1754169464111 21.1422500610352 21.2136669158936 21.4276676177979 21.5699157714844 21.7043342590332 21.7338333129883 21.769832611084 21.6279163360596 21.4799156188965 21.3834991455078 21.3076667785645 21.1532497406006 21.1868324279785 21.3372497558594 21.4675827026367 21.4557495117188 21.3675003051758 21.5319156646729 21.794750213623 21.8854999542236 21.9510841369629 22.0054168701172 21.9577503204346 21.8285827636719 21.8057498931885 21.7756671905518 21.7536659240723 21.6672496795654 21.5900001525879
20.6987495422363 20.6342506408691 20.6297492980957 20.7838325500488 20.7990837097168 20.8811664581299 21.0045833587646 20.986499786377 20.908332824707 20.7018337249756 20.623083114624 20.5997505187988 20.746166229248 20.9539165496826 20.929500579834 21.0898342132568 21.2993335723877 21.3583335876465 21.3955001831055 21.4869995117188 21.5521659851074 21.4480838775635 21.2266674041748 21.0183334350586 21.1030826568604 21.3538341522217 21.7012500762939 21.5811672210693 21.545166015625 21.5866661071777 21.6959991455078 21.6353340148926 21.5150833129883 21.3937492370605 21.2522506713867 21.2615833282471 21.3369998931885 21.3956661224365 21.5096664428711 21.3815002441406 21.5101661682129 21.8386669158936 21.874584197998 21.8975830078125 21.9213333129883 21.8479995727539 21.7628326416016 21.7175827026367 21.6830005645752 21.6461658477783 21.6388339996338 21.6833343505859
20.8900833129883 20.8367500305176 20.8013324737549 20.7929172515869 20.9405822753906 21.0885009765625 20.9728336334229 21.046667098999 21.1355838775635 20.9328327178955 20.7669162750244 20.7427501678467 20.8031673431396 21.0727500915527 21.1685829162598 21.2686672210693 21.1772499084473 21.1548328399658 21.1961669921875 21.2771663665771 21.4718341827393 21.5142498016357 21.042667388916 20.9192504882812 21.1603336334229 21.3632507324219 21.6271667480469 21.3869171142578 21.283332824707 21.4938335418701 21.6039161682129 21.7112503051758 21.5659999847412 21.4095840454102 21.3630828857422 21.312915802002 21.3847503662109 21.4298324584961 21.5288333892822 21.4571666717529 21.3478336334229 21.6351661682129 21.662166595459 21.739917755127 21.7553329467773 21.7626667022705 21.753999710083 21.6714172363281 21.6712493896484 21.6502494812012 21.6616668701172 21.6593322753906
21.0687503814697 21.0208339691162 21.0476665496826 21.023416519165 21.1033325195312 21.2173328399658 21.0415000915527 21.2252502441406 21.2875003814697 21.1304168701172 21.0508327484131 20.9144992828369 20.9459171295166 21.0314159393311 21.2800827026367 21.2261657714844 21.1768341064453 21.1210842132568 21.1281661987305 21.2770843505859 21.4614162445068 21.5359992980957 21.2497501373291 21.0870838165283 21.1346664428711 21.4559993743896 21.5968341827393 21.4049987792969 21.371166229248 21.4856662750244 21.5330009460449 21.6557502746582 21.6930828094482 21.5410842895508 21.4729995727539 21.3194999694824 21.2824172973633 21.3563327789307 21.4317493438721 21.488582611084 21.4128341674805 21.3766670227051 21.4568328857422 21.6283340454102 21.7144165039062 21.7243328094482 21.6970825195312 21.6774997711182 21.5925006866455 21.6014156341553 21.5538330078125 21.5729999542236
21.179666519165 21.2136669158936 21.2537498474121 21.2465000152588 21.2070007324219 21.0902500152588 20.9443340301514 21.1504173278809 21.3474998474121 21.4309997558594 21.333833694458 21.1693325042725 21.1896667480469 21.3350009918213 21.3561668395996 21.2522506713867 21.1943340301514 21.2164993286133 21.2794170379639 21.3345832824707 21.3535823822021 21.4800834655762 21.5858325958252 21.5149173736572 21.5044994354248 21.5590839385986 21.3909168243408 21.3019161224365 21.2975006103516 21.359582901001 21.4190826416016 21.5573329925537 21.7148323059082 21.6774158477783 21.5787506103516 21.3634166717529 21.1489162445068 21.1189155578613 21.2728328704834 21.4442501068115 21.4671669006348 21.3466663360596 21.2914161682129 21.3858337402344 21.6381664276123 21.7273330688477 21.7661666870117 21.7276668548584 21.6499156951904 21.6113338470459 21.6119995117188 21.6530838012695
21.314582824707 21.2389163970947 21.1892490386963 21.1473331451416 21.0964164733887 21.1294174194336 21.1037502288818 21.1363334655762 21.2418327331543 21.372917175293 21.4057502746582 21.4248332977295 21.398416519165 21.349250793457 21.3171672821045 21.4327487945557 21.4257507324219 21.4373340606689 21.4519996643066 21.4036674499512 21.5391674041748 21.5471668243408 21.4901657104492 21.3909168243408 21.3419170379639 21.3255825042725 21.3854999542236 21.3520832061768 21.3349990844727 21.4124164581299 21.3909168243408 21.447416305542 21.5550842285156 21.6699161529541 21.6703338623047 21.5284996032715 21.3672504425049 21.0935840606689 21.0844993591309 21.2825832366943 21.4287490844727 21.4250011444092 21.363582611084 21.3369998931885 21.552417755127 21.6858329772949 21.7255001068115 21.7215843200684 21.6903343200684 21.6820011138916 21.6740837097168 21.6728343963623
