layers/tmax11.asc
NCOLS 421 
NROWS 354 
XLLCORNER -106.645833332895 
YLLCORNER 25.8541666666667 
CELLSIZE 0.0416666666669039 
NODATA_value -3.4e+38 
[rows 115 to 137 of 354, columns 260 to 311 of 421]
23.216667175293 23.1193332672119 23.0381660461426 22.9750003814697 22.9177494049072 22.8986663818359 22.9326667785645 22.988000869751 23.0790824890137 23.1196670532227 23.1259994506836 23.132833480835 23.185417175293 23.123083114624 23.0556659698486 22.9483337402344 22.7145004272461 22.4330825805664 22.2896671295166 22.2769165039062 22.216667175293 22.5418338775635 22.4551658630371 22.4287490844727 21.892915725708 21.6628322601318 21.6994171142578 21.5803337097168 21.400333404541 21.5260829925537 21.3241672515869 21.1310005187988 -3.4e+38 -3.4e+38 -3.4e+38 -3.4e+38 -3.4e+38 -3.4e+38 -3.4e+38 -3.4e+38 -3.4e+38 -3.4e+38 -3.4e+38 -3.4e+38 -3.4e+38 -3.4e+38 -3.4e+38 -3.4e+38 -3.4e+38 -3.4e+38 -3.4e+38 -3.4e+38
23.2669162750244 23.1950836181641 23.1192493438721 23.0470008850098 22.9809989929199 22.958667755127 22.9174175262451 22.9825000762939 22.9109992980957 22.9073333740234 22.964750289917 22.9950828552246 23.1703338623047 23.1375827789307 22.8547496795654 22.418083190918 22.4004173278809 22.4020843505859 22.4615001678467 22.2918338775635 22.6234169006348 22.6944179534912 22.4883327484131 22.3031673431396 21.9848327636719 21.7643337249756 22.0016670227051 21.7876663208008 21.2916660308838 21.7453327178955 21.1387500762939 20.7072505950928 -3.4e+38 -3.4e+38 -3.4e+38 -3.4e+38 -3.4e+38 -3.4e+38 -3.4e+38 -3.4e+38 -3.4e+38 -3.4e+38 -3.4e+38 -3.4e+38 -3.4e+38 -3.4e+38 -3.4e+38 -3.4e+38 -3.4e+38 -3.4e+38 -3.4e+38 -3.4e+38
23.3421669006348 23.2347507476807 23.1689167022705 23.0930824279785 23.0475845336914 23.0275001525879 22.9689998626709 22.9745826721191 22.9233322143555 22.9018325805664 23.0246677398682 23.1097507476807 23.0093326568604 22.8708324432373 22.9624176025391 22.7942504882812 22.8472499847412 22.7723331451416 22.4401664733887 22.3707504272461 22.71875 22.3221664428711 21.9814167022705 22.0176658630371 21.7304992675781 21.9872493743896 21.4720840454102 21.5763339996338 21.7635841369629 21.914249420166 21.4187488555908 21.4505825042725 -3.4e+38 -3.4e+38 -3.4e+38 -3.4e+38 -3.4e+38 -3.4e+38 -3.4e+38 -3.4e+38 -3.4e+38 -3.4e+38 -3.4e+38 -3.4e+38 -3.4e+38 -3.4e+38 -3.4e+38 -3.4e+38 -3.4e+38 -3.4e+38 -3.4e+38 -3.4e+38
23.3682498931885 23.2908325195312 23.2281665802002 23.1579990386963 23.1006660461426 23.0588340759277 23.0028343200684 22.9170837402344 22.9134998321533 22.8824157714844 22.8852500915527 22.9357509613037 22.9325828552246 23.1835842132568 23.0490837097168 23.0221672058105 22.9597492218018 22.4635829925537 22.5023326873779 22.763334274292 22.5539169311523 22.2705841064453 21.6235828399658 21.6763324737549 21.7938327789307 22.1440830230713 21.8247489929199 21.7854995727539 22.1530838012695 21.6867504119873 21.80299949646 21.4280834197998 -3.4e+38 -3.4e+38 -3.4e+38 -3.4e+38 -3.4e+38 -3.4e+38 -3.4e+38 -3.4e+38 -3.4e+38 -3.4e+38 -3.4e+38 -3.4e+38 -3.4e+38 -3.4e+38 -3.4e+38 -3.4e+38 -3.4e+38 -3.4e+38 -3.4e+38 -3.4e+38
23.4375839233398 23.3718338012695 23.2611656188965 23.1983337402344 23.1563320159912 23.0984172821045 23.0480842590332 22.97483253479 22.9846668243408 22.9897499084473 23.0195846557617 23.0516662597656 23.043083190918 23.1691665649414 23.0434169769287 23.0902500152588 22.5995826721191 22.4972496032715 22.820333480835 22.3953323364258 22.1794166564941 21.9525833129883 21.7081661224365 21.9364166259766 22.4350833892822 21.8087501525879 21.3092498779297 21.3842506408691 22.0754165649414 22.4425830841064 22.1133327484131 22.1695003509521 -3.4e+38 -3.4e+38 -3.4e+38 -3.4e+38 -3.4e+38 -3.4e+38 -3.4e+38 -3.4e+38 -3.4e+38 -3.4e+38 -3.4e+38 -3.4e+38 -3.4e+38 -3.4e+38 -3.4e+38 -3.4e+38 -3.4e+38 -3.4e+38 -3.4e+38 -3.4e+38
23.4795837402344 23.4524993896484 23.3761672973633 23.3107509613037 23.2188339233398 23.1960830688477 23.1704998016357 23.1462497711182 22.9830837249756 23.0465831756592 22.9314994812012 23.0524158477783 23.1116676330566 23.1554164886475 23.1282501220703 23.0554161071777 22.6906661987305 23.0199165344238 22.9784164428711 22.4069995880127 22.2525825500488 22.1301670074463 22.097749710083 22.5885009765625 22.2549991607666 21.8098335266113 21.6286659240723 21.5265827178955 21.5849170684814 22.4171657562256 22.8649158477783 22.8953323364258 -3.4e+38 -3.4e+38 -3.4e+38 -3.4e+38 -3.4e+38 -3.4e+38 -3.4e+38 -3.4e+38 -3.4e+38 -3.4e+38 -3.4e+38 -3.4e+38 -3.4e+38 -3.4e+38 -3.4e+38 -3.4e+38 -3.4e+38 -3.4e+38 -3.4e+38 -3.4e+38
23.5457496643066 23.4650001525879 23.4503326416016 23.3878326416016 23.3301658630371 23.2971668243408 23.2787494659424 23.2765007019043 23.0627498626709 23.0076675415039 23.1689167022705 23.169584274292 23.0981674194336 23.2580833435059 22.7679176330566 23.2489166259766 23.2091655731201 23.2993335723877 22.8114166259766 22.4476661682129 22.6159172058105 22.7162494659424 22.6240005493164 22.7455825805664 22.3594169616699 22.2068328857422 22.3126659393311 22.4110832214355 22.4238338470459 22.5641670227051 22.9495010375977 23.1125831604004 22.904333114624 -3.4e+38 -3.4e+38 -3.4e+38 -3.4e+38 -3.4e+38 -3.4e+38 -3.4e+38 -3.4e+38 -3.4e+38 -3.4e+38 -3.4e+38 -3.4e+38 -3.4e+38 -3.4e+38 -3.4e+38 -3.4e+38 -3.4e+38 -3.4e+38 -3.4e+38
23.5651664733887 23.5557498931885 23.5034999847412 23.4521675109863 23.3640842437744 23.3165836334229 23.3022499084473 23.3067493438721 23.1105842590332 22.9400005340576 22.8179168701172 23.0532493591309 23.2332496643066 23.361665725708 23.3961658477783 23.4675827026367 23.4930839538574 23.3541660308838 23.1517505645752 22.888334274292 23.0709991455078 22.8109169006348 22.8573341369629 22.8824157714844 22.8668327331543 22.8909168243408 22.9589996337891 22.9561672210693 22.9199161529541 22.4779167175293 22.6546669006348 22.960916519165 23.1995830535889 -3.4e+38 -3.4e+38 -3.4e+38 -3.4e+38 -3.4e+38 -3.4e+38 -3.4e+38 -3.4e+38 -3.4e+38 -3.4e+38 -3.4e+38 -3.4e+38 -3.4e+38 -3.4e+38 -3.4e+38 -3.4e+38 -3.4e+38 -3.4e+38 -3.4e+38
23.5658340454102 23.5550003051758 23.5223331451416 23.4827499389648 23.452917098999 23.3320007324219 23.3020000457764 23.2960834503174 23.2120838165283 23.1093330383301 23.1729164123535 23.2558326721191 23.3374996185303 23.406665802002 23.4660835266113 23.3854160308838 23.4790000915527 23.4908332824707 23.3860836029053 23.2604999542236 23.2363338470459 23.0837497711182 22.9757499694824 22.9593334197998 22.9906673431396 23.0613327026367 23.0534992218018 23.0527496337891 22.8735008239746 22.8586673736572 22.7006664276123 22.8321666717529 23.1995830535889 -3.4e+38 -3.4e+38 -3.4e+38 -3.4e+38 -3.4e+38 -3.4e+38 -3.4e+38 -3.4e+38 -3.4e+38 -3.4e+38 -3.4e+38 -3.4e+38 -3.4e+38 -3.4e+38 -3.4e+38 -3.4e+38 -3.4e+38 -3.4e+38 -3.4e+38
23.5725002288818 23.5358333587646 23.5164165496826 23.5314998626709 23.4648323059082 23.411750793457 23.2827491760254 23.2134170532227 23.238166809082 23.1612491607666 23.043083190918 23.261833190918 23.2885837554932 23.3890838623047 23.3757495880127 23.2255821228027 23.2063331604004 23.4095001220703 23.0696678161621 23.4034156799316 23.3353328704834 23.1843338012695 23.1127510070801 23.1226673126221 23.0279998779297 22.8385009765625 22.9803333282471 23.2119159698486 23.1723327636719 23.2291660308838 23.3351669311523 23.5457496643066 23.6685829162598 -3.4e+38 -3.4e+38 -3.4e+38 -3.4e+38 -3.4e+38 -3.4e+38 -3.4e+38 -3.4e+38 -3.4e+38 -3.4e+38 -3.4e+38 -3.4e+38 -3.4e+38 -3.4e+38 -3.4e+38 -3.4e+38 -3.4e+38 -3.4e+38 -3.4e+38
23.6270008087158 23.5675830841064 23.4969158172607 23.5132503509521 23.5090007781982 23.4168338775635 23.3124160766602 23.1656665802002 23.3234157562256 23.3743324279785 23.1502494812012 23.0604991912842 23.082332611084 23.3550834655762 23.2270832061768 23.1790828704834 23.5032501220703 23.1228332519531 23.3112506866455 23.3841667175293 23.4014167785645 23.3599166870117 23.2606658935547 23.1844158172607 23.170166015625 23.2258338928223 23.1654167175293 23.3465824127197 23.4403324127197 23.4674167633057 23.5441665649414 23.6244163513184 23.6841659545898 -3.4e+38 -3.4e+38 -3.4e+38 -3.4e+38 -3.4e+38 -3.4e+38 -3.4e+38 -3.4e+38 -3.4e+38 -3.4e+38 -3.4e+38 -3.4e+38 -3.4e+38 -3.4e+38 -3.4e+38 -3.4e+38 -3.4e+38 -3.4e+38 -3.4e+38
23.7083339691162 23.5914173126221 23.55641746521 23.5656661987305 23.5729160308838 23.5320835113525 23.4755840301514 23.363582611084 23.3330001831055 23.3526668548584 23.3913326263428 22.9887504577637 23.0459156036377 23.1955833435059 23.2355842590332 23.5075836181641 23.3835830688477 23.2728328704834 23.4753341674805 23.4351673126221 23.3535003662109 23.400333404541 23.3647499084473 23.3253326416016 23.2863330841064 23.3742504119873 23.4448337554932 23.4587497711182 23.5004997253418 23.5883331298828 23.5822505950928 23.6054172515869 23.6793327331543 -3.4e+38 -3.4e+38 -3.4e+38 -3.4e+38 -3.4e+38 -3.4e+38 -3.4e+38 -3.4e+38 -3.4e+38 -3.4e+38 -3.4e+38 -3.4e+38 -3.4e+38 -3.4e+38 -3.4e+38 -3.4e+38 -3.4e+38 -3.4e+38 -3.4e+38
23.7518329620361 23.6485004425049 23.5983333587646 23.6075839996338 23.601749420166 23.5621662139893 23.5552501678467 23.3587493896484 23.3069171905518 23.359582901001 23.3830833435059 23.3104991912842 23.4358329772949 23.3880844116211 23.4451675415039 23.4242496490479 23.4681663513184 23.390417098999 23.3170833587646 23.4407501220703 23.5792503356934 23.4482498168945 23.3501663208008 23.3417491912842 23.3837490081787 23.4027500152588 23.4164161682129 23.4867496490479 23.530834197998 23.5520000457764 23.5974998474121 23.6030826568604 23.6656665802002 -3.4e+38 -3.4e+38 -3.4e+38 -3.4e+38 -3.4e+38 -3.4e+38 -3.4e+38 -3.4e+38 -3.4e+38 -3.4e+38 -3.4e+38 -3.4e+38 -3.4e+38 -3.4e+38 -3.4e+38 -3.4e+38 -3.4e+38 -3.4e+38 -3.4e+38
23.84375 23.8116664886475 23.7674160003662 23.6777496337891 23.6766662597656 23.6123332977295 23.6435832977295 23.5871658325195 23.1988334655762 22.9703330993652 23.329833984375 23.3015823364258 23.3897495269775 23.4205837249756 23.344165802002 23.3421669006348 23.4167499542236 23.3952503204346 23.4946670532227 23.7155838012695 23.6823329925537 23.5994167327881 23.4895839691162 23.52174949646 23.5085830688477 23.4983329772949 23.4960823059082 23.5178337097168 23.5677490234375 23.6064167022705 23.6000003814697 23.613000869751 23.6709175109863 -3.4e+38 -3.4e+38 -3.4e+38 -3.4e+38 -3.4e+38 -3.4e+38 -3.4e+38 -3.4e+38 -3.4e+38 -3.4e+38 -3.4e+38 -3.4e+38 -3.4e+38 -3.4e+38 -3.4e+38 -3.4e+38 -3.4e+38 -3.4e+38 -3.4e+38
23.9804992675781 23.8776664733887 23.8220825195312 23.8150825500488 23.7269172668457 23.6598339080811 23.6315002441406 23.4942493438721 23.2705841064453 23.173999786377 23.3230838775635 23.0102500915527 22.8911666870117 23.1569156646729 23.2764167785645 23.3318328857422 23.3783340454102 23.5428333282471 23.6940002441406 23.736499786377 23.7111663818359 23.6571674346924 23.6140842437744 23.7035007476807 23.6598339080811 23.6635837554932 23.6400833129883 23.6380825042725 23.640832901001 23.6567497253418 23.6944160461426 23.7736663818359 23.8019180297852 -3.4e+38 -3.4e+38 -3.4e+38 -3.4e+38 -3.4e+38 -3.4e+38 -3.4e+38 -3.4e+38 -3.4e+38 -3.4e+38 -3.4e+38 -3.4e+38 -3.4e+38 -3.4e+38 -3.4e+38 -3.4e+38 -3.4e+38 -3.4e+38 -3.4e+38
24.0721664428711 23.8882503509521 23.8018321990967 23.7691669464111 23.6319160461426 23.7491664886475 23.6940002441406 23.6842498779297 23.5088329315186 23.3759174346924 23.0317497253418 22.9223327636719 23.3313331604004 23.212833404541 23.3237495422363 23.4306659698486 23.566333770752 23.6740837097168 23.7289161682129 23.7657489776611 23.7695007324219 23.7759990692139 23.7460842132568 23.8438339233398 23.8246669769287 23.6644172668457 23.6632499694824 23.7000827789307 23.7584991455078 23.7581672668457 23.7201671600342 23.7064170837402 23.7323322296143 -3.4e+38 -3.4e+38 -3.4e+38 -3.4e+38 -3.4e+38 -3.4e+38 -3.4e+38 -3.4e+38 -3.4e+38 -3.4e+38 -3.4e+38 -3.4e+38 -3.4e+38 -3.4e+38 -3.4e+38 -3.4e+38 -3.4e+38 -3.4e+38 -3.4e+38
24.0435829162598 23.9325008392334 23.8219165802002 23.7826671600342 23.7981662750244 23.6510009765625 23.5760841369629 23.5165824890137 23.2230834960938 23.173583984375 23.4618339538574 23.3916664123535 23.4852504730225 23.5499172210693 23.5983333587646 23.6388339996338 23.7080841064453 23.7788333892822 23.7803325653076 23.8207492828369 23.8390827178955 23.8181667327881 23.7832508087158 23.7409992218018 23.7027492523193 23.7606658935547 23.7708339691162 23.8071670532227 23.8004169464111 23.8070831298828 23.8017501831055 23.7295837402344 23.6540832519531 -3.4e+38 -3.4e+38 -3.4e+38 -3.4e+38 -3.4e+38 -3.4e+38 -3.4e+38 -3.4e+38 -3.4e+38 -3.4e+38 -3.4e+38 -3.4e+38 -3.4e+38 -3.4e+38 -3.4e+38 -3.4e+38 -3.4e+38 -3.4e+38 -3.4e+38
23.9295825958252 23.957332611084 23.8490829467773 24.0204162597656 23.8363342285156 23.4240837097168 23.5962505340576 23.4733333587646 23.652250289917 23.5652503967285 23.4373340606689 23.2582492828369 23.273832321167 23.5942497253418 23.7212505340576 23.632833480835 23.5839996337891 23.3582496643066 23.2500839233398 23.5696659088135 23.8932495117188 23.9914169311523 23.8648338317871 23.7398338317871 23.6999168395996 23.6333332061768 23.0874176025391 23.0832500457764 23.8497505187988 23.9004173278809 23.8524169921875 23.7398338317871 23.5625839233398 -3.4e+38 -3.4e+38 -3.4e+38 -3.4e+38 -3.4e+38 -3.4e+38 -3.4e+38 -3.4e+38 -3.4e+38 -3.4e+38 -3.4e+38 -3.4e+38 -3.4e+38 -3.4e+38 -3.4e+38 -3.4e+38 -3.4e+38 -3.4e+38 -3.4e+38
23.9143333435059 23.9264163970947 24.0982494354248 24.1743335723877 24.0504169464111 23.7980842590332 23.5834999084473 23.7130832672119 23.4974174499512 23.3469161987305 22.8215007781982 22.7070007324219 22.6918334960938 22.9531669616699 23.2836666107178 22.8983345031738 22.8969993591309 23.0262489318848 23.3696670532227 23.6070003509521 23.859582901001 23.8545837402344 23.6074161529541 23.1951675415039 23.4097499847412 23.5125827789307 23.5207500457764 23.6656665802002 23.9091663360596 23.9039173126221 23.8237495422363 23.5589160919189 22.5944175720215 -3.4e+38 -3.4e+38 -3.4e+38 -3.4e+38 -3.4e+38 -3.4e+38 -3.4e+38 -3.4e+38 -3.4e+38 -3.4e+38 -3.4e+38 -3.4e+38 -3.4e+38 -3.4e+38 -3.4e+38 -3.4e+38 -3.4e+38 -3.4e+38 -3.4e+38
24.1135005950928 24.0752506256104 24.0260009765625 24.0973339080811 24.1084995269775 24.1060009002686 23.8855838775635 23.6087493896484 23.3584175109863 22.8840007781982 22.957332611084 22.8865833282471 22.615083694458 22.624584197998 22.585750579834 22.697416305542 23.3649997711182 23.6911659240723 23.8028335571289 23.9370002746582 23.8377494812012 23.5728340148926 23.2059173583984 23.6010837554932 23.6853332519531 23.728666305542 23.8051662445068 23.89674949646 23.9505004882812 23.9419994354248 23.8794994354248 23.7545833587646 23.5140838623047 -3.4e+38 -3.4e+38 -3.4e+38 -3.4e+38 -3.4e+38 -3.4e+38 -3.4e+38 -3.4e+38 -3.4e+38 -3.4e+38 -3.4e+38 -3.4e+38 -3.4e+38 -3.4e+38 -3.4e+38 -3.4e+38 -3.4e+38 -3.4e+38 -3.4e+38
24.0357494354248 24.0595836639404 24.0095825195312 24.1705837249756 24.1677494049072 23.8681678771973 23.498498916626 23.2549991607666 23.1198329925537 23.3336658477783 23.3906669616699 23.287166595459 23.2334156036377 22.6555843353271 22.9954166412354 22.7877502441406 23.3284168243408 23.8215007781982 23.6449165344238 23.8385829925537 23.7049999237061 23.8182506561279 23.8026657104492 23.8013343811035 23.8091659545898 23.77174949646 23.8469161987305 23.8779163360596 23.8639163970947 23.6824169158936 23.1827507019043 23.064416885376 22.9899997711182 -3.4e+38 -3.4e+38 -3.4e+38 -3.4e+38 -3.4e+38 -3.4e+38 -3.4e+38 -3.4e+38 -3.4e+38 -3.4e+38 -3.4e+38 -3.4e+38 -3.4e+38 -3.4e+38 -3.4e+38 -3.4e+38 -3.4e+38 -3.4e+38 -3.4e+38
23.9580001831055 23.9875831604004 24.1838340759277 24.0770835876465 24.0166664123535 24.128999710083 24.0803337097168 23.9435005187988 23.9178333282471 23.9014167785645 23.8151664733887 23.872917175293 23.9522495269775 23.9778327941895 23.9167499542236 23.9500827789307 23.9516658782959 24.0327491760254 24.0749168395996 24.0909996032715 24.064416885376 24.0223331451416 23.984001159668 23.943416595459 23.8796653747559 23.8132495880127 23.7306671142578 23.7209167480469 23.7485828399658 23.5661659240723 22.6144161224365 22.0266666412354 22.638500213623 -3.4e+38 -3.4e+38 -3.4e+38 -3.4e+38 -3.4e+38 -3.4e+38 -3.4e+38 -3.4e+38 -3.4e+38 -3.4e+38 -3.4e+38 -3.4e+38 -3.4e+38 -3.4e+38 -3.4e+38 -3.4e+38 -3.4e+38 -3.4e+38 -3.4e+38
23.9594993591309 23.9418334960938 24.0612506866455 24.0843334197998 24.0429992675781 24.13450050354 24.0284996032715 23.79075050354 23.8423328399658 23.9093341827393 23.5825004577637 23.4526672363281 23.2933330535889 23.3289165496826 23.4414176940918 23.7621669769287 23.7971668243408 23.9038333892822 23.898832321167 24.0240001678467 23.6703338623047 23.7483329772949 23.806583404541 23.8919162750244 23.7696666717529 23.8495826721191 23.890417098999 23.7277507781982 23.7464160919189 23.6965827941895 23.3987503051758 23.6996669769287 23.6358337402344 -3.4e+38 -3.4e+38 -3.4e+38 -3.4e+38 -3.4e+38 -3.4e+38 -3.4e+38 -3.4e+38 -3.4e+38 -3.4e+38 -3.4e+38 -3.4e+38 -3.4e+38 -3.4e+38 -3.4e+38 -3.4e+38 -3.4e+38 -3.4e+38 -3.4e+38
