layers/tmax11.asc
NCOLS 421 
NROWS 354 
XLLCORNER -106.645833332895 
YLLCORNER 25.8541666666667 
CELLSIZE 0.0416666666669039 
NODATA_value -3.4e+38 
[rows 23 to 45 of 354, columns 312 to 363 of 421]
17.5832500457764 17.4334163665771 17.470832824707 17.543083190918 17.5681667327881 17.5913333892822 17.5694160461426 17.6390838623047 17.6936664581299 17.7142505645752 17.6921672821045 17.6713333129883 17.6389999389648 17.6157493591309 17.5477504730225 17.5067501068115 17.5865001678467 17.621000289917 17.6052494049072 17.5855827331543 17.6244163513184 17.6972503662109 17.7748336791992 17.5914993286133 17.6110000610352 17.4386672973633 17.426082611084 17.4282493591309 17.2719993591309 17.3543338775635 17.5070838928223 17.6028327941895 17.5995006561279 17.4941673278809 17.5207500457764 17.4942493438721 17.4672508239746 17.4722499847412 17.4594993591309 17.4888343811035 17.5555839538574 17.6067504882812 17.7571659088135 17.8605823516846 17.8060836791992 17.8150825500488 17.8410835266113 17.8623332977295 17.8565826416016 17.7293338775635 17.6644992828369 17.6214160919189
17.4714164733887 17.3753337860107 17.4820823669434 17.5275001525879 17.6464996337891 17.6637496948242 17.6209163665771 17.6264171600342 17.6679992675781 17.6889171600342 17.6459159851074 17.6005840301514 17.5605010986328 17.5210838317871 17.4835834503174 17.5603332519531 17.6620826721191 17.7209167480469 17.6817493438721 17.7115840911865 17.7485828399658 17.8174171447754 17.7589168548584 17.6283340454102 17.6474170684814 17.4928340911865 17.5243339538574 17.5408344268799 17.3851661682129 17.4558334350586 17.5462493896484 17.5839996337891 17.7270832061768 17.679500579834 17.6184997558594 17.5879173278809 17.548583984375 17.5034999847412 17.5593338012695 17.5900840759277 17.5990829467773 17.6340827941895 17.7445831298828 17.8276672363281 17.8521671295166 17.8508338928223 17.8435840606689 17.8525009155273 17.7759170532227 17.7278327941895 17.7133331298828 17.6761665344238
17.3274993896484 17.4438343048096 17.6029167175293 17.6845836639404 17.7086658477783 17.7134170532227 17.6937503814697 17.7025833129883 17.6795825958252 17.6252498626709 17.6013336181641 17.5393333435059 17.5322494506836 17.5155830383301 17.5265007019043 17.6222496032715 17.714750289917 17.7630825042725 17.7841663360596 17.8943328857422 17.9484996795654 17.8864994049072 17.7389163970947 17.7159156799316 17.6518325805664 17.5612506866455 17.6842498779297 17.654167175293 17.5424175262451 17.5369167327881 17.5667495727539 17.67799949646 17.7280826568604 17.8247489929199 17.8592491149902 17.8150825500488 17.7635841369629 17.7030010223389 17.6480827331543 17.6570835113525 17.6870002746582 17.7335834503174 17.7925834655762 17.8080005645752 17.8103332519531 17.7870006561279 17.7800006866455 17.7619171142578 17.7358341217041 17.7391662597656 17.7164173126221 17.6865005493164
17.5009994506836 17.5658340454102 17.7010822296143 17.7570838928223 17.7682495117188 17.7728328704834 17.7047500610352 17.6840000152588 17.6314163208008 17.6075839996338 17.5402507781982 17.4594173431396 17.445499420166 17.4829158782959 17.544750213623 17.6359996795654 17.761833190918 17.8379173278809 17.9174156188965 18.0255832672119 17.9934997558594 17.8816661834717 17.8407497406006 17.8341655731201 17.7508335113525 17.7360000610352 17.8288326263428 17.7445831298828 17.6595001220703 17.6226673126221 17.6599178314209 17.6784992218018 17.7369174957275 17.8250007629395 17.8543338775635 17.8003330230713 17.7958335876465 17.85325050354 17.8508338928223 17.7532501220703 17.7364158630371 17.7304992675781 17.7747497558594 17.7872505187988 17.7877502441406 17.7607498168945 17.7370834350586 17.738000869751 17.7233333587646 17.6860008239746 17.6896667480469 17.6660003662109
17.7668342590332 17.7537498474121 17.7154998779297 17.7983322143555 17.8715000152588 17.9030838012695 17.7866668701172 17.6916675567627 17.6478328704834 17.5671672821045 17.5320835113525 17.4595832824707 17.4486675262451 17.5191669464111 17.5589160919189 17.6469173431396 17.8185005187988 17.9044170379639 18.031665802002 18.0985832214355 18.00608253479 18.0240001678467 17.9346675872803 17.8766670227051 17.9074993133545 17.9087505340576 17.8554992675781 17.7857494354248 17.6391658782959 17.5924167633057 17.6725006103516 17.7499160766602 17.7982501983643 17.8008327484131 17.8356666564941 17.8489170074463 17.8847503662109 17.8436660766602 17.9089164733887 17.8613338470459 17.8231658935547 17.7628326416016 17.7280826568604 17.7920837402344 17.804666519165 17.7970008850098 17.8023338317871 17.7737503051758 17.7653331756592 17.7157497406006 17.7099170684814 17.6782493591309
17.9032497406006 17.972583770752 17.9094161987305 17.9361667633057 17.9599170684814 18.0125007629395 17.9763336181641 17.8353328704834 17.7051658630371 17.5679168701172 17.5346660614014 17.5488338470459 17.572416305542 17.5763339996338 17.6187496185303 17.6909160614014 17.8588333129883 18.0150833129883 18.1375827789307 18.1429996490479 18.1464157104492 18.082332611084 18.0516662597656 18.0514163970947 17.96266746521 17.9076671600342 17.8260822296143 17.7047500610352 17.6317501068115 17.6153335571289 17.6834163665771 17.7302494049072 17.7832489013672 17.8538341522217 17.8620834350586 17.9289169311523 17.9145832061768 17.9320011138916 17.949333190918 17.894416809082 17.8593330383301 17.8535823822021 17.8332500457764 17.812915802002 17.8449993133545 17.8762493133545 17.8534164428711 17.8188343048096 17.793083190918 17.7434158325195 17.6985836029053 17.6743335723877
18.0521678924561 18.0639991760254 17.963249206543 18.021333694458 18.0780830383301 17.9772491455078 17.9604167938232 17.8527507781982 17.7297496795654 17.6250839233398 17.5836658477783 17.5566673278809 17.6574172973633 17.6405830383301 17.6851673126221 17.7866668701172 17.884916305542 17.939582824707 18.0425834655762 18.1626663208008 18.1964168548584 18.1810836791992 18.1034164428711 18.0067501068115 17.9595832824707 17.8974990844727 17.8079986572266 17.7645835876465 17.7141666412354 17.689582824707 17.7083339691162 17.7640838623047 17.8129997253418 17.876916885376 17.877082824707 17.894250869751 17.9145832061768 17.9506664276123 17.9741668701172 17.9400825500488 17.9133338928223 17.9034996032715 17.9114170074463 17.9402503967285 17.9300003051758 17.8920001983643 17.8395004272461 17.8078327178955 17.7535839080811 17.7078323364258 17.6509170532227 17.6158332824707
18.2313327789307 18.2476673126221 18.2349166870117 18.2595825195312 18.2767505645752 18.1168327331543 18.0287494659424 17.9291667938232 17.8287506103516 17.7626667022705 17.7123336791992 17.6324996948242 17.6240825653076 17.6917495727539 17.7802505493164 17.8659992218018 17.9572505950928 18.0145835876465 18.0601673126221 18.1567497253418 18.1551666259766 18.0648326873779 17.9959163665771 17.9665832519531 17.9209175109863 17.8976669311523 17.8356666564941 17.7928333282471 17.7707500457764 17.7565841674805 17.7574996948242 17.7567501068115 17.8034172058105 17.8564167022705 17.8630828857422 17.8750839233398 17.918249130249 17.9521675109863 17.9735832214355 18.0191669464111 18.0734176635742 18.0501670837402 17.9787502288818 17.9756660461426 17.9950828552246 17.9769992828369 17.8850841522217 17.7942504882812 17.779167175293 17.7140827178955 17.6341667175293 17.6079998016357
18.1926670074463 18.2706661224365 18.2814159393311 18.2644996643066 18.2590007781982 18.2395839691162 18.1205005645752 17.9998340606689 17.939416885376 17.8455009460449 17.8171672821045 17.7885837554932 17.7570838928223 17.779167175293 17.7906665802002 17.869499206543 17.9915828704834 18.0698337554932 18.1047496795654 18.138334274292 18.1299991607666 18.0705833435059 17.976583480835 17.9636669158936 17.9358329772949 17.9255828857422 17.892915725708 17.8675842285156 17.8350009918213 17.8640003204346 17.8031673431396 17.7977504730225 17.8253326416016 17.8680839538574 17.904167175293 17.8921661376953 17.9045829772949 17.9510841369629 18.001916885376 18.0469989776611 18.1235828399658 18.1574993133545 18.1371669769287 18.0517501831055 18.0254993438721 17.9965839385986 17.9270000457764 17.8481674194336 17.8011665344238 17.7345008850098 17.6844997406006 17.6376667022705
18.1654167175293 18.2189998626709 18.2622509002686 18.2838325500488 18.2415828704834 18.1450004577637 18.081750869751 18.0431671142578 17.9846668243408 17.9067497253418 17.8969173431396 17.8920822143555 17.9158325195312 17.9034996032715 17.9233341217041 17.9797496795654 18.0002498626709 18.081916809082 18.158332824707 18.091833114624 18.0953330993652 18.0405826568604 17.9692497253418 18.0127506256104 18.0148334503174 17.9763336181641 17.9645004272461 17.9420833587646 17.92799949646 17.972583770752 17.9113330841064 17.8859157562256 17.9178333282471 17.9202499389648 17.9374160766602 17.9624996185303 17.9781665802002 17.9910831451416 18.0944175720215 18.1890830993652 18.1958332061768 18.2167491912842 18.2094993591309 18.1713333129883 18.1105003356934 18.0472507476807 18.0088329315186 17.9653339385986 17.8841667175293 17.7957496643066 17.7439994812012 17.7094173431396
17.8698329925537 17.9426670074463 18.1168327331543 18.117582321167 18.1016674041748 18.0637493133545 18.0103340148926 17.9676666259766 17.8972492218018 17.8899993896484 17.8973331451416 17.8926658630371 17.933500289917 17.9887504577637 18.0308322906494 18.0529155731201 18.0617504119873 18.0632495880127 18.087833404541 18.13450050354 18.1022491455078 18.0058326721191 18.0146675109863 18.0590000152588 18.0513324737549 17.9995002746582 18.0539989471436 18.0339164733887 18.0185832977295 18.1056671142578 18.0369167327881 17.9983329772949 17.9854164123535 17.9829158782959 18.0195827484131 18.0539169311523 18.0659999847412 18.1205005645752 18.1959991455078 18.2356662750244 18.2548332214355 18.2920837402344 18.2924995422363 18.2507495880127 18.1807498931885 18.128999710083 18.0844173431396 18.0306663513184 17.9589157104492 17.8835830688477 17.8423328399658 17.8112506866455
17.884916305542 18.0141658782959 18.1305828094482 18.1362495422363 18.0999164581299 18.0682506561279 18.0201663970947 17.9549999237061 17.9186668395996 17.8721675872803 17.8512496948242 17.8635845184326 17.9188327789307 17.9813327789307 18.0428333282471 18.0970001220703 18.1259174346924 18.0803337097168 18.1502494812012 18.1925010681152 18.2384166717529 18.160083770752 18.1313343048096 18.1317501068115 18.1477508544922 18.1216659545898 18.1295833587646 18.1590824127197 18.1759166717529 18.2828330993652 18.2234172821045 18.1592502593994 18.1760005950928 18.1289157867432 18.1316661834717 18.0822505950928 18.0616664886475 18.1382503509521 18.2177505493164 18.2522506713867 18.29075050354 18.3268337249756 18.3265838623047 18.2815837860107 18.2084999084473 18.1578330993652 18.1574993133545 18.1305828094482 18.0734157562256 17.9850845336914 17.9771671295166 17.955249786377
17.7390003204346 17.9276657104492 17.9867496490479 18.0765838623047 18.0571670532227 18.080415725708 18.0417499542236 18.0074157714844 17.9535827636719 17.8840007781982 17.8689994812012 17.8752498626709 17.9200839996338 17.9943332672119 18.0440826416016 18.0890007019043 18.076416015625 18.1168327331543 18.207332611084 18.2323341369629 18.2270011901855 18.1500835418701 18.148416519165 18.1387500762939 18.1874160766602 18.1624164581299 18.1849174499512 18.2547492980957 18.2829170227051 18.4330005645752 18.386417388916 18.4483337402344 18.25 18.1778335571289 18.1272506713867 18.1185836791992 18.0628337860107 18.1094989776611 18.1867504119873 18.1940841674805 18.2455825805664 18.2811660766602 18.2861671447754 18.2445831298828 18.2185001373291 18.206750869751 18.189582824707 18.1956672668457 18.2056674957275 18.1249160766602 18.1078338623047 18.0709171295166
17.7275009155273 17.8654174804688 17.9550838470459 17.9951667785645 18.0615825653076 18.0806674957275 18.0815010070801 18.0470008850098 17.9843330383301 17.9383335113525 17.9214992523193 17.9271659851074 17.9388332366943 17.9835834503174 18.0694160461426 18.1452503204346 18.1548328399658 18.1374168395996 18.2025833129883 18.254415512085 18.1782493591309 18.1504173278809 18.1319999694824 18.1586666107178 18.2059993743896 18.1826667785645 18.2682495117188 18.3312492370605 18.4196662902832 18.4982490539551 18.5636672973633 18.5068340301514 18.4209995269775 18.2084999084473 18.2735004425049 18.1294994354248 18.1275005340576 18.0790004730225 18.1159992218018 18.1049995422363 18.1653327941895 18.2415008544922 18.2773323059082 18.2587490081787 18.2264995574951 18.2469158172607 18.2814998626709 18.2689990997314 18.269416809082 18.2875843048096 18.2472496032715 18.2223339080811
17.8958339691162 17.9974174499512 18.1014995574951 18.1652507781982 18.187084197998 18.189416885376 18.1886672973633 18.1191673278809 18.0903339385986 18.0384159088135 18.0034999847412 18.0085830688477 18.0294170379639 18.0368328094482 18.0852508544922 18.1516666412354 18.1828327178955 18.1280822753906 18.1776657104492 18.230167388916 18.1879997253418 18.1961669921875 18.2157497406006 18.2459163665771 18.3056659698486 18.3154163360596 18.3640823364258 18.3767490386963 18.4950828552246 18.5734157562256 18.7160835266113 18.7118339538574 18.5260009765625 18.3875827789307 18.3579998016357 18.1945838928223 18.2083339691162 18.1265830993652 18.1082496643066 18.1154174804688 18.1660003662109 18.2205829620361 18.2475833892822 18.2632503509521 18.2192497253418 18.2656669616699 18.34375 18.3300838470459 18.3060836791992 18.3453330993652 18.3990001678467 18.3559989929199
18.0295829772949 18.1519165039062 18.2393321990967 18.3626670837402 18.3708324432373 18.3172492980957 18.2386665344238 18.2303333282471 18.1926670074463 18.1504993438721 18.113582611084 18.0824165344238 18.077917098999 18.0685005187988 18.0722503662109 18.1215839385986 18.2545833587646 18.2075004577637 18.174165725708 18.185998916626 18.2153339385986 18.2100830078125 18.2880001068115 18.3766670227051 18.4125843048096 18.4858322143555 18.5183334350586 18.4165840148926 18.5788326263428 18.7788333892822 18.8762493133545 18.8011665344238 18.6848335266113 18.5613327026367 18.3428325653076 18.28125 18.2490825653076 18.1915836334229 18.2259159088135 18.2213325500488 18.24049949646 18.2752494812012 18.2549991607666 18.3220844268799 18.3000831604004 18.3611660003662 18.4020824432373 18.4099159240723 18.4060840606689 18.4305839538574 18.4620838165283 18.4896659851074
18.0794162750244 18.1768341064453 18.2747497558594 18.3354167938232 18.424165725708 18.4175834655762 18.4221668243408 18.3996658325195 18.3799991607666 18.3122501373291 18.1888332366943 18.187084197998 18.1700839996338 18.1830825805664 18.2185840606689 18.1789169311523 18.1892509460449 18.2306671142578 18.2396678924561 18.2987499237061 18.2876663208008 18.364917755127 18.4605827331543 18.5292491912842 18.5453338623047 18.6905822753906 18.6790828704834 18.5220832824707 18.6895008087158 18.9576663970947 18.7797508239746 18.8120822906494 18.8253326416016 18.595666885376 18.4087505340576 18.3677501678467 18.2922496795654 18.2338333129883 18.2002506256104 18.171501159668 18.210916519165 18.2771663665771 18.4166660308838 18.4559993743896 18.3686656951904 18.4424171447754 18.5010833740234 18.5504169464111 18.6574172973633 18.5687503814697 18.4584159851074 18.4894161224365
18.2709159851074 18.3435001373291 18.4361667633057 18.4487495422363 18.3758335113525 18.4285831451416 18.3719997406006 18.3965835571289 18.3577499389648 18.3233337402344 18.2995834350586 18.236499786377 18.1971664428711 18.1966667175293 18.1533336639404 18.2234172821045 18.2954998016357 18.3128337860107 18.3795833587646 18.3605842590332 18.34375 18.3857498168945 18.462833404541 18.5369167327881 18.6442489624023 18.6575832366943 18.7401676177979 18.8439998626709 18.7905826568604 18.9483337402344 18.9143333435059 18.8305835723877 18.6995830535889 18.5335826873779 18.3578338623047 18.4282493591309 18.3053340911865 18.286750793457 18.234001159668 18.2686672210693 18.3843326568604 18.4064159393311 18.3678321838379 18.5452499389648 18.4894161224365 18.3507499694824 18.4009170532227 18.5444164276123 18.6960830688477 18.7087497711182 18.5752506256104 18.5341663360596
18.3282508850098 18.3329162597656 18.3524169921875 18.3324165344238 18.3800830841064 18.4107494354248 18.3414173126221 18.3439159393311 18.3606662750244 18.3449172973633 18.3288326263428 18.3133335113525 18.3714160919189 18.3088340759277 18.1960010528564 18.3468341827393 18.4381675720215 18.4730834960938 18.412166595459 18.4050827026367 18.3822498321533 18.4576663970947 18.469165802002 18.5301666259766 18.605749130249 18.6115837097168 18.5847492218018 18.6742496490479 18.8589992523193 18.719165802002 18.8347492218018 18.7740001678467 18.5564994812012 18.4148330688477 18.2712497711182 18.3999156951904 18.3668327331543 18.377082824707 18.2823333740234 18.3158340454102 18.323917388916 18.4646663665771 18.5894165039062 18.4736671447754 18.677583694458 18.5420837402344 18.6538333892822 18.7288341522217 18.7360000610352 18.7918338775635 18.6129169464111 18.6287498474121
18.3450832366943 18.3286666870117 18.3495006561279 18.3037509918213 18.3544998168945 18.3897495269775 18.339750289917 18.3870830535889 18.4077491760254 18.3921661376953 18.4149169921875 18.402416229248 18.3787498474121 18.2620010375977 18.2468338012695 18.3625831604004 18.4272499084473 18.4985008239746 18.4279174804688 18.4468326568604 18.4055843353271 18.4843330383301 18.5224990844727 18.5394172668457 18.5814170837402 18.6049995422363 18.5898342132568 18.605167388916 18.7485828399658 18.8503341674805 18.797082901001 18.6374168395996 18.5478324890137 18.3114166259766 18.213249206543 18.3993339538574 18.5109157562256 18.4716663360596 18.4451656341553 18.3493328094482 18.4444160461426 18.5337505340576 18.6396656036377 18.6754989624023 18.7474994659424 18.6179161071777 18.5912494659424 18.6495838165283 18.7672500610352 18.8068332672119 18.8274993896484 18.9421672821045
18.2905006408691 18.2906665802002 18.3206672668457 18.3062496185303 18.3259162902832 18.3679161071777 18.4034156799316 18.4154167175293 18.4306659698486 18.4144992828369 18.4403343200684 18.4348335266113 18.3889999389648 18.3584995269775 18.3471660614014 18.3109169006348 18.4797496795654 18.5633335113525 18.463249206543 18.4926662445068 18.503833770752 18.5868339538574 18.5965843200684 18.5785007476807 18.580249786377 18.6334171295166 18.6273326873779 18.5919170379639 18.6345825195312 18.8012504577637 18.8069171905518 18.6095008850098 18.3472499847412 18.2752494812012 18.3051662445068 18.5643329620361 18.5850009918213 18.5305004119873 18.4957504272461 18.5467491149902 18.4403324127197 18.5583343505859 18.8266658782959 18.8146667480469 18.5769996643066 18.6071662902832 18.6115837097168 18.5378341674805 18.5556659698486 18.675666809082 18.7836666107178 18.9754161834717
18.3004169464111 18.3583335876465 18.3505001068115 18.345251083374 18.3306674957275 18.3867492675781 18.4506664276123 18.4659996032715 18.4432506561279 18.5389156341553 18.576416015625 18.654167175293 18.5628337860107 18.4936676025391 18.4386672973633 18.2898330688477 18.4281673431396 18.5700836181641 18.5252494812012 18.6221675872803 18.5753326416016 18.5138339996338 18.4988327026367 18.5160827636719 18.5732498168945 18.5827503204346 18.6124172210693 18.6112499237061 18.6048336029053 18.7660007476807 18.8034992218018 18.5644989013672 18.502082824707 18.4601669311523 18.6772499084473 18.7743339538574 18.5927505493164 18.585916519165 18.7045001983643 18.673999786377 18.7375011444092 18.4985008239746 18.7269172668457 18.9084167480469 18.6235828399658 18.8093338012695 18.7314167022705 18.7894992828369 18.5612506866455 18.6653327941895 18.9109992980957 19.062084197998
18.4331665039062 18.377082824707 18.3719177246094 18.3794994354248 18.386833190918 18.3702507019043 18.4448337554932 18.5273342132568 18.5755825042725 18.6314163208008 18.7622489929199 18.8315010070801 18.7195835113525 18.6325836181641 18.5230007171631 18.4245834350586 18.3687496185303 18.4941673278809 18.6486663818359 18.6902503967285 18.640832901001 18.5338325500488 18.5379161834717 18.5797500610352 18.5425834655762 18.5186672210693 18.5556678771973 18.6285839080811 18.7089996337891 18.7514171600342 18.8478336334229 18.8574161529541 18.753833770752 18.6806659698486 18.9284172058105 18.7390842437744 18.6620826721191 18.6553325653076 18.8814163208008 18.7245006561279 18.9707508087158 18.7256660461426 18.8819160461426 19.083833694458 19.1221656799316 19.1114158630371 19.0986671447754 19.0660839080811 19.0560836791992 18.9994163513184 19.1373329162598 19.1748332977295
