layers/tmax9.asc
NCOLS 421 
NROWS 354 
XLLCORNER -106.645833332895 
YLLCORNER 25.8541666666667 
CELLSIZE 0.0416666666669039 
NODATA_value -3.4e+38 
[rows 138 to 160 of 354, columns 156 to 207 of 421]
23.5910835266113 23.5172500610352 23.4165000915527 23.3590831756592 23.3465003967285 23.3656673431396 23.3248329162598 23.3102493286133 23.3173332214355 23.3277492523193 23.2894172668457 23.3735008239746 23.3764991760254 23.363000869751 23.3138332366943 23.3657493591309 23.4342498779297 23.4252490997314 23.371166229248 23.2956657409668 23.1639175415039 23.0132503509521 23.2868328094482 23.2674160003662 23.345251083374 23.2115840911865 23.2195835113525 23.0052490234375 22.9432506561279 22.9297504425049 22.6764163970947 22.4834995269775 22.0742492675781 22.1374168395996 22.1624164581299 22.2672500610352 22.2163333892822 22.1780834197998 22.2245006561279 22.2487506866455 22.4320831298828 22.597583770752 22.6929988861084 22.6569995880127 22.5216655731201 22.3349170684814 22.2845001220703 22.3453330993652 22.4710006713867 22.4764995574951 22.4472503662109 22.3759994506836
23.5820007324219 23.5278339385986 23.4901657104492 23.4379177093506 23.4526672363281 23.4670829772949 23.5325832366943 23.472749710083 23.4522495269775 23.4568328857422 23.4519996643066 23.4997501373291 23.4591674804688 23.3040828704834 23.3229999542236 23.3796672821045 23.4584159851074 23.5219993591309 23.5303325653076 23.4230003356934 23.1930828094482 23.0007495880127 23.2195835113525 23.4060001373291 23.3324165344238 23.2427501678467 23.2485828399658 23.2275829315186 23.122917175293 22.9835834503174 22.6994171142578 22.5355834960938 22.1582508087158 21.7718334197998 21.8495826721191 22.2075824737549 22.4498329162598 22.5570831298828 22.6737499237061 22.6829166412354 22.6306667327881 22.7224159240723 22.8286666870117 22.7572498321533 22.6242504119873 22.5155830383301 22.5260829925537 22.4761657714844 22.3525009155273 22.3514995574951 22.4265842437744 22.3501663208008
23.5405826568604 23.5516662597656 23.5699996948242 23.6026668548584 23.648832321167 23.7100830078125 23.7159156799316 23.6405830383301 23.6080837249756 23.6140003204346 23.5694999694824 23.5884170532227 23.5983333587646 23.5166664123535 23.4314994812012 23.4833335876465 23.5295009613037 23.5844993591309 23.632999420166 23.56858253479 23.3975830078125 23.2875823974609 23.3582496643066 23.4754161834717 23.3099994659424 23.3301658630371 23.3215827941895 23.2629165649414 23.3028335571289 23.2124156951904 22.9712505340576 22.6388320922852 22.4269161224365 22.0831661224365 22.2263336181641 22.0157508850098 22.1212501525879 22.3304176330566 22.3786678314209 22.8171672821045 22.8978328704834 23.0054168701172 23.0479164123535 22.8719158172607 22.8472499847412 22.7681674957275 22.8008327484131 22.8052501678467 22.7114162445068 22.5535831451416 22.5488338470459 22.5765838623047
23.4740009307861 23.5137500762939 23.6003341674805 23.6781673431396 23.7590007781982 23.8288326263428 23.8277492523193 23.8205833435059 23.7498321533203 23.6594161987305 23.6127490997314 23.6191673278809 23.6488342285156 23.6148338317871 23.5646667480469 23.582332611084 23.6359176635742 23.6879177093506 23.7291679382324 23.6648330688477 23.5979175567627 23.5631675720215 23.5074157714844 23.4370002746582 23.4044990539551 23.4808330535889 23.4599170684814 23.3958339691162 23.3705825805664 23.2919998168945 23.08766746521 22.8360824584961 22.7425842285156 22.4566669464111 22.3509159088135 22.5707492828369 22.5687503814697 22.5032501220703 22.6603336334229 22.8077507019043 23.0573329925537 23.2203330993652 23.2963333129883 23.1145839691162 23.081916809082 23.1555004119873 23.0313339233398 23.0790004730225 22.8564167022705 22.7023334503174 22.7259998321533 22.8141670227051
23.4941673278809 23.5036678314209 23.5551662445068 23.7119159698486 23.8292503356934 23.8991661071777 23.8514995574951 23.8171653747559 23.7938327789307 23.7589168548584 23.7219161987305 23.707332611084 23.6571674346924 23.6747493743896 23.6705837249756 23.6870002746582 23.7378330230713 23.7939167022705 23.8301658630371 23.8335838317871 23.8186664581299 23.7485008239746 23.6393337249756 23.4654159545898 23.4274997711182 23.5925827026367 23.5046672821045 23.5348339080811 23.5125827789307 23.425500869751 23.3589172363281 23.1709995269775 23.0849990844727 23.0268325805664 22.8921661376953 23.0165004730225 22.9590835571289 22.7790832519531 22.925666809082 22.9867496490479 23.3140830993652 23.4733333587646 23.5991668701172 23.316499710083 23.0573329925537 23.1798343658447 23.3365840911865 23.3262500762939 23.0730838775635 22.890832901001 23.0418338775635 22.9397487640381
23.5275840759277 23.5004177093506 23.6007499694824 23.7229995727539 23.8365840911865 23.8774166107178 23.8081665039062 23.7603340148926 23.7320003509521 23.7460823059082 23.7127494812012 23.6930828094482 23.7119998931885 23.7035827636719 23.7082500457764 23.755916595459 23.8419170379639 23.9294166564941 23.9244155883789 23.927583694458 23.8884162902832 23.8767509460449 23.7442512512207 23.6369171142578 23.611083984375 23.687084197998 23.6762504577637 23.6991672515869 23.5786666870117 23.5919170379639 23.5862503051758 23.3968334197998 23.2898330688477 23.2694988250732 23.2847499847412 23.2534999847412 23.297082901001 23.276834487915 23.2965831756592 23.3899993896484 23.6532497406006 23.7011661529541 23.8651676177979 23.53125 23.2079162597656 23.2663326263428 23.3445835113525 23.4199161529541 23.2819156646729 23.076416015625 23.1823329925537 23.1283340454102
23.3653335571289 23.4527492523193 23.5351657867432 23.6724166870117 23.7746658325195 23.8021659851074 23.7921657562256 23.7170829772949 23.6801662445068 23.6919994354248 23.7078342437744 23.7329158782959 23.7485008239746 23.7133331298828 23.7332496643066 23.7990837097168 23.8548336029053 23.9099178314209 23.8985004425049 23.8633327484131 23.8692493438721 23.8686676025391 23.7928333282471 23.8331661224365 23.8414173126221 23.8126659393311 23.7998332977295 23.6665000915527 23.619083404541 23.6619167327881 23.7375831604004 23.5628337860107 23.4729995727539 23.4471664428711 23.5383338928223 23.5329990386963 23.5521659851074 23.5249156951904 23.4930000305176 23.5866661071777 23.7956657409668 23.9174995422363 23.9823341369629 23.7524166107178 23.5658340454102 23.4835834503174 23.4485836029053 23.4656658172607 23.2580833435059 23.2552509307861 23.3029174804688 23.0109996795654
23.2718334197998 23.3552494049072 23.4689159393311 23.5429172515869 23.6668338775635 23.7375831604004 23.6644153594971 23.6850833892822 23.6884174346924 23.6994171142578 23.738166809082 23.7563323974609 23.7634162902832 23.7494163513184 23.7584991455078 23.7918338775635 23.8263339996338 23.8892498016357 23.9257507324219 23.9092502593994 23.8716678619385 23.9095840454102 23.9438323974609 23.9393329620361 23.8495826721191 23.7868328094482 23.7133331298828 23.7725830078125 23.8629169464111 23.8537502288818 23.8684158325195 23.7715835571289 23.6790828704834 23.6203327178955 23.6656665802002 23.749584197998 23.8208332061768 23.7662506103516 23.693000793457 23.72825050354 23.8367500305176 23.9505004882812 24.0319995880127 23.9134178161621 23.7490005493164 23.6728324890137 23.6955833435059 23.6008338928223 23.4344177246094 23.4104156494141 23.3218326568604 23.2102508544922
23.1266670227051 23.1830005645752 23.3229999542236 23.4512500762939 23.5246658325195 23.6233329772949 23.6399993896484 23.6422500610352 23.655834197998 23.6616668701172 23.7562503814697 23.7789993286133 23.8044986724854 23.8080825805664 23.8011665344238 23.7910003662109 23.8109169006348 23.8664989471436 23.9292507171631 23.8709163665771 23.8996658325195 23.9265003204346 24.011417388916 23.9619998931885 23.8079166412354 23.6660842895508 23.6832504272461 23.9359169006348 24.0578327178955 23.9680004119873 23.9713325500488 23.9002494812012 23.8215007781982 23.7905826568604 23.7217502593994 23.8010005950928 23.8304996490479 23.9040832519531 23.8500003814697 23.8648338317871 23.869499206543 23.9407501220703 24.0353336334229 23.999584197998 23.8269176483154 23.8075008392334 23.7334175109863 23.677583694458 23.5619163513184 23.4329166412354 23.2192497253418 23.2609157562256
23.0523338317871 23.1719169616699 23.2428321838379 23.3771667480469 23.5089168548584 23.5745830535889 23.5728340148926 23.6049995422363 23.6691665649414 23.7112503051758 23.7474174499512 23.7952499389648 23.80641746521 23.8187503814697 23.8291664123535 23.8246669769287 23.8250827789307 23.8507499694824 23.9044990539551 23.9500007629395 23.8486671447754 23.9374160766602 24.041332244873 24.0020008087158 23.9101657867432 23.7523326873779 23.7188339233398 23.9645843505859 24.0979175567627 24.1495838165283 24.1081657409668 24.0248336791992 24.0041675567627 23.9392490386963 23.8258323669434 23.7460842132568 23.8361663818359 23.9458332061768 23.9506664276123 24.0001659393311 23.9486656188965 24.0022506713867 24.0314159393311 24.0965824127197 23.9347496032715 23.8773326873779 23.9020843505859 23.7880840301514 23.7075824737549 23.4119167327881 23.2553329467773 23.2476673126221
23.0533332824707 23.234748840332 23.3470840454102 23.4475841522217 23.5604991912842 23.6784172058105 23.6780834197998 23.6399173736572 23.6711673736572 23.7393341064453 23.7617492675781 23.7848339080811 23.8171672821045 23.8031673431396 23.8185005187988 23.8443336486816 23.8645839691162 23.8856658935547 23.9046669006348 23.9408340454102 23.9734172821045 23.9655838012695 24.0560836791992 24.0027503967285 23.8562488555908 23.7854995727539 23.8110008239746 23.9379997253418 24.1300830841064 24.1865825653076 24.1860828399658 24.1678333282471 24.1200008392334 24.095832824707 23.9930000305176 23.8147506713867 23.8282489776611 23.9562492370605 24.0307502746582 24.081916809082 24.0013332366943 23.9759159088135 24.0795841217041 24.1709995269775 24.0335006713867 24.0013332366943 23.9306659698486 23.8731670379639 23.7116661071777 23.5457496643066 23.4463329315186 23.4052505493164
23.2334995269775 23.2924156188965 23.4134998321533 23.535665512085 23.640832901001 23.6739158630371 23.7278327941895 23.6843338012695 23.679666519165 23.7218322753906 23.789249420166 23.8059177398682 23.8103332519531 23.818000793457 23.8400840759277 23.8565826416016 23.8957500457764 23.9246673583984 23.8937511444092 23.8910007476807 23.9512500762939 24.0299167633057 24.0730838775635 24.0026664733887 23.8945007324219 23.8527507781982 23.9855003356934 24.0225830078125 24.1090831756592 24.2308330535889 24.1883335113525 24.2377510070801 24.1941661834717 24.1039161682129 24.0770835876465 23.9703330993652 24.0264167785645 24.07200050354 24.0297508239746 24.0674171447754 24.1287498474121 24.0499172210693 23.9936676025391 24.1609992980957 24.2150001525879 24.0042495727539 23.9556655883789 23.9785003662109 23.7588329315186 23.7150840759277 23.5541667938232 23.5649166107178
23.3084163665771 23.390832901001 23.5184173583984 23.6251659393311 23.6792507171631 23.7329177856445 23.7584171295166 23.7255840301514 23.7409172058105 23.7560005187988 23.8106670379639 23.805082321167 23.7967491149902 23.8330001831055 23.859582901001 23.8934173583984 23.9277496337891 23.9428329467773 23.929666519165 23.9440822601318 23.982250213623 24.0948333740234 24.1191673278809 24.0655002593994 23.9385833740234 23.9650840759277 24.1122512817383 24.1184997558594 24.1454162597656 24.257999420166 24.2306671142578 24.2339992523193 24.2159175872803 24.2058334350586 24.1830005645752 24.121166229248 24.088249206543 24.1157493591309 24.0844993591309 23.9901676177979 24.1206665039062 24.2217502593994 24.1291675567627 24.1539993286133 24.2589988708496 24.0675830841064 23.918083190918 23.9503326416016 23.8964157104492 23.8421669006348 23.7017498016357 23.7548332214355
23.5311660766602 23.5446662902832 23.6471672058105 23.7347507476807 23.7739162445068 23.8370838165283 23.8464164733887 23.8161659240723 23.8649158477783 23.8427505493164 23.8340835571289 23.7805004119873 23.7895832061768 23.8735828399658 23.8880004882812 23.9188327789307 23.9441661834717 23.9340000152588 23.9476661682129 23.9861660003662 24.0939159393311 24.2084159851074 24.2190837860107 24.1299171447754 24.0666675567627 24.1381664276123 24.1865005493164 24.2455825805664 24.2316665649414 24.2625007629395 24.3076667785645 24.2920837402344 24.3155002593994 24.2938327789307 24.3087501525879 24.3063335418701 24.2824993133545 24.3009166717529 24.2495002746582 24.1824169158936 24.1603336334229 24.2244167327881 24.205249786377 24.234582901001 24.3307495117188 24.1520824432373 24.0154991149902 23.9681663513184 23.9726657867432 23.9847507476807 23.8444156646729 23.9429168701172
23.7893333435059 23.7042503356934 23.7548332214355 23.8354167938232 23.8553333282471 23.8522491455078 23.8935832977295 23.9132499694824 23.9421672821045 23.9912509918213 23.9929161071777 23.9191665649414 23.9148330688477 23.9251670837402 23.9492492675781 23.9648323059082 23.955415725708 24.0172500610352 24.0961666107178 24.1234169006348 24.13450050354 24.1942501068115 24.2758331298828 24.2482490539551 24.2170829772949 24.2332496643066 24.2849178314209 24.3128337860107 24.2543334960938 24.2875823974609 24.2945003509521 24.2548332214355 24.2945003509521 24.2877502441406 24.3142509460449 24.3255004882812 24.3287506103516 24.336332321167 24.3488330841064 24.3394165039062 24.3269176483154 24.3159999847412 24.2955837249756 24.2409172058105 24.3214168548584 24.1714153289795 24.1545009613037 24.0855827331543 23.9323329925537 24.0514163970947 24.1186656951904 24.1122493743896
23.8748340606689 23.9393329620361 23.9318332672119 23.9388332366943 23.956750869751 24.0462493896484 24.0346660614014 24.1129169464111 24.1082496643066 24.0423336029053 24.0774993896484 24.0581665039062 24.0259170532227 24.0475006103516 24.0221672058105 23.9916667938232 23.9988327026367 24.0825824737549 24.1375827789307 24.2015838623047 24.1868324279785 24.1998329162598 24.2061672210693 24.2779159545898 24.3877506256104 24.3640823364258 24.3802509307861 24.4064998626709 24.4249172210693 24.31858253479 24.3295841217041 24.2870826721191 24.2939167022705 24.2676658630371 24.3055000305176 24.3269996643066 24.3720836639404 24.3501663208008 24.3751659393311 24.3735008239746 24.3742504119873 24.3954162597656 24.4095001220703 24.3898334503174 24.3313331604004 24.1791667938232 24.2034168243408 24.1996669769287 24.1279163360596 24.2351665496826 24.285249710083 24.275749206543
23.897834777832 23.9652500152588 23.9249992370605 23.9802494049072 24.0202503204346 24.0979175567627 24.1809158325195 24.3155822753906 24.3666667938232 24.1787509918213 24.2313327789307 24.2915000915527 24.2030830383301 24.1548328399658 24.1385841369629 24.1119174957275 24.0826663970947 24.1142501831055 24.1809158325195 24.2250843048096 24.2433338165283 24.2661666870117 24.2759990692139 24.2685832977295 24.2446670532227 24.1875 24.2695007324219 24.3444156646729 24.4245834350586 24.4899158477783 24.4654159545898 24.4375 24.361499786377 24.3238334655762 24.4059162139893 24.4584999084473 24.4969158172607 24.4427490234375 24.4159164428711 24.4109172821045 24.4104995727539 24.420166015625 24.392749786377 24.3920841217041 24.4190006256104 24.2436676025391 24.2915000915527 24.3027496337891 24.2711658477783 24.2098331451416 24.3050003051758 24.3723335266113
23.9379997253418 23.9491672515869 23.9852504730225 24.0618324279785 24.0688343048096 24.1229991912842 24.2391662597656 24.3870830535889 24.5424995422363 24.49049949646 24.4384994506836 24.4358329772949 24.3400001525879 24.2669162750244 24.1977500915527 24.1405830383301 24.1312503814697 24.1479988098145 24.1732501983643 24.1918334960938 24.2195835113525 24.2321662902832 24.3002510070801 24.2711658477783 24.2175006866455 24.1540832519531 24.1956672668457 24.2600002288818 24.3285007476807 24.3677501678467 24.422082901001 24.4492492675781 24.4835834503174 24.4882507324219 24.4382495880127 24.3959159851074 24.4540004730225 24.5229167938232 24.5258331298828 24.4664173126221 24.4829998016357 24.4903335571289 24.4703330993652 24.4360828399658 24.4245834350586 24.3680000305176 24.4033336639404 24.4056663513184 24.4058322906494 24.3434162139893 24.1637496948242 24.3756675720215
24.0889167785645 24.0634155273438 24.0864162445068 24.1277503967285 24.189582824707 24.1765823364258 24.365083694458 24.5611667633057 24.5812492370605 24.5993328094482 24.5148334503174 24.4843330383301 24.3528327941895 24.2563343048096 24.2080821990967 24.17799949646 24.154333114624 24.1732501983643 24.2039165496826 24.2178325653076 24.230167388916 24.2219161987305 24.2563343048096 24.2323341369629 24.1801662445068 24.1323337554932 24.0697498321533 24.1315002441406 24.210916519165 24.3161678314209 24.3169994354248 24.3347492218018 24.3753337860107 24.3895835876465 24.3630828857422 24.3810005187988 24.425500869751 24.4950828552246 24.5740833282471 24.5738334655762 24.536750793457 24.5415000915527 24.4196662902832 24.4025001525879 24.4183330535889 24.4119167327881 24.3484172821045 24.2314167022705 24.4079170227051 24.3400001525879 24.1314163208008 24.3141670227051
24.1618328094482 24.1446666717529 24.1489162445068 24.2450828552246 24.289249420166 24.2801666259766 24.3284168243408 24.5450000762939 24.6205825805664 24.673999786377 24.6315841674805 24.5233325958252 24.4143333435059 24.3010005950928 24.2250003814697 24.2010841369629 24.1827507019043 24.1704158782959 24.1919994354248 24.1964168548584 24.2264156341553 24.2164154052734 24.2078323364258 24.2055835723877 24.1925830841064 24.1634998321533 24.0920009613037 24.1062488555908 24.1156673431396 24.1626663208008 24.216833114624 24.308666229248 24.3970832824707 24.4653339385986 24.4399166107178 24.5140838623047 24.6014175415039 24.6478328704834 24.6500835418701 24.6456661224365 24.6044158935547 24.5267505645752 24.5273323059082 24.5091667175293 24.4446659088135 24.3454170227051 24.2070827484131 24.232666015625 24.3808326721191 24.4444999694824 24.2480010986328 24.2958335876465
24.3952503204346 24.3340835571289 24.3530826568604 24.4252510070801 24.4475002288818 24.4545841217041 24.3565826416016 24.3493328094482 24.5614166259766 24.6199989318848 24.6294994354248 24.5552501678467 24.5219173431396 24.3693332672119 24.3120002746582 24.271333694458 24.2434177398682 24.228666305542 24.1960010528564 24.1331672668457 24.176082611084 24.1896667480469 24.205249786377 24.1966667175293 24.2336673736572 24.2361660003662 24.1944160461426 24.1906661987305 24.214750289917 24.198917388916 24.3190841674805 24.4021663665771 24.4871673583984 24.5746669769287 24.6193332672119 24.6403331756592 24.6949157714844 24.7089157104492 24.7239170074463 24.7427501678467 24.6942501068115 24.6607494354248 24.5971660614014 24.503999710083 24.4232501983643 24.3226661682129 24.2317504882812 24.2172508239746 24.261833190918 24.3875007629395 24.4663333892822 24.4485836029053
24.4874992370605 24.5063343048096 24.4502506256104 24.3909168243408 24.4711666107178 24.4718341827393 24.4627494812012 24.4556674957275 24.5288333892822 24.5877494812012 24.5926666259766 24.5335006713867 24.4952507019043 24.4409160614014 24.3820838928223 24.2953338623047 24.2533340454102 24.2493324279785 24.2453327178955 24.1237506866455 24.1075839996338 24.1652507781982 24.1807498931885 24.2031669616699 24.173583984375 24.2256660461426 24.2928333282471 24.2728328704834 24.3004169464111 24.3160839080811 24.3596668243408 24.4350833892822 24.5592498779297 24.6781673431396 24.7255840301514 24.7054996490479 24.7896671295166 24.8258323669434 24.77174949646 24.7509994506836 24.6996669769287 24.6762504577637 24.550666809082 24.4678344726562 24.3859157562256 24.3426666259766 24.3470840454102 24.257833480835 24.2490844726562 24.269832611084 24.2695007324219 24.2796669006348
24.4871654510498 24.5077495574951 24.5453338623047 24.5029163360596 24.4636669158936 24.544750213623 24.4994163513184 24.4910011291504 24.5737495422363 24.5872497558594 24.5471668243408 24.5323333740234 24.482084274292 24.4234161376953 24.3484172821045 24.3075828552246 24.2728328704834 24.2142505645752 24.1892490386963 24.1525001525879 24.1669158935547 24.1844997406006 24.1664161682129 24.1803340911865 24.2214164733887 24.2674160003662 24.2945823669434 24.3212509155273 24.3708324432373 24.400333404541 24.4036674499512 24.4551658630371 24.6014995574951 24.7083339691162 24.7800827026367 24.8380832672119 24.8542499542236 24.8618335723877 24.8230838775635 24.7464160919189 24.6903343200684 24.5412502288818 24.4774169921875 24.4128341674805 24.3996658325195 24.2915840148926 24.2686672210693 24.3240833282471 24.2564163208008 24.3889999389648 24.4202499389648 24.3120002746582
