layers/tmax11.asc
NCOLS 421 
NROWS 354 
XLLCORNER -106.645833332895 
YLLCORNER 25.8541666666667 
CELLSIZE 0.0416666666669039 
NODATA_value -3.4e+38 
[rows 299 to 321 of 354, columns 156 to 207 of 421]
-3.4e+38 -3.4e+38 31.1113338470459 31.1180839538574 31.1685009002686 30.9612503051758 30.6259994506836 30.7547492980957 30.8432502746582 30.9118328094482 31.0771675109863 31.1092491149902 31.0263328552246 31.1196670532227 31.169750213623 31.1840000152588 31.2312507629395 31.2423324584961 31.2475833892822 31.249584197998 31.2530002593994 31.2414169311523 31.2302513122559 31.2038326263428 31.1615829467773 31.1115837097168 31.0325832366943 31.0110836029053 30.9120006561279 30.8854160308838 30.8455829620361 30.7835845947266 30.7154998779297 30.6799163818359 30.6185836791992 30.6101665496826 30.5767498016357 30.5419998168945 30.484748840332 30.3785839080811 30.2730827331543 30.2222499847412 30.1293334960938 30.0480842590332 29.989917755127 29.908166885376 29.8115005493164 29.6772499084473 29.5634994506836 29.4414176940918 29.3064155578613 29.1647491455078
-3.4e+38 -3.4e+38 -3.4e+38 31.0944995880127 31.1002502441406 31.0153331756592 30.6900825500488 30.5704174041748 30.6887512207031 30.8489990234375 30.9968338012695 30.982084274292 30.9013328552246 30.9730834960938 31.0276660919189 31.1079158782959 31.2054996490479 31.2476673126221 31.2686672210693 31.283332824707 31.3212490081787 31.312084197998 31.2560005187988 31.226583480835 31.195333480835 31.161750793457 31.1439170837402 31.0652503967285 30.9985008239746 30.8680839538574 30.8105010986328 30.7609996795654 30.7319164276123 30.7352504730225 30.7221660614014 30.6766662597656 30.6294174194336 30.5538330078125 30.4869155883789 30.4107494354248 30.3306674957275 30.2375831604004 30.1460838317871 30.0707492828369 30.0353336334229 29.9960842132568 29.8882503509521 29.7232494354248 29.5793323516846 29.4398345947266 29.2984161376953 29.1249160766602
-3.4e+38 -3.4e+38 -3.4e+38 31.094165802002 31.0832500457764 31.0313339233398 30.9640827178955 30.7379169464111 30.6786670684814 30.7898330688477 30.9584159851074 30.9491653442383 30.921667098999 30.8417491912842 30.8371658325195 31.0548343658447 31.2045822143555 31.2558326721191 31.2796669006348 31.2910823822021 31.3273334503174 31.3402500152588 31.2817497253418 31.2607498168945 31.2310829162598 31.1799163818359 31.1435832977295 31.1404991149902 31.0344161987305 30.922248840332 30.7530822753906 30.7382507324219 30.765832901001 30.7445831298828 30.7499160766602 30.7203330993652 30.6125831604004 30.5405006408691 30.4654159545898 30.4357490539551 30.3695831298828 30.2781677246094 30.2057495117188 30.0853328704834 29.9890003204346 29.9064159393311 29.8193340301514 29.7081661224365 29.6275825500488 29.5098342895508 29.3374176025391 29.1295833587646
-3.4e+38 -3.4e+38 -3.4e+38 -3.4e+38 31.2037506103516 31.1485004425049 31.1185836791992 31.1009998321533 30.9377498626709 30.859167098999 30.9696674346924 30.9957504272461 30.9078330993652 30.8926677703857 30.6853332519531 30.9284172058105 31.1469173431396 31.2497501373291 31.3067493438721 31.3585834503174 31.363000869751 31.3604164123535 31.3206653594971 31.2969989776611 31.2350006103516 31.1940841674805 31.1860828399658 31.1660823822021 31.1356678009033 31.0030002593994 30.8996658325195 30.7731666564941 30.7880840301514 30.7518329620361 30.7636661529541 30.7527503967285 30.6520824432373 30.5687503814697 30.5069999694824 30.4198341369629 30.3396663665771 30.3494987487793 30.2304992675781 30.1167488098145 30.0012493133545 29.9109172821045 29.8340835571289 29.7956676483154 29.7504997253418 29.658166885376 29.4996662139893 29.3206672668457
-3.4e+38 -3.4e+38 -3.4e+38 -3.4e+38 -3.4e+38 31.1925830841064 31.2115840911865 31.2062492370605 31.0775833129883 30.8380832672119 30.9889163970947 31.1179161071777 31.0805835723877 30.9557495117188 30.7372512817383 30.8654174804688 31.1334171295166 31.2570838928223 31.3134174346924 31.3273334503174 31.3938331604004 31.420166015625 31.3910007476807 31.3535823822021 31.2477493286133 31.2395839691162 31.1957511901855 31.1724166870117 31.1442489624023 31.0728340148926 31.0261669158936 30.8763332366943 30.8032493591309 30.8045825958252 30.8047504425049 30.8269176483154 30.7283344268799 30.648832321167 30.5573329925537 30.4420833587646 30.3523330688477 30.2958335876465 30.2105827331543 30.1240825653076 30.0563335418701 29.9500827789307 29.9039993286133 29.8745002746582 29.8434162139893 29.7740001678467 29.6714992523193 29.5672492980957
-3.4e+38 -3.4e+38 -3.4e+38 -3.4e+38 -3.4e+38 31.2652492523193 31.2655830383301 31.2377510070801 31.1725006103516 30.8978328704834 30.9811668395996 31.1799163818359 31.1890830993652 31.0870819091797 30.9836673736572 30.8949165344238 31.0219173431396 31.2451667785645 31.283332824707 31.2994174957275 31.3991661071777 31.441499710083 31.4236660003662 31.3734169006348 31.3299999237061 31.3265838623047 31.2226676940918 31.1937484741211 31.1318321228027 31.1109161376953 31.1012496948242 31.0131664276123 30.8675003051758 30.8291664123535 30.8400840759277 30.876916885376 30.7798328399658 30.710916519165 30.611499786377 30.5110836029053 30.4183330535889 30.3265838623047 30.2609157562256 30.1639995574951 30.0676670074463 30.0087509155273 29.9654178619385 29.9636669158936 29.8983325958252 29.8537502288818 29.8132495880127 29.7398338317871
-3.4e+38 -3.4e+38 -3.4e+38 -3.4e+38 -3.4e+38 -3.4e+38 31.2959175109863 31.2545833587646 31.2136669158936 30.9816665649414 30.9562492370605 31.1603336334229 31.2825832366943 31.2156658172607 31.0195007324219 30.9169178009033 30.9930839538574 31.1835842132568 31.3118324279785 31.3460826873779 31.4145832061768 31.488582611084 31.390251159668 31.3712501525879 31.3911666870117 31.3098335266113 31.2801666259766 31.2330837249756 31.1425838470459 31.1120834350586 31.1114158630371 31.0307502746582 30.9144992828369 30.8554172515869 30.8575000762939 30.888334274292 30.793083190918 30.6943340301514 30.6346664428711 30.5592498779297 30.4678325653076 30.3880844116211 30.3047504425049 30.2028331756592 30.1495838165283 30.0884170532227 30.0375003814697 30.0154991149902 29.9745826721191 29.9403343200684 29.8956661224365 29.8630828857422
-3.4e+38 -3.4e+38 -3.4e+38 -3.4e+38 -3.4e+38 -3.4e+38 31.3540840148926 31.3386669158936 31.2805004119873 31.1508331298828 31.173999786377 31.28125 31.3567504882812 31.2285003662109 31.1145000457764 30.9664993286133 30.9966659545898 31.1888332366943 31.3169994354248 31.3880844116211 31.456916809082 31.4527492523193 31.3869171142578 31.4604167938232 31.4313335418701 31.3446655273438 31.3295822143555 31.2541656494141 31.1655006408691 31.1224994659424 31.0874996185303 30.9816665649414 30.9089164733887 30.8649997711182 30.8371658325195 30.8320007324219 30.7398338317871 30.673583984375 30.6222496032715 30.5555839538574 30.4462509155273 30.3640823364258 30.3339176177979 30.2419166564941 30.1830825805664 30.1296672821045 30.1265830993652 30.1049156188965 30.0949172973633 30.0593338012695 30.083667755127 30.0408325195312
-3.4e+38 -3.4e+38 -3.4e+38 -3.4e+38 -3.4e+38 -3.4e+38 -3.4e+38 31.4284172058105 31.4243335723877 31.3810005187988 31.2933330535889 31.3334999084473 31.4451675415039 31.3611679077148 31.1372489929199 31.0894165039062 31.0189170837402 31.2129993438721 31.3350830078125 31.4343338012695 31.4624176025391 31.4144992828369 31.4753341674805 31.4109992980957 31.3915004730225 31.3780002593994 31.2780838012695 31.2258338928223 31.1516666412354 31.1462497711182 31.0450000762939 31.0246658325195 30.9917507171631 30.9015007019043 30.8525009155273 30.7586669921875 30.706916809082 30.6320838928223 30.5869178771973 30.5228328704834 30.4593334197998 30.4029998779297 30.3071670532227 30.2469177246094 30.2167510986328 30.2279167175293 30.2194175720215 30.2008323669434 30.1750831604004 30.2117500305176 30.2576675415039 30.2119159698486
-3.4e+38 -3.4e+38 -3.4e+38 -3.4e+38 -3.4e+38 -3.4e+38 -3.4e+38 -3.4e+38 31.5 31.4697494506836 31.4428329467773 31.4362487792969 31.5693340301514 31.4615840911865 31.3377494812012 31.1711673736572 31.1757507324219 31.142915725708 31.3263320922852 31.355749130249 31.4204998016357 31.4486675262451 31.4070835113525 31.3540840148926 31.4052505493164 31.3234996795654 31.2993335723877 31.2162494659424 31.1770839691162 31.0789165496826 31.0361671447754 31.0077495574951 30.9672508239746 30.876916885376 30.8158340454102 30.7285823822021 30.7061672210693 30.6014156341553 30.525333404541 30.4819164276123 30.4448337554932 30.4233341217041 30.3662490844727 30.2846660614014 30.2740821838379 30.2845001220703 30.2674999237061 30.2648334503174 30.2652492523193 30.2813339233398 30.331750869751 30.2994174957275
-3.4e+38 -3.4e+38 -3.4e+38 -3.4e+38 -3.4e+38 -3.4e+38 -3.4e+38 -3.4e+38 -3.4e+38 31.6274166107178 31.5437507629395 31.5044994354248 31.6700000762939 31.4510822296143 31.2877502441406 31.4394989013672 31.2034168243408 31.2233333587646 31.2983341217041 31.3626670837402 31.4035835266113 31.4175834655762 31.4214992523193 31.359001159668 31.3546676635742 31.2949161529541 31.2434158325195 31.1358337402344 31.1013336181641 31.0239162445068 30.9799175262451 30.9688339233398 30.9112491607666 30.7824172973633 30.7355003356934 30.6864166259766 30.6843338012695 30.6495838165283 30.5403327941895 30.5513343811035 30.5441665649414 30.488166809082 30.4405002593994 30.4013328552246 30.3920001983643 30.3349990844727 30.3098335266113 30.3130836486816 30.3152503967285 30.3249988555908 30.3115825653076 30.2690010070801
-3.4e+38 -3.4e+38 -3.4e+38 -3.4e+38 -3.4e+38 -3.4e+38 -3.4e+38 -3.4e+38 -3.4e+38 -3.4e+38 31.7553329467773 31.7434997558594 31.7950839996338 31.5771675109863 31.5881671905518 31.6074180603027 31.3459167480469 31.4601669311523 31.472583770752 31.4245834350586 31.3830833435059 31.4044170379639 31.38450050354 31.3325843811035 31.3097496032715 31.2384166717529 31.1975841522217 31.0808334350586 31.0229167938232 30.9600830078125 30.9299163818359 30.865083694458 30.7914180755615 30.6845836639404 30.6452503204346 30.6008338928223 30.5865001678467 30.5812511444092 30.6035003662109 30.6099166870117 30.5948333740234 30.5915832519531 30.5438327789307 30.4938335418701 30.4467506408691 30.3858337402344 30.3348331451416 30.3207511901855 30.3090839385986 30.3094177246094 30.2997493743896 30.2057495117188
-3.4e+38 -3.4e+38 -3.4e+38 -3.4e+38 -3.4e+38 -3.4e+38 -3.4e+38 -3.4e+38 -3.4e+38 -3.4e+38 -3.4e+38 -3.4e+38 -3.4e+38 31.913667678833 31.775333404541 31.6436672210693 31.4524993896484 31.671667098999 31.6348342895508 31.5914993286133 31.2924175262451 31.2870826721191 31.2936668395996 31.2862510681152 31.2759170532227 31.2379169464111 31.1133327484131 31.0480003356934 30.9705829620361 30.900749206543 30.8374176025391 30.6759166717529 30.6548328399658 30.6073341369629 30.564582824707 30.560417175293 30.5810832977295 30.5978336334229 30.6157493591309 30.644832611084 30.6365833282471 30.6603336334229 30.630916595459 30.5790004730225 30.4994163513184 30.4354991912842 30.3573341369629 30.3119163513184 30.2959175109863 30.2641677856445 30.2191677093506 30.1711673736572
-3.4e+38 -3.4e+38 -3.4e+38 -3.4e+38 -3.4e+38 -3.4e+38 -3.4e+38 -3.4e+38 -3.4e+38 -3.4e+38 -3.4e+38 -3.4e+38 -3.4e+38 -3.4e+38 -3.4e+38 31.7771663665771 31.7739162445068 31.8799171447754 31.783748626709 31.4969997406006 31.2229995727539 31.2299156188965 31.2941665649414 31.3329162597656 31.2059173583984 31.11549949646 31.0165004730225 30.9212493896484 30.796667098999 30.6240844726562 30.6042499542236 30.5639991760254 30.6119995117188 30.6014175415039 30.5273342132568 30.5913333892822 30.6176662445068 30.6200008392334 30.621166229248 30.6590003967285 30.6647510528564 30.6824989318848 30.6637496948242 30.6324996948242 30.5353336334229 30.4827499389648 30.4037494659424 30.322416305542 30.2695827484131 30.2196674346924 30.1785011291504 30.1142501831055
-3.4e+38 -3.4e+38 -3.4e+38 -3.4e+38 -3.4e+38 -3.4e+38 -3.4e+38 -3.4e+38 -3.4e+38 -3.4e+38 -3.4e+38 -3.4e+38 -3.4e+38 -3.4e+38 -3.4e+38 31.9848327636719 32.0502510070801 31.9498329162598 31.7129993438721 31.5368328094482 31.3409175872803 31.4274997711182 31.4291667938232 31.4170837402344 31.2355842590332 31.0716667175293 30.976167678833 30.82200050354 30.5326671600342 30.5399169921875 30.5579166412354 30.6153335571289 30.6043338775635 30.5978336334229 30.5828323364258 30.5764999389648 30.6005840301514 30.6077499389648 30.624584197998 30.6425838470459 30.6264171600342 30.6282501220703 30.6276664733887 30.6114158630371 30.547248840332 30.4865837097168 30.4312496185303 30.3440837860107 30.2749996185303 30.2182502746582 30.1531658172607 30.0957508087158
-3.4e+38 -3.4e+38 -3.4e+38 -3.4e+38 -3.4e+38 -3.4e+38 -3.4e+38 -3.4e+38 -3.4e+38 -3.4e+38 -3.4e+38 -3.4e+38 -3.4e+38 -3.4e+38 -3.4e+38 -3.4e+38 32.1074981689453 31.8873329162598 31.6707496643066 31.4351673126221 31.5236663818359 31.5503330230713 31.527416229248 31.3934173583984 31.2319164276123 31.1345825195312 31.013500213623 30.7982501983643 30.5361671447754 30.5195827484131 30.5216674804688 30.570499420166 30.5773334503174 30.5928325653076 30.5729160308838 30.6169166564941 30.6060829162598 30.6430835723877 30.6502494812012 30.6184997558594 30.5949172973633 30.6034164428711 30.5828342437744 30.5726661682129 30.5446662902832 30.4923324584961 30.4392490386963 30.3611679077148 30.2888336181641 30.2314167022705 30.1520004272461 30.0866661071777
-3.4e+38 -3.4e+38 -3.4e+38 -3.4e+38 -3.4e+38 -3.4e+38 -3.4e+38 -3.4e+38 -3.4e+38 -3.4e+38 -3.4e+38 -3.4e+38 -3.4e+38 -3.4e+38 -3.4e+38 -3.4e+38 31.8090839385986 31.5834159851074 31.5195827484131 31.5804996490479 31.5202503204346 31.5953330993652 31.5548324584961 31.3918342590332 31.3479156494141 31.1515007019043 30.9912490844727 30.7414169311523 30.5428333282471 30.5226669311523 30.5344161987305 30.5536670684814 30.5322494506836 30.5281677246094 30.5528335571289 30.6284160614014 30.6449165344238 30.6464176177979 30.6546669006348 30.6420822143555 30.5909996032715 30.5674171447754 30.5528335571289 30.5511665344238 30.5290832519531 30.5064163208008 30.456916809082 30.4085826873779 30.3366661071777 30.2950839996338 30.193000793457 30.1024169921875
-3.4e+38 -3.4e+38 -3.4e+38 -3.4e+38 -3.4e+38 -3.4e+38 -3.4e+38 -3.4e+38 -3.4e+38 -3.4e+38 -3.4e+38 -3.4e+38 -3.4e+38 -3.4e+38 -3.4e+38 -3.4e+38 31.8684158325195 31.630916595459 31.6223335266113 31.685001373291 31.5820007324219 31.5594997406006 31.5643329620361 31.4944152832031 31.3325004577637 31.1552505493164 30.935583114624 30.6241664886475 30.4800834655762 30.4673328399658 30.4644165039062 30.5041675567627 30.4882507324219 30.5056667327881 30.5519161224365 30.5972499847412 30.6746673583984 30.707332611084 30.6767501831055 30.6389999389648 30.605167388916 30.5689163208008 30.5535831451416 30.5353336334229 30.5295009613037 30.5204162597656 30.494083404541 30.4802494049072 30.4580841064453 30.3807506561279 30.3114986419678 30.1936664581299
-3.4e+38 -3.4e+38 -3.4e+38 -3.4e+38 -3.4e+38 -3.4e+38 -3.4e+38 -3.4e+38 -3.4e+38 -3.4e+38 -3.4e+38 -3.4e+38 -3.4e+38 -3.4e+38 -3.4e+38 32.0244178771973 31.7823333740234 31.6684169769287 31.6648330688477 31.744083404541 31.6291656494141 31.580415725708 31.5219993591309 31.4437503814697 31.3070831298828 31.1220836639404 30.8833332061768 30.545166015625 30.4401664733887 30.4206657409668 30.3914165496826 30.3955821990967 30.3920822143555 30.4409999847412 30.5874176025391 30.7005844116211 30.7217502593994 30.7423324584961 30.7211666107178 30.6535835266113 30.6145839691162 30.5875835418701 30.5754165649414 30.5750007629395 30.562084197998 30.5694160461426 30.5915832519531 30.6262493133545 30.6296672821045 30.5656661987305 30.4492492675781 30.341833114624
-3.4e+38 -3.4e+38 -3.4e+38 -3.4e+38 -3.4e+38 -3.4e+38 -3.4e+38 -3.4e+38 -3.4e+38 -3.4e+38 -3.4e+38 -3.4e+38 -3.4e+38 -3.4e+38 -3.4e+38 31.9271659851074 31.8145008087158 31.6135845184326 31.7001667022705 31.7782497406006 31.6952495574951 31.65625 31.5279998779297 31.3949165344238 31.2784996032715 31.1163330078125 30.8574161529541 30.4993324279785 30.4317493438721 30.3808345794678 30.3534164428711 30.3409175872803 30.3787498474121 30.4797496795654 30.6929168701172 30.8425827026367 30.8070011138916 30.7804164886475 30.7433338165283 30.6812496185303 30.6255836486816 30.5976657867432 30.5904998779297 30.5905838012695 30.6157493591309 30.6529159545898 30.7084159851074 30.7416667938232 30.74391746521 30.6846675872803 30.5701675415039 30.4584159851074
-3.4e+38 -3.4e+38 -3.4e+38 -3.4e+38 -3.4e+38 -3.4e+38 -3.4e+38 -3.4e+38 -3.4e+38 -3.4e+38 -3.4e+38 -3.4e+38 -3.4e+38 -3.4e+38 -3.4e+38 -3.4e+38 31.7483329772949 31.6889171600342 31.7605838775635 31.761833190918 31.7441673278809 31.6045837402344 31.4270000457764 31.3090000152588 31.1772499084473 30.9974994659424 30.8640842437744 30.4955005645752 30.4262504577637 30.4046669006348 30.3643341064453 30.3873329162598 30.4584999084473 30.6192493438721 30.8058338165283 30.8976669311523 30.8784160614014 30.8250007629395 30.7613334655762 30.6897506713867 30.6348342895508 30.6117496490479 30.597749710083 30.6070003509521 30.6648330688477 30.7420825958252 30.8190002441406 30.8725833892822 30.8661670684814 30.8579998016357 30.7726669311523 30.6498336791992
-3.4e+38 -3.4e+38 -3.4e+38 -3.4e+38 -3.4e+38 -3.4e+38 -3.4e+38 -3.4e+38 -3.4e+38 -3.4e+38 -3.4e+38 -3.4e+38 -3.4e+38 -3.4e+38 -3.4e+38 -3.4e+38 -3.4e+38 31.7779159545898 31.8209991455078 31.7074165344238 31.5772495269775 31.4603328704834 31.3601665496826 31.2642498016357 31.1386661529541 31.054500579834 30.9365825653076 30.6022491455078 30.4624176025391 30.4494171142578 30.3867492675781 30.47216796875 30.5665836334229 30.6732501983643 30.7902507781982 30.8390827178955 30.8542499542236 30.8108329772949 30.7502498626709 30.6999168395996 30.6650829315186 30.6598339080811 30.6752510070801 30.6791667938232 30.765832901001 30.8443336486816 30.9153327941895 30.9496669769287 30.9823341369629 30.9577503204346 30.890417098999 30.7424163818359
-3.4e+38 -3.4e+38 -3.4e+38 -3.4e+38 -3.4e+38 -3.4e+38 -3.4e+38 -3.4e+38 -3.4e+38 -3.4e+38 -3.4e+38 -3.4e+38 -3.4e+38 -3.4e+38 -3.4e+38 -3.4e+38 -3.4e+38 31.8409156799316 31.6453342437744 31.515832901001 31.3770008087158 31.2926654815674 31.2102508544922 31.2666664123535 31.298999786377 31.1307506561279 30.989917755127 30.9037494659424 30.8014163970947 30.5722503662109 30.423999786377 30.4867496490479 30.5965003967285 30.7012500762939 30.8028335571289 30.8646659851074 30.8467502593994 30.802583694458 30.7520008087158 30.7170009613037 30.6973323822021 30.6820831298828 30.7059173583984 30.7354164123535 30.7769165039062 30.857250213623 30.935417175293 31.0025005340576 31.0354175567627 30.9911670684814 30.9113330841064 30.7933330535889
