layers/tmean11.asc
NCOLS 421 
NROWS 354 
XLLCORNER -106.645833332895 
YLLCORNER 25.8541666666667 
CELLSIZE 0.0416666666669039 
NODATA_value -3.4e+38 
[rows 115 to 137 of 354, columns 156 to 207 of 421]
15.4622077941895 15.5231666564941 15.5959167480469 15.6529588699341 15.6477499008179 15.6932497024536 15.736499786377 15.7674999237061 15.7757501602173 15.8226671218872 15.7973337173462 15.8159170150757 15.8062086105347 15.8214168548584 15.9554586410522 16.0637912750244 16.0389175415039 15.9987497329712 15.9832077026367 16.0256671905518 16.0241241455078 16.1419162750244 16.1740417480469 16.0337924957275 16.0183334350586 16.0202503204346 16.0655841827393 15.9563751220703 15.9402914047241 16.0578746795654 16.0771675109863 16.0258750915527 16.0685405731201 16.105167388916 16.2196254730225 16.2259578704834 16.1162910461426 16.0956249237061 16.124584197998 16.1215839385986 16.0562496185303 16.0200424194336 16.023416519165 16.0041255950928 16.0685405731201 16.1627502441406 16.1882076263428 16.2153739929199 16.2368755340576 16.2511672973633 16.2847499847412 16.3081665039062
15.4963750839233 15.6303749084473 15.7535419464111 15.8119583129883 15.853666305542 15.8837919235229 15.946457862854 15.9740419387817 15.9251251220703 16.0185413360596 16.0446662902832 16.0108757019043 16.0001659393311 15.9898338317871 16.0608329772949 16.1089992523193 16.1664581298828 16.2068328857422 16.1561660766602 16.1639995574951 16.1686668395996 16.2318744659424 16.2387924194336 16.2020416259766 16.2050838470459 16.2053337097168 16.1960411071777 16.0961666107178 16.0267086029053 16.0229587554932 16.1201667785645 16.1056251525879 16.1322498321533 16.1433753967285 16.1883335113525 16.2281665802002 16.2628746032715 16.1440410614014 16.0568332672119 16.0634994506836 16.066333770752 16.0683746337891 16.115291595459 16.1160831451416 16.1062088012695 16.1039581298828 16.1594161987305 16.2125835418701 16.2237491607666 16.2292919158936 16.2600421905518 16.3299579620361
15.6653747558594 15.6759996414185 15.7029161453247 15.7901248931885 15.8583335876465 15.9556245803833 16.0342082977295 16.0725002288818 16.1494579315186 16.2019157409668 16.2662906646729 16.3009586334229 16.2725830078125 16.2204170227051 16.1266670227051 16.1942081451416 16.1648750305176 16.2230834960938 16.3077087402344 16.3142910003662 16.3032093048096 16.2910423278809 16.3467082977295 16.3706245422363 16.3137912750244 16.3188743591309 16.2292079925537 16.2143325805664 16.2108325958252 16.156042098999 16.1487503051758 16.1903324127197 16.1772918701172 16.2110424041748 16.1717910766602 16.1957492828369 16.2276248931885 16.2003326416016 16.083625793457 16.0418338775635 16.0265827178955 16.0788745880127 16.1455001831055 16.1876659393311 16.1696243286133 16.1231250762939 16.1498756408691 16.2135829925537 16.220666885376 16.2044582366943 16.2299575805664 16.3337917327881
15.6366672515869 15.7089996337891 15.7123336791992 15.7168750762939 15.8609580993652 15.9951248168945 16.1291255950928 16.1828746795654 16.2674160003662 16.3149585723877 16.2780838012695 16.3990001678467 16.4040412902832 16.3560409545898 16.1930408477783 16.2148323059082 16.2379169464111 16.281042098999 16.3180408477783 16.3999156951904 16.4215831756592 16.4109153747559 16.3883743286133 16.4162502288818 16.4202079772949 16.3994159698486 16.2977085113525 16.2340412139893 16.2396659851074 16.2164173126221 16.2202491760254 16.1998748779297 16.2693748474121 16.269416809082 16.1972923278809 16.1522083282471 16.2118740081787 16.2707080841064 16.2218322753906 16.0862503051758 16.0362911224365 16.1079158782959 16.1647911071777 16.2103748321533 16.191499710083 16.1789588928223 16.2082500457764 16.1886253356934 16.1564998626709 16.1565418243408 16.2327499389648 16.3122081756592
15.6840000152588 15.7074995040894 15.7772083282471 15.865083694458 15.9459581375122 15.9664583206177 16.0686664581299 16.1710414886475 16.2893753051758 16.3680839538574 16.4573745727539 16.470832824707 16.4145011901855 16.3921241760254 16.310375213623 16.2762489318848 16.2893333435059 16.312084197998 16.3572082519531 16.3670425415039 16.4622497558594 16.5413341522217 16.4596672058105 16.4243755340576 16.4348335266113 16.4660415649414 16.3682918548584 16.2674999237061 16.242166519165 16.222957611084 16.2582912445068 16.2313747406006 16.232873916626 16.283166885376 16.2979164123535 16.2163753509521 16.1795425415039 16.2636260986328 16.3430423736572 16.1824588775635 16.1508331298828 16.2121257781982 16.2024574279785 16.201416015625 16.1742076873779 16.1609992980957 16.161958694458 16.1648750305176 16.1133327484131 16.0940837860107 16.095458984375 16.17799949646
15.7703332901001 15.7821245193481 15.8743333816528 15.9498329162598 15.9170417785645 15.902458190918 16.0722503662109 16.2259578704834 16.2646255493164 16.378999710083 16.4326248168945 16.410041809082 16.4629173278809 16.4332504272461 16.3762512207031 16.3128337860107 16.3093338012695 16.3379592895508 16.3497085571289 16.423583984375 16.5244159698486 16.5968742370605 16.5779991149902 16.5717086791992 16.5067081451416 16.4970417022705 16.4766254425049 16.3137912750244 16.2783756256104 16.2025413513184 16.2155418395996 16.2867488861084 16.2782917022705 16.2709579467773 16.2788753509521 16.3081665039062 16.2747917175293 16.2679176330566 16.3792495727539 16.4800834655762 16.3360843658447 16.3277912139893 16.2957496643066 16.2692489624023 16.1938323974609 16.1552085876465 16.1257076263428 16.0821666717529 16.0319156646729 16.0764999389648 16.1130409240723 16.16237449646
15.9592084884644 15.9886255264282 15.9436664581299 15.9176664352417 15.9480838775635 15.9605417251587 16.150707244873 16.1904163360596 16.1317501068115 16.3049163818359 16.3820419311523 16.3985843658447 16.4540004730225 16.4582920074463 16.4644584655762 16.3731670379639 16.351375579834 16.3219165802002 16.3530826568604 16.4422512054443 16.5089168548584 16.6058330535889 16.6498756408691 16.6886253356934 16.6863346099854 16.6057090759277 16.5514163970947 16.4655418395996 16.3156661987305 16.2116241455078 16.2447910308838 16.3622074127197 16.4279174804688 16.3501663208008 16.2473754882812 16.2531242370605 16.3691673278809 16.4631252288818 16.4533748626709 16.5016250610352 16.4737091064453 16.4672508239746 16.4209575653076 16.3488750457764 16.2985420227051 16.1967086791992 16.1572093963623 16.0610408782959 16.0160827636719 16.0672492980957 16.1136245727539 16.1354999542236
16.1659164428711 16.1818332672119 16.109167098999 16.1675834655762 16.1447086334229 16.1124591827393 16.1879577636719 16.2963752746582 16.3577079772949 16.3041248321533 16.3096675872803 16.3736248016357 16.4933338165283 16.5422496795654 16.5435829162598 16.4798755645752 16.4156246185303 16.36887550354 16.405834197998 16.4756660461426 16.5523338317871 16.6342906951904 16.6952495574951 16.7035827636719 16.7467079162598 16.8019580841064 16.7120838165283 16.5532073974609 16.5081253051758 16.4130001068115 16.4202079772949 16.4810009002686 16.5623340606689 16.5075416564941 16.3768749237061 16.2834587097168 16.3115406036377 16.3528327941895 16.4013328552246 16.4463329315186 16.4049167633057 16.3647079467773 16.3172073364258 16.2759990692139 16.2879161834717 16.2915000915527 16.2038745880127 16.1300411224365 16.1122913360596 16.125 16.0907077789307 16.0885829925537
16.2236251831055 16.306791305542 16.3509159088135 16.3482074737549 16.3546257019043 16.3760414123535 16.3706245422363 16.4421672821045 16.4743328094482 16.3983745574951 16.3927917480469 16.453540802002 16.490083694458 16.4634170532227 16.4772071838379 16.4635410308838 16.4959583282471 16.5391674041748 16.5125827789307 16.5834178924561 16.6479167938232 16.6861667633057 16.7257499694824 16.7832508087158 16.8057079315186 16.86891746521 16.8817501068115 16.75 16.6836242675781 16.7179584503174 16.6626663208008 16.5968742370605 16.584041595459 16.5289173126221 16.4888324737549 16.3252906799316 16.3544158935547 16.3552913665771 16.3691673278809 16.3423748016357 16.3543758392334 16.3585414886475 16.2977504730225 16.2269992828369 16.2268333435059 16.2845420837402 16.300666809082 16.2929573059082 16.2915000915527 16.2669162750244 16.216667175293 16.1910419464111
16.2860412597656 16.3668327331543 16.3779163360596 16.452917098999 16.5462493896484 16.5463752746582 16.601541519165 16.5930423736572 16.5247917175293 16.5637912750244 16.503791809082 16.515625 16.537166595459 16.52174949646 16.4595832824707 16.4711246490479 16.5516662597656 16.6002082824707 16.591625213623 16.6317081451416 16.679500579834 16.7396259307861 16.7732086181641 16.8120002746582 16.861499786377 16.9826240539551 17.023416519165 16.9781665802002 16.8688335418701 16.8444995880127 16.8509578704834 16.7394580841064 16.6440010070801 16.5755004882812 16.5980834960938 16.5342082977295 16.531042098999 16.454833984375 16.4404163360596 16.4172077178955 16.371208190918 16.445333480835 16.4347076416016 16.3157920837402 16.2186260223389 16.2201251983643 16.2426662445068 16.2870006561279 16.3698749542236 16.4564990997314 16.4447917938232 16.4386253356934
16.3991241455078 16.4761257171631 16.5329990386963 16.5249176025391 16.5823745727539 16.6509990692139 16.6910419464111 16.6870002746582 16.5591239929199 16.6387920379639 16.5728340148926 16.6034164428711 16.5650825500488 16.5959167480469 16.5101661682129 16.5142917633057 16.5603332519531 16.632791519165 16.6590003967285 16.665958404541 16.6983757019043 16.7095413208008 16.7150001525879 16.7745838165283 16.8942089080811 16.9731674194336 17.0269165039062 17.0116672515869 16.9733753204346 16.8829174041748 16.9027500152588 16.842041015625 16.7679576873779 16.6806659698486 16.6710414886475 16.6503753662109 16.5826244354248 16.5492916107178 16.4758758544922 16.4513740539551 16.3552913665771 16.4169158935547 16.5457496643066 16.4442920684814 16.3309593200684 16.27512550354 16.2910842895508 16.3565006256104 16.3757076263428 16.3898334503174 16.5130004882812 16.5640411376953
16.4827079772949 16.5102500915527 16.5584583282471 16.6731243133545 16.6897926330566 16.6266250610352 16.7238750457764 16.6339168548584 16.6359577178955 16.6627502441406 16.6113739013672 16.6937923431396 16.7037906646729 16.7390422821045 16.6472911834717 16.6255416870117 16.5889587402344 16.6582088470459 16.718957901001 16.7087078094482 16.82200050354 16.8118743896484 16.7923755645752 16.779333114624 16.8624172210693 16.9499588012695 16.9500007629395 16.9272499084473 16.961124420166 16.9560413360596 16.9458751678467 16.9108333587646 16.8471660614014 16.7832508087158 16.724666595459 16.732250213623 16.7012920379639 16.6857089996338 16.6145420074463 16.5463333129883 16.4237079620361 16.4911670684814 16.5604591369629 16.5322914123535 16.4377918243408 16.4192085266113 16.3740425109863 16.3627071380615 16.3880405426025 16.4385833740234 16.4876251220703 16.5669994354248
16.6274585723877 16.6354160308838 16.6797504425049 16.7314987182617 16.7527503967285 16.6747093200684 16.7319164276123 16.6859588623047 16.675666809082 16.7055835723877 16.6679153442383 16.7475414276123 16.7996673583984 16.8191661834717 16.7752914428711 16.767541885376 16.7255001068115 16.8469161987305 16.9010009765625 16.8395843505859 16.8999996185303 16.8801250457764 16.8710422515869 16.8645420074463 16.8630828857422 16.8911666870117 16.9134159088135 16.9397087097168 16.9370422363281 16.9307079315186 16.9715003967285 16.9901676177979 16.8953742980957 16.8744583129883 16.8214168548584 16.8002090454102 16.773416519165 16.7886257171631 16.7681255340576 16.6567916870117 16.5850009918213 16.5499591827393 16.5585823059082 16.6227493286133 16.6014595031738 16.5564994812012 16.5065002441406 16.4892921447754 16.4718341827393 16.4152088165283 16.5172500610352 16.6373748779297
16.5785007476807 16.5947074890137 16.618709564209 16.6431255340576 16.6615829467773 16.6637496948242 16.6070003509521 16.5590419769287 16.6041240692139 16.6239166259766 16.6805839538574 16.7350406646729 16.7730407714844 16.8723754882812 16.8772087097168 16.792667388916 16.831958770752 16.9764995574951 17.017915725708 17.0169162750244 17.0737075805664 17.0114994049072 16.9424591064453 16.9440841674805 16.9109592437744 16.8962497711182 16.9347915649414 16.9589996337891 16.9660415649414 16.9810409545898 16.9845428466797 16.9930839538574 17.0279159545898 16.9464588165283 16.94704246521 16.806791305542 16.8159160614014 16.8549995422363 16.8244590759277 16.7839584350586 16.7490005493164 16.6108741760254 16.605583190918 16.6106662750244 16.7003326416016 16.6222496032715 16.5686664581299 16.5716667175293 16.5999584197998 16.5931243896484 16.650541305542 16.6820011138916
16.5753746032715 16.730541229248 16.7120838165283 16.6319580078125 16.6489162445068 16.629207611084 16.5218753814697 16.5317077636719 16.5655841827393 16.5993328094482 16.6387920379639 16.6938343048096 16.7469577789307 16.8808746337891 16.9678344726562 16.885124206543 16.8725833892822 16.9925422668457 17.1167087554932 17.1570415496826 17.1627082824707 17.1741676330566 17.1202907562256 17.0479583740234 16.9816665649414 16.9894580841064 16.9440002441406 16.9438343048096 16.9579582214355 16.9654579162598 16.988208770752 17.0379161834717 17.0803756713867 17.1035423278809 17.0208339691162 16.9201240539551 16.8887920379639 16.8474159240723 16.8064994812012 16.8748340606689 16.8139991760254 16.7320823669434 16.6681251525879 16.6922912597656 16.7120838165283 16.6510829925537 16.5774993896484 16.5931663513184 16.6530418395996 16.7200832366943 16.7333335876465 16.672082901001
16.7428340911865 16.752124786377 16.8936672210693 16.8444175720215 16.6504993438721 16.605375289917 16.5073337554932 16.5160827636719 16.5675830841064 16.5974998474121 16.6520004272461 16.7332077026367 16.8229160308838 17.0113334655762 17.0532073974609 17.1185836791992 17.0862922668457 16.9968338012695 17.1162090301514 17.1692085266113 17.2011661529541 17.1963748931885 17.1791248321533 17.1424999237061 17.0604572296143 17.0647506713867 17.0263328552246 17.0091247558594 16.986457824707 17.0359992980957 17.0638751983643 17.0624160766602 17.0493755340576 17.1728744506836 17.1307926177979 16.9983329772949 16.9775009155273 16.890832901001 16.8752498626709 16.8792495727539 16.8843746185303 16.818208694458 16.7426662445068 16.730167388916 16.7040843963623 16.7030010223389 16.6148738861084 16.6528759002686 16.6761245727539 16.6980838775635 16.7242088317871 16.6477088928223
17.0435009002686 16.9488334655762 16.8434162139893 16.9513339996338 16.818208694458 16.7188758850098 16.6985416412354 16.5872917175293 16.6132507324219 16.816333770752 17.0475826263428 17.0725002288818 17.0934162139893 17.0816249847412 17.0698757171631 17.0999164581299 17.1899166107178 17.2122497558594 17.1804580688477 17.1884574890137 17.1832504272461 17.2173328399658 17.2122497558594 17.2250423431396 17.18137550354 17.173957824707 17.125415802002 17.1263751983643 17.1973743438721 17.1762504577637 17.15016746521 17.1630840301514 17.1994571685791 17.2553749084473 17.2202911376953 17.1281661987305 17.0399990081787 16.9619998931885 16.9332084655762 16.930082321167 16.9222087860107 16.9039173126221 16.8756256103516 16.8177909851074 16.7346668243408 16.6544990539551 16.6472091674805 16.636999130249 16.6590843200684 16.7046241760254 16.7096672058105 16.5822906494141
17.031042098999 17.1366672515869 17.0304584503174 17.0128746032715 17.0341243743896 16.8726253509521 16.9114589691162 16.8194580078125 16.8997917175293 16.8659591674805 16.9497909545898 17.0385417938232 17.0885410308838 17.2725830078125 17.2094993591309 17.0807495117188 17.1452503204346 17.2275409698486 17.3255825042725 17.288875579834 17.2523746490479 17.2549591064453 17.2924175262451 17.3228340148926 17.2765827178955 17.2496242523193 17.2117500305176 17.2154998779297 17.2372074127197 17.3090419769287 17.2884578704834 17.2409992218018 17.2523746490479 17.2825412750244 17.1529579162598 17.0655002593994 17.0079174041748 16.9789161682129 16.9496250152588 17.0058746337891 17.0068340301514 16.9402084350586 16.8985424041748 16.8527927398682 16.7784175872803 16.687915802002 16.6272926330566 16.652624130249 16.7065010070801 16.7491245269775 16.7488327026367 16.6861667633057
17.2466259002686 17.2295837402344 17.1670417785645 17.2048759460449 17.1986236572266 17.0517082214355 17.0997924804688 16.9057083129883 17.0711669921875 17.16237449646 17.1351661682129 17.1610412597656 17.2758750915527 17.3254165649414 17.2340831756592 17.1520824432373 17.2246246337891 17.2988758087158 17.33424949646 17.3745403289795 17.2589588165283 17.260124206543 17.3110408782959 17.3775424957275 17.3905410766602 17.3363342285156 17.3105010986328 17.3122081756592 17.335958480835 17.3577499389648 17.3757076263428 17.3711242675781 17.3422908782959 17.2018756866455 17.140417098999 17.1136245727539 17.0445003509521 17.0349998474121 17.0832500457764 17.0783748626709 17.0670833587646 17.0588340759277 17.0398330688477 16.9580841064453 16.8635005950928 16.7922916412354 16.7385425567627 16.7291660308838 16.7541255950928 16.8004169464111 16.8182907104492 16.8065414428711
17.3775424957275 17.3596248626709 17.2884578704834 17.3044166564941 17.2096672058105 17.2383327484131 17.2351245880127 17.2199573516846 17.2621669769287 17.2581253051758 17.3227500915527 17.3349170684814 17.2932090759277 17.3628330230713 17.2750415802002 17.2123336791992 17.2015419006348 17.1789169311523 17.2888336181641 17.4535007476807 17.4228744506836 17.426082611084 17.3974571228027 17.40012550354 17.4695835113525 17.4312076568604 17.3905830383301 17.4096260070801 17.4079170227051 17.4055423736572 17.4199161529541 17.4272918701172 17.3910007476807 17.3066654205322 17.210958480835 17.1634578704834 17.1341247558594 17.0957088470459 17.1363334655762 17.1690425872803 17.1280422210693 17.1129169464111 17.0950832366943 17.0593738555908 16.9918327331543 16.9038753509521 16.8772926330566 16.8420829772949 16.8485412597656 16.9025421142578 16.9177494049072 16.9352073669434
17.7057914733887 17.6013336181641 17.4559993743896 17.3595008850098 17.3512916564941 17.3113746643066 17.2707080841064 17.3108749389648 17.3682918548584 17.3642921447754 17.3969993591309 17.4089164733887 17.4192924499512 17.4499988555908 17.4219589233398 17.3856239318848 17.3958339691162 17.3027496337891 17.4099178314209 17.5815830230713 17.5659160614014 17.5980415344238 17.5581665039062 17.4849166870117 17.5167922973633 17.4375419616699 17.4107494354248 17.4321250915527 17.497917175293 17.5155410766602 17.4931240081787 17.4271659851074 17.4109172821045 17.3485832214355 17.3099575042725 17.2564163208008 17.1891250610352 17.1218338012695 17.1817493438721 17.2367916107178 17.2512912750244 17.2001667022705 17.1391677856445 17.1283740997314 17.1119995117188 17.0660419464111 16.9961242675781 16.958833694458 16.9469165802002 17.0072498321533 17.0314159393311 17.0484580993652
17.8046245574951 17.7441253662109 17.6384582519531 17.4908332824707 17.4156665802002 17.3471260070801 17.2260417938232 17.2273330688477 17.1920013427734 17.2610416412354 17.2813739776611 17.3674583435059 17.2511672973633 17.2837924957275 17.3956661224365 17.4270000457764 17.4370002746582 17.4925403594971 17.5443325042725 17.5963325500488 17.6857490539551 17.6968746185303 17.6232089996338 17.6111660003662 17.6567916870117 17.5648746490479 17.4834594726562 17.4527912139893 17.4387092590332 17.4925842285156 17.4778747558594 17.419584274292 17.3491668701172 17.324333190918 17.328540802002 17.2616672515869 17.1996250152588 17.1889171600342 17.2139167785645 17.2741260528564 17.290584564209 17.3156661987305 17.2510414123535 17.1544170379639 17.1412506103516 17.1539173126221 17.1385841369629 17.1353740692139 17.0712909698486 17.0911674499512 17.1542911529541 17.1768341064453
18.0513744354248 17.8723335266113 17.7425842285156 17.6164169311523 17.5437088012695 17.4462089538574 17.3155841827393 17.2525825500488 17.3087921142578 17.3669586181641 17.3729591369629 17.3454170227051 17.2848339080811 17.2841243743896 17.3482913970947 17.3384990692139 17.2494583129883 17.314582824707 17.5568752288818 17.7173328399658 17.6504592895508 17.6633338928223 17.6766242980957 17.7723331451416 17.7333335876465 17.6919174194336 17.6538333892822 17.570125579834 17.4813747406006 17.4305839538574 17.4467906951904 17.3852081298828 17.3299579620361 17.3160839080811 17.3238334655762 17.3620414733887 17.2842922210693 17.2761249542236 17.3217506408691 17.3226661682129 17.3530426025391 17.3563327789307 17.3720417022705 17.2505836486816 17.2068328857422 17.1865825653076 17.1868743896484 17.2101249694824 17.1915836334229 17.2247085571289 17.2738342285156 17.2647495269775
