layers/tmean9.asc
NCOLS 421 
NROWS 354 
XLLCORNER -106.645833332895 
YLLCORNER 25.8541666666667 
CELLSIZE 0.0416666666669039 
NODATA_value -3.4e+38 
[rows 161 to 183 of 354, columns 260 to 311 of 421]
17.0709991455078 17.130500793457 17.1376247406006 17.1242084503174 17.0263328552246 17.1408748626709 17.0947494506836 17.0616664886475 17.0263328552246 17.0223751068115 17.00954246521 16.9759998321533 16.9575424194336 16.9381675720215 16.937084197998 16.9524993896484 16.943208694458 16.8842086791992 16.9210834503174 17.001708984375 17.0491256713867 17.072624206543 17.1271667480469 17.1713752746582 17.1441249847412 17.0763740539551 16.9893341064453 16.9402084350586 16.9020004272461 16.8818321228027 16.8579998016357 16.8677921295166 -3.4e+38 -3.4e+38 -3.4e+38 -3.4e+38 -3.4e+38 -3.4e+38 -3.4e+38 -3.4e+38 -3.4e+38 -3.4e+38 -3.4e+38 -3.4e+38 -3.4e+38 -3.4e+38 -3.4e+38 -3.4e+38 -3.4e+38 -3.4e+38 -3.4e+38 -3.4e+38
17.1473751068115 17.1209583282471 17.0942077636719 17.0901660919189 17.1159992218018 17.0986251831055 17.0314159393311 16.9636249542236 16.9869995117188 17.0184993743896 16.9827919006348 16.9759578704834 16.9558753967285 16.9506664276123 16.9444999694824 16.9574165344238 16.9695835113525 16.9886665344238 16.945333480835 16.9910411834717 17.0435829162598 17.0474166870117 17.0825004577637 17.0967922210693 17.1058750152588 17.0658740997314 17.0187911987305 16.9637088775635 16.9427089691162 16.9098339080811 16.9073753356934 16.8962497711182 -3.4e+38 -3.4e+38 -3.4e+38 -3.4e+38 -3.4e+38 -3.4e+38 -3.4e+38 -3.4e+38 -3.4e+38 -3.4e+38 -3.4e+38 -3.4e+38 -3.4e+38 -3.4e+38 -3.4e+38 -3.4e+38 -3.4e+38 -3.4e+38 -3.4e+38 -3.4e+38
17.0307083129883 17.0522918701172 17.1119575500488 17.1350002288818 17.068208694458 17.0437908172607 17.0050830841064 17.0047492980957 17.0107917785645 16.9604587554932 16.9610424041748 16.9832096099854 16.9635829925537 16.954626083374 16.96875 16.9647922515869 16.9937076568604 16.9992504119873 16.9524574279785 16.9643745422363 16.9878330230713 17.0174999237061 17.0389175415039 17.0731658935547 17.081958770752 17.0246238708496 17.0136260986328 16.9891242980957 16.9681663513184 16.9720001220703 16.964334487915 16.9384994506836 -3.4e+38 -3.4e+38 -3.4e+38 -3.4e+38 -3.4e+38 -3.4e+38 -3.4e+38 -3.4e+38 -3.4e+38 -3.4e+38 -3.4e+38 -3.4e+38 -3.4e+38 -3.4e+38 -3.4e+38 -3.4e+38 -3.4e+38 -3.4e+38 -3.4e+38 -3.4e+38
17.1142082214355 17.0742492675781 17.0941257476807 17.1235008239746 17.0999584197998 17.1457920074463 17.1396255493164 17.085916519165 17.0247497558594 16.9544162750244 16.9766674041748 16.9922904968262 17.0048751831055 16.9896259307861 16.9988327026367 17.0093746185303 16.9931678771973 16.9780006408691 16.9540824890137 16.926082611084 16.9403324127197 16.9828338623047 17.0368328094482 17.074125289917 17.1202926635742 17.0909156799316 17.0799999237061 17.0947494506836 17.0878753662109 17.0450420379639 17.0545825958252 17.0344581604004 -3.4e+38 -3.4e+38 -3.4e+38 -3.4e+38 -3.4e+38 -3.4e+38 -3.4e+38 -3.4e+38 -3.4e+38 -3.4e+38 -3.4e+38 -3.4e+38 -3.4e+38 -3.4e+38 -3.4e+38 -3.4e+38 -3.4e+38 -3.4e+38 -3.4e+38 -3.4e+38
17.171875 17.1647911071777 17.1572494506836 17.1994171142578 17.2593746185303 17.2662906646729 17.1710834503174 17.1274585723877 17.0793342590332 17.0200843811035 17.0119590759277 17.0070419311523 17.0309581756592 17.0396671295166 17.0306663513184 17.0235424041748 17.001916885376 16.952917098999 16.9020843505859 16.9082908630371 16.9352912902832 16.9759159088135 17.0369167327881 17.0769996643066 17.1330833435059 17.1454582214355 17.1860008239746 17.2258338928223 17.2297916412354 17.1931247711182 17.1418762207031 17.1144161224365 -3.4e+38 -3.4e+38 -3.4e+38 -3.4e+38 -3.4e+38 -3.4e+38 -3.4e+38 -3.4e+38 -3.4e+38 -3.4e+38 -3.4e+38 -3.4e+38 -3.4e+38 -3.4e+38 -3.4e+38 -3.4e+38 -3.4e+38 -3.4e+38 -3.4e+38 -3.4e+38
17.157958984375 17.1881256103516 17.1908740997314 17.2426662445068 17.257625579834 17.2294158935547 17.1904163360596 17.195333480835 17.1919574737549 17.1187915802002 17.0786666870117 17.0514583587646 17.0714588165283 17.0970001220703 17.0841255187988 17.0499591827393 16.997875213623 16.9739589691162 16.9383335113525 16.9153747558594 16.9335842132568 16.9795837402344 17.0191669464111 17.0652923583984 17.1485004425049 17.2163333892822 17.1979579925537 17.201208114624 17.2460842132568 17.2631664276123 17.2162494659424 17.2310829162598 -3.4e+38 -3.4e+38 -3.4e+38 -3.4e+38 -3.4e+38 -3.4e+38 -3.4e+38 -3.4e+38 -3.4e+38 -3.4e+38 -3.4e+38 -3.4e+38 -3.4e+38 -3.4e+38 -3.4e+38 -3.4e+38 -3.4e+38 -3.4e+38 -3.4e+38 -3.4e+38
17.1752090454102 17.1650409698486 17.1883754730225 17.2107086181641 17.2445411682129 17.2344589233398 17.1883335113525 17.1935005187988 17.1722087860107 17.1123332977295 17.1112499237061 17.0961246490479 17.1184577941895 17.1137924194336 17.0769577026367 17.0275001525879 16.9985828399658 17.0014591217041 16.9612922668457 16.968542098999 16.9660835266113 16.9966259002686 17.0271663665771 17.0799999237061 17.1615829467773 17.2725830078125 17.2562084197998 17.2941665649414 17.2936668395996 17.2903327941895 17.328125 17.3527088165283 -3.4e+38 -3.4e+38 -3.4e+38 -3.4e+38 -3.4e+38 -3.4e+38 -3.4e+38 -3.4e+38 -3.4e+38 -3.4e+38 -3.4e+38 -3.4e+38 -3.4e+38 -3.4e+38 -3.4e+38 -3.4e+38 -3.4e+38 -3.4e+38 -3.4e+38 -3.4e+38
17.254207611084 17.2579574584961 17.2962074279785 17.2880420684814 17.3000831604004 17.2577075958252 17.2433757781982 17.181791305542 17.1377925872803 17.1087493896484 17.0965843200684 17.1106243133545 17.1202507019043 17.0919589996338 17.0751667022705 17.0179996490479 16.9991664886475 16.9969997406006 16.9723739624023 16.9828338623047 17.0042495727539 17.0480842590332 17.0632076263428 17.0613746643066 17.099666595459 17.1956253051758 17.2481250762939 17.3185844421387 17.3464584350586 17.394832611084 17.3972511291504 17.4069156646729 17.421501159668 -3.4e+38 -3.4e+38 -3.4e+38 -3.4e+38 -3.4e+38 -3.4e+38 17.5874176025391 -3.4e+38 -3.4e+38 -3.4e+38 -3.4e+38 -3.4e+38 -3.4e+38 -3.4e+38 -3.4e+38 -3.4e+38 -3.4e+38 -3.4e+38 -3.4e+38
17.2826671600342 17.2959175109863 17.3123340606689 17.3169574737549 17.2918758392334 17.2742500305176 17.2254581451416 17.1833763122559 17.1479587554932 17.1068744659424 17.1164169311523 17.1181240081787 17.1093330383301 17.1368751525879 17.0955829620361 17.0397491455078 16.9773330688477 16.9705829620361 16.9517917633057 16.9718742370605 17.0047073364258 17.0728340148926 17.1154155731201 17.1292495727539 17.1334991455078 17.1544589996338 17.2220840454102 17.3134593963623 17.3675422668457 17.3527927398682 17.3915824890137 17.4154167175293 17.4160423278809 17.4785423278809 17.5326671600342 17.5332088470459 17.5496673583984 17.5767078399658 17.5813331604004 17.5882911682129 17.5991668701172 17.5872917175293 -3.4e+38 -3.4e+38 -3.4e+38 -3.4e+38 -3.4e+38 -3.4e+38 -3.4e+38 -3.4e+38 -3.4e+38 -3.4e+38
17.3548336029053 17.3747081756592 17.3838329315186 17.3724575042725 17.2976245880127 17.2670001983643 17.2437496185303 17.2072906494141 17.1945419311523 17.1517086029053 17.1505832672119 17.1557922363281 17.1264991760254 17.1307926177979 17.1345825195312 17.0852508544922 17.0148334503174 16.9934997558594 16.9763336181641 16.9993324279785 17.0366249084473 17.1205406188965 17.1374588012695 17.1542510986328 17.1801261901855 17.2432079315186 17.2613754272461 17.3093338012695 17.3354167938232 17.3103332519531 17.3427085876465 17.4068756103516 17.4507083892822 17.5103340148926 17.5466251373291 17.6046257019043 17.6422080993652 17.6272087097168 17.6278324127197 17.6320838928223 17.6603336334229 17.6318740844727 -3.4e+38 -3.4e+38 -3.4e+38 -3.4e+38 -3.4e+38 -3.4e+38 -3.4e+38 -3.4e+38 -3.4e+38 -3.4e+38
17.3664169311523 17.3218746185303 17.3451671600342 17.3694591522217 17.3110008239746 17.2813758850098 17.2768745422363 17.2668342590332 17.2367496490479 17.2359580993652 17.1962089538574 17.1625843048096 17.1569576263428 17.1492500305176 17.1571674346924 17.1559581756592 17.105375289917 17.0611248016357 17.0707492828369 17.1078338623047 17.1932506561279 17.2803745269775 17.3086242675781 17.3639583587646 17.3765830993652 17.2855415344238 17.2939586639404 17.2698345184326 17.2982082366943 17.34987449646 17.4162082672119 17.466625213623 17.4812908172607 17.5382919311523 17.5616245269775 17.6243743896484 17.6940002441406 17.7174587249756 17.7465419769287 17.7429161071777 17.6883335113525 17.6654167175293 -3.4e+38 -3.4e+38 -3.4e+38 -3.4e+38 -3.4e+38 -3.4e+38 -3.4e+38 -3.4e+38 -3.4e+38 -3.4e+38
17.449125289917 17.4265823364258 17.4337501525879 17.38450050354 17.367582321167 17.345832824707 17.3368759155273 17.3294162750244 17.3366260528564 17.3098754882812 17.3503761291504 17.3326244354248 17.2922077178955 17.2459583282471 17.2171249389648 17.2124996185303 17.1800422668457 17.1827907562256 17.1875 17.2759990692139 17.3197078704834 17.4006252288818 17.4351253509521 17.525541305542 17.5058326721191 17.4260425567627 17.3694171905518 17.4075832366943 17.3577079772949 17.3795413970947 17.4181251525879 17.4352912902832 17.474250793457 17.5307083129883 17.5435829162598 17.6022491455078 17.7129573822021 17.7031669616699 17.7317504882812 17.6590003967285 17.6703758239746 17.6139163970947 -3.4e+38 -3.4e+38 -3.4e+38 -3.4e+38 -3.4e+38 -3.4e+38 -3.4e+38 -3.4e+38 -3.4e+38 -3.4e+38
17.5246238708496 17.5479583740234 17.5210418701172 17.4349174499512 17.4144172668457 17.3900833129883 17.3637084960938 17.3712501525879 17.3600406646729 17.4145412445068 17.3919162750244 17.3897075653076 17.3758335113525 17.3026676177979 17.2733745574951 17.2723751068115 17.2587509155273 17.2587089538574 17.3483753204346 17.4495410919189 17.5169582366943 17.528959274292 17.5444583892822 17.5725421905518 17.5465831756592 17.5348339080811 17.5020008087158 17.4882507324219 17.480541229248 17.4547080993652 17.4710426330566 17.4647922515869 17.5192070007324 17.6062488555908 17.6158332824707 17.6354160308838 17.6412506103516 17.6537075042725 17.6273746490479 17.6345825195312 17.6205825805664 17.6235828399658 -3.4e+38 -3.4e+38 -3.4e+38 -3.4e+38 -3.4e+38 -3.4e+38 -3.4e+38 -3.4e+38 -3.4e+38 -3.4e+38
17.5858325958252 17.6027507781982 17.6417503356934 17.5838737487793 17.4575424194336 17.4110412597656 17.410457611084 17.4012908935547 17.4151668548584 17.4830837249756 17.4863338470459 17.4747505187988 17.4004573822021 17.3775005340576 17.4067497253418 17.3996658325195 17.4352912902832 17.4641246795654 17.4853744506836 17.490083694458 17.5416240692139 17.5574169158936 17.6075420379639 17.5963745117188 17.5792922973633 17.5879592895508 17.5801658630371 17.5615425109863 17.5393753051758 17.5087509155273 17.5267906188965 17.5376243591309 17.5984592437744 17.6265830993652 17.6629161834717 17.6506671905518 17.6085834503174 17.5982494354248 17.5736675262451 17.5457077026367 17.5286254882812 17.5827922821045 -3.4e+38 -3.4e+38 -3.4e+38 -3.4e+38 -3.4e+38 -3.4e+38 -3.4e+38 -3.4e+38 -3.4e+38 -3.4e+38
17.6649589538574 17.6746253967285 17.6462078094482 17.5956249237061 17.497875213623 17.4703330993652 17.4557075500488 17.4644165039062 17.4732913970947 17.5067081451416 17.5016670227051 17.4808750152588 17.4798755645752 17.4623756408691 17.5483341217041 17.5382080078125 17.5222091674805 17.5202503204346 17.517915725708 17.5127086639404 17.5070838928223 17.5007095336914 17.5880832672119 17.6676254272461 17.6603755950928 17.5997085571289 17.6116256713867 17.6296653747559 17.5667915344238 17.5579586029053 17.5613327026367 17.5903759002686 17.5790004730225 17.6093330383301 17.63450050354 17.6421241760254 17.6305828094482 17.6083755493164 17.5833339691162 17.576416015625 17.5342502593994 17.4995422363281 -3.4e+38 -3.4e+38 -3.4e+38 -3.4e+38 -3.4e+38 -3.4e+38 -3.4e+38 -3.4e+38 -3.4e+38 -3.4e+38
17.6397914886475 17.55641746521 17.5142917633057 17.5231666564941 17.5415420532227 17.5385417938232 17.4983749389648 17.4804172515869 17.4753341674805 17.503999710083 17.499584197998 17.4832496643066 17.4713745117188 17.4619998931885 17.5660839080811 17.5653743743896 17.539041519165 17.5284996032715 17.4989166259766 17.5046253204346 17.5375423431396 17.5345420837402 17.5696659088135 17.6620426177979 17.6364574432373 17.68137550354 17.6981258392334 17.640209197998 17.6121253967285 17.5993747711182 17.6375408172607 17.6375007629395 17.6559581756592 17.6519165039062 17.6314163208008 17.6365413665771 17.6084175109863 17.6185836791992 17.6662502288818 17.6703758239746 17.6312503814697 17.6084995269775 -3.4e+38 -3.4e+38 -3.4e+38 -3.4e+38 -3.4e+38 -3.4e+38 -3.4e+38 -3.4e+38 -3.4e+38 -3.4e+38
17.5048332214355 17.4521255493164 17.4827079772949 17.5630416870117 17.5858325958252 17.5448341369629 17.5240421295166 17.4817085266113 17.4865837097168 17.4782085418701 17.480583190918 17.4875831604004 17.47216796875 17.45920753479 17.5420837402344 17.5243759155273 17.5484580993652 17.5523338317871 17.5657901763916 17.5671672821045 17.5678749084473 17.5450820922852 17.5738754272461 17.5890426635742 17.5908756256104 17.58420753479 17.615291595459 17.6189575195312 17.6433753967285 17.6630420684814 17.6908321380615 17.6980419158936 17.7188339233398 17.7215824127197 17.7135410308838 17.7397079467773 17.7660827636719 17.8433742523193 17.8374576568604 17.8144989013672 17.69704246521 17.6308746337891 -3.4e+38 -3.4e+38 -3.4e+38 -3.4e+38 -3.4e+38 -3.4e+38 -3.4e+38 -3.4e+38 -3.4e+38 -3.4e+38
17.5184593200684 17.5493755340576 17.5581245422363 17.6129169464111 17.6044578552246 17.558708190918 17.5287494659424 17.5147495269775 17.5677490234375 17.5481243133545 17.5376663208008 17.5192089080811 17.5009574890137 17.5286674499512 17.5241241455078 17.5481662750244 17.5923748016357 17.5932922363281 17.588041305542 17.5755424499512 17.5640830993652 17.5692081451416 17.5674991607666 17.61549949646 17.6466255187988 17.6582088470459 17.6816253662109 17.7179164886475 17.7087917327881 17.7037086486816 17.7258338928223 17.7308750152588 17.7631664276123 17.7707920074463 17.7882919311523 17.8293342590332 17.8483333587646 17.8824577331543 17.8172073364258 17.8156661987305 17.8122081756592 17.769416809082 -3.4e+38 -3.4e+38 -3.4e+38 -3.4e+38 -3.4e+38 -3.4e+38 -3.4e+38 -3.4e+38 -3.4e+38 -3.4e+38
17.6852493286133 17.6800842285156 17.6590824127197 17.6637496948242 17.6617088317871 17.6115417480469 17.5679588317871 17.6068744659424 17.6205425262451 17.6109580993652 17.5902080535889 17.611457824707 17.6086673736572 17.5893325805664 17.6103343963623 17.6494998931885 17.6421661376953 17.6197490692139 17.5862922668457 17.5877094268799 17.5935001373291 17.5739593505859 17.5891246795654 17.6215000152588 17.7144584655762 17.7442493438721 17.7609577178955 17.79079246521 17.8166656494141 17.7522087097168 17.7520408630371 17.7684574127197 17.7827491760254 17.7902088165283 17.8094577789307 17.8390007019043 17.8609580993652 17.8929176330566 17.8779163360596 17.8716659545898 17.8802909851074 17.8972911834717 -3.4e+38 -3.4e+38 -3.4e+38 -3.4e+38 -3.4e+38 -3.4e+38 -3.4e+38 -3.4e+38 -3.4e+38 -3.4e+38
17.6758327484131 17.6686668395996 17.6717090606689 17.6681251525879 17.6582908630371 17.6494579315186 17.6284999847412 17.6475830078125 17.6635837554932 17.6870002746582 17.7094993591309 17.6998748779297 17.6978740692139 17.7101669311523 17.7043743133545 17.7036247253418 17.6936664581299 17.6730422973633 17.6135425567627 17.6180839538574 17.6699161529541 17.6177082061768 17.630916595459 17.7177906036377 17.7921257019043 17.8169593811035 17.7842082977295 17.824333190918 17.8539161682129 17.8397922515869 17.8422908782959 17.7860832214355 17.7982921600342 17.7838745117188 17.8092079162598 17.8311252593994 17.8504581451416 17.8750419616699 17.8760833740234 17.867208480835 17.8913745880127 17.9454593658447 -3.4e+38 -3.4e+38 -3.4e+38 -3.4e+38 -3.4e+38 -3.4e+38 -3.4e+38 -3.4e+38 -3.4e+38 -3.4e+38
17.6650829315186 17.6399173736572 17.6672077178955 17.6687908172607 17.6533756256104 17.6839580535889 17.626501083374 17.6875839233398 17.6971664428711 17.7226676940918 17.7418327331543 17.702751159668 17.6675415039062 17.6789169311523 17.6919593811035 17.7323322296143 17.7678756713867 17.7485828399658 17.6905422210693 17.68137550354 17.7014999389648 17.7847080230713 17.7881660461426 17.8463745117188 17.92795753479 17.8334999084473 17.9064998626709 17.8705406188965 17.908332824707 17.9195423126221 17.9637088775635 17.8554172515869 17.8187503814697 17.8037090301514 17.8024578094482 17.8531665802002 17.8795833587646 17.9068756103516 17.929500579834 17.8935413360596 17.9173336029053 17.9309577941895 -3.4e+38 -3.4e+38 -3.4e+38 -3.4e+38 -3.4e+38 -3.4e+38 -3.4e+38 -3.4e+38 -3.4e+38 -3.4e+38
17.693416595459 17.6143341064453 17.6519584655762 17.6564998626709 17.6615409851074 17.6829166412354 17.6288757324219 17.6282920837402 17.6476669311523 17.6408748626709 17.7091255187988 17.7258758544922 17.699499130249 17.7042922973633 17.7072086334229 17.7679576873779 17.7519588470459 17.7883758544922 17.7784996032715 17.7644577026367 17.7729587554932 17.8631248474121 17.9647083282471 18.0348339080811 18.1349582672119 17.9631252288818 18.0884990692139 17.93141746521 17.9448337554932 17.9338340759277 17.9920825958252 17.9343338012695 17.9169158935547 17.8665008544922 17.8617076873779 17.847583770752 17.8720417022705 17.9177494049072 17.9335422515869 17.9570007324219 17.9407501220703 17.92799949646 -3.4e+38 -3.4e+38 -3.4e+38 -3.4e+38 -3.4e+38 -3.4e+38 -3.4e+38 -3.4e+38 -3.4e+38 -3.4e+38
17.644416809082 17.6020832061768 17.5867080688477 17.6197910308838 17.632791519165 17.6660423278809 17.617000579834 17.5867080688477 17.6137504577637 17.6528759002686 17.7038326263428 17.6966247558594 17.716667175293 17.7038326263428 17.748083114624 17.773458480835 17.7768745422363 17.8453750610352 17.8858757019043 17.8473339080811 17.8979167938232 17.9376258850098 18.0211238861084 18.1018333435059 18.2812919616699 18.1877498626709 18.2018756866455 18.0540409088135 18.1579170227051 18.1472492218018 18.0767917633057 18.0157089233398 17.96262550354 17.9499168395996 17.9151248931885 17.9206256866455 17.9082508087158 17.9177494049072 17.9515838623047 17.9862499237061 17.9983749389648 17.9820003509521 -3.4e+38 -3.4e+38 -3.4e+38 -3.4e+38 -3.4e+38 -3.4e+38 -3.4e+38 -3.4e+38 -3.4e+38 -3.4e+38
