layers/tmean11.asc
NCOLS 421 
NROWS 354 
XLLCORNER -106.645833332895 
YLLCORNER 25.8541666666667 
CELLSIZE 0.0416666666669039 
NODATA_value -3.4e+38 
[rows 207 to 229 of 354, columns 52 to 103 of 421]
17.4270420074463 17.582124710083 17.6919994354248 17.767915725708 17.8944988250732 18.017707824707 18.1492919921875 18.4657077789307 18.4973754882812 18.5960006713867 18.9190425872803 19.1799163818359 19.3407497406006 19.3624591827393 19.2977085113525 19.1373748779297 19.0269165039062 18.9778327941895 18.9185829162598 18.86887550354 18.8312511444092 18.8112506866455 18.6639175415039 18.4669589996338 18.4386672973633 18.4472923278809 18.5487079620361 18.7793750762939 19.0016250610352 19.0677909851074 19.0249996185303 18.9505424499512 18.8692493438721 18.8185005187988 18.8039588928223 18.7868328094482 18.71875 18.7177085876465 18.6401252746582 18.5821666717529 18.4484996795654 18.5477504730225 18.6849575042725 18.7901668548584 18.8908748626709 18.9655838012695 19.0123748779297 19.0283756256104 19.021333694458 19.0140419006348 19.0297088623047 19.0737915039062
17.4675827026367 17.6462078094482 17.7429161071777 17.8794174194336 18.0301246643066 18.1423740386963 18.2768325805664 18.4125003814697 18.3965835571289 18.6230411529541 18.8816661834717 19.08424949646 19.2545833587646 19.3647918701172 19.3820419311523 19.3332080841064 19.1727504730225 19.0125827789307 18.9414577484131 18.927583694458 18.9077091217041 18.8821258544922 18.7825832366943 18.5831241607666 18.4983749389648 18.5949993133545 18.714542388916 18.8652496337891 18.9960422515869 19.1130428314209 19.0554580688477 18.9385414123535 18.8273334503174 18.7899589538574 18.7786254882812 18.806583404541 18.7923755645752 18.7894592285156 18.785041809082 18.7830410003662 18.6129589080811 18.603458404541 18.7981662750244 18.8199996948242 18.8585414886475 18.9527072906494 19.0334167480469 19.085750579834 19.0914573669434 19.1047496795654 19.1006660461426 19.1030826568604
17.5123329162598 17.6917495727539 17.8192920684814 17.8749580383301 17.8659572601318 17.9558753967285 18.132999420166 18.1618747711182 18.298583984375 18.5559158325195 18.792667388916 19.1070423126221 19.287166595459 19.3721675872803 19.4875411987305 19.5087509155273 19.361457824707 19.1748332977295 19.0427913665771 19.0224170684814 18.999792098999 18.998291015625 18.9043750762939 18.8030414581299 18.6283740997314 18.7291660308838 18.8817081451416 18.9842510223389 19.0618343353271 19.1549587249756 19.1352920532227 18.9568748474121 18.8267917633057 18.7541656494141 18.7883338928223 18.8084583282471 18.8544158935547 18.8599166870117 18.8893756866455 18.9222087860107 18.9080829620361 18.886625289917 18.9572086334229 18.984582901001 18.9213752746582 18.9853744506836 19.1004581451416 19.1480407714844 19.1698741912842 19.1940841674805 19.2034168243408 19.1867923736572
17.5143337249756 17.5902919769287 17.6267910003662 17.711124420166 17.7301254272461 17.861457824707 18.0023326873779 18.2072086334229 18.3457489013672 18.5686664581299 18.8687496185303 19.1467914581299 19.1582908630371 19.2708759307861 19.3862915039062 19.472541809082 19.4034996032715 19.2334995269775 19.189208984375 19.1208744049072 19.0867919921875 19.0525417327881 19.0494995117188 18.9925842285156 18.839542388916 18.767541885376 18.9759998321533 19.1411666870117 19.214750289917 19.22825050354 19.2105007171631 19.0391674041748 18.832332611084 18.7148323059082 18.7937908172607 18.8657493591309 18.9373741149902 18.9340000152588 18.9810009002686 19.0634174346924 19.0638332366943 19.0602493286133 19.123498916626 19.1411247253418 19.0675830841064 19.0542087554932 19.1681251525879 19.2217082977295 19.2328338623047 19.2527923583984 19.2548332214355 19.2502918243408
17.3991260528564 17.4422912597656 17.521125793457 17.5753326416016 17.6801662445068 17.8287925720215 17.9955005645752 18.1717910766602 18.468334197998 18.7141666412354 18.8821258544922 19.02516746521 19.0269584655762 19.1711254119873 19.2632923126221 19.3311252593994 19.4092922210693 19.3487911224365 19.2754993438721 19.1721668243408 19.1822490692139 19.1407928466797 19.1215000152588 19.0874576568604 18.9881248474121 18.9583740234375 19.0711250305176 19.2101249694824 19.3049163818359 19.3017921447754 19.3368339538574 19.1935424804688 19.0182914733887 18.8945827484131 18.9007911682129 18.9753761291504 19.0709171295166 19.0722923278809 19.0874576568604 19.1248741149902 19.1555004119873 19.1873741149902 19.2291660308838 19.2314586639404 19.2006664276123 19.1425838470459 19.1548748016357 19.1921253204346 19.2416667938232 19.2858333587646 19.3017921447754 19.3016242980957
17.2958335876465 17.3375835418701 17.4030418395996 17.5493335723877 17.708833694458 17.929500579834 18.1039581298828 18.2437915802002 18.4134578704834 18.6108341217041 18.7882080078125 18.9196662902832 18.9137916564941 19.033374786377 19.130916595459 19.2338333129883 19.2702922821045 19.3372077941895 19.3212089538574 19.2580833435059 19.2514591217041 19.1923751831055 19.1577911376953 19.1700420379639 19.1845417022705 19.1477489471436 19.228874206543 19.3272914886475 19.3669586181641 19.3387908935547 19.3775005340576 19.3442077636719 19.2448749542236 19.1441249847412 19.1107921600342 19.138542175293 19.1956653594971 19.2108325958252 19.2044162750244 19.1949577331543 19.2164993286133 19.2687091827393 19.2897491455078 19.3175411224365 19.3695411682129 19.361291885376 19.2105827331543 19.2004165649414 19.2549991607666 19.2882919311523 19.3109588623047 19.3253326416016
17.2807502746582 17.3383750915527 17.4074172973633 17.5360832214355 17.6920833587646 17.8747501373291 18.0526676177979 18.3572082519531 18.6115417480469 18.7119998931885 18.7580413818359 18.8507080078125 18.8792495727539 19.047082901001 19.1105422973633 19.1392917633057 19.1790828704834 19.2084159851074 19.2784996032715 19.2876663208008 19.2828330993652 19.298999786377 19.2351245880127 19.2133331298828 19.2532081604004 19.3080005645752 19.2977504730225 19.3429584503174 19.3827075958252 19.4189586639404 19.4387912750244 19.4175415039062 19.339958190918 19.2848339080811 19.2811660766602 19.2649993896484 19.3013744354248 19.3257503509521 19.3268756866455 19.2931251525879 19.2928333282471 19.3294582366943 19.3435821533203 19.3997917175293 19.4391250610352 19.458833694458 19.3379993438721 19.3122081756592 19.3341255187988 19.3460426330566 19.3587913513184 19.3644161224365
17.2004585266113 17.3700008392334 17.5938339233398 17.7183322906494 17.7592506408691 17.9799995422363 18.2259159088135 18.4027500152588 18.5533752441406 18.5794582366943 18.6966247558594 18.7923755645752 18.8707084655762 18.9734992980957 19.001916885376 19.0305423736572 19.0756244659424 19.160249710083 19.2159156799316 19.2730827331543 19.3155002593994 19.343957901001 19.314624786377 19.3007507324219 19.3092079162598 19.331958770752 19.2693748474121 19.3369579315186 19.3916664123535 19.4074592590332 19.4131660461426 19.4349174499512 19.3842086791992 19.3348331451416 19.3564586639404 19.3575839996338 19.3791255950928 19.402042388916 19.4342918395996 19.4271240234375 19.4079990386963 19.4044170379639 19.3772087097168 19.435375213623 19.44704246521 19.4778747558594 19.4482917785645 19.4678344726562 19.4737091064453 19.4473342895508 19.380916595459 19.3541240692139
17.2103748321533 17.4400005340576 17.6236248016357 17.7066669464111 17.8233757019043 18.0289173126221 18.0964164733887 18.2663326263428 18.4680423736572 18.4368743896484 18.667875289917 18.6717090606689 18.7596664428711 18.8320007324219 18.8734169006348 18.9598751068115 19.0176258087158 19.0978336334229 19.1905002593994 19.2041244506836 19.2542495727539 19.3322925567627 19.3750419616699 19.4087924957275 19.3762912750244 19.3742504119873 19.2525005340576 19.2903327941895 19.3426246643066 19.3762912750244 19.4358749389648 19.4449577331543 19.4227085113525 19.3876667022705 19.3831672668457 19.4292087554932 19.4570407867432 19.4792919158936 19.525333404541 19.5323333740234 19.5024585723877 19.4599170684814 19.4465408325195 19.4341259002686 19.4455413818359 19.4845428466797 19.5133743286133 19.5410003662109 19.5475826263428 19.5126667022705 19.4749584197998 19.3939170837402
17.2390422821045 17.3755416870117 17.5357494354248 17.7425003051758 17.812126159668 17.9538326263428 18.0725421905518 18.1695003509521 18.285665512085 18.4307079315186 18.591459274292 18.6813335418701 18.7248344421387 18.7011241912842 18.7767925262451 18.8714580535889 18.963249206543 19.0711669921875 19.1795425415039 19.224458694458 19.2875003814697 19.3362083435059 19.4057922363281 19.4473743438721 19.4437503814697 19.4352493286133 19.4243335723877 19.3813343048096 19.312292098999 19.3716259002686 19.4545421600342 19.464750289917 19.4306240081787 19.433708190918 19.4307079315186 19.4631252288818 19.5120410919189 19.5264587402344 19.5189170837402 19.5498332977295 19.5109996795654 19.486083984375 19.4762077331543 19.4837913513184 19.4777908325195 19.5158748626709 19.5325832366943 19.5442504882812 19.542667388916 19.5617084503174 19.6213321685791 19.484790802002
17.2362499237061 17.3907489776611 17.5655841827393 17.6928329467773 17.8656253814697 18.0126667022705 18.1297092437744 18.2379169464111 18.4188747406006 18.5366668701172 18.6279163360596 18.7309169769287 18.8150825500488 18.7392082214355 18.7387084960938 18.8694171905518 18.9932498931885 19.115291595459 19.2015838623047 19.2671661376953 19.338041305542 19.4135417938232 19.449125289917 19.472583770752 19.4993324279785 19.5104999542236 19.4991664886475 19.4331665039062 19.3692512512207 19.404333114624 19.4537086486816 19.4625415802002 19.4577083587646 19.4698333740234 19.4728755950928 19.497917175293 19.5262088775635 19.5419998168945 19.5338745117188 19.5258750915527 19.5189590454102 19.5532073974609 19.5474586486816 19.5449161529541 19.5737075805664 19.5595417022705 19.5637092590332 19.5940837860107 19.5860004425049 19.6057910919189 19.7151260375977 19.6841659545898
17.2549991607666 17.5148334503174 17.7467498779297 17.8781242370605 17.949125289917 18.0237922668457 18.1763324737549 18.3289585113525 18.4831657409668 18.5651245117188 18.7056255340576 18.7947082519531 18.8605403900146 18.8790836334229 18.8287906646729 18.9124584197998 19.0418758392334 19.1250419616699 19.1500835418701 19.2379589080811 19.3451671600342 19.4344177246094 19.4559173583984 19.4956665039062 19.5195007324219 19.5276660919189 19.5180835723877 19.4066257476807 19.4055843353271 19.4251670837402 19.441125869751 19.4578742980957 19.486291885376 19.488000869751 19.4848327636719 19.5252075195312 19.5494575500488 19.5491676330566 19.5573749542236 19.5345001220703 19.5400829315186 19.6001243591309 19.6146240234375 19.6183757781982 19.6202926635742 19.6151256561279 19.5979995727539 19.648458480835 19.6728744506836 19.7170829772949 19.7702922821045 19.7958335876465
17.3330001831055 17.5488739013672 17.7297496795654 17.8406658172607 17.945499420166 18.0709171295166 18.2127494812012 18.3181247711182 18.5077075958252 18.6534996032715 18.7864170074463 18.8731670379639 18.9518756866455 18.9769992828369 18.9518337249756 19.0090827941895 19.0714168548584 19.0771656036377 19.1603336334229 19.2206249237061 19.3004169464111 19.3952083587646 19.4749584197998 19.5212497711182 19.5364589691162 19.5309162139893 19.519416809082 19.5025825500488 19.4816246032715 19.4688339233398 19.4387073516846 19.4369583129883 19.4784164428711 19.496374130249 19.4796676635742 19.4942493438721 19.5243759155273 19.5353736877441 19.5381660461426 19.5054588317871 19.5097923278809 19.5887928009033 19.5966663360596 19.6567077636719 19.665958404541 19.6377506256104 19.6372089385986 19.6988754272461 19.7556667327881 19.8331661224365 19.8823337554932 19.9428749084473
17.2915000915527 17.4890003204346 17.6989994049072 17.8305835723877 17.9158325195312 18.0200424194336 18.1636657714844 18.3693332672119 18.5454998016357 18.6777076721191 18.7958755493164 18.8917503356934 18.9643325805664 18.9978332519531 19.0619163513184 19.0871238708496 19.1344585418701 19.1255836486816 19.1550827026367 19.2054576873779 19.2904167175293 19.3981246948242 19.4835834503174 19.5366249084473 19.5454998016357 19.5353755950928 19.5305423736572 19.5355834960938 19.5230827331543 19.5132083892822 19.4766674041748 19.457124710083 19.4741249084473 19.484790802002 19.4864158630371 19.4775409698486 19.4751243591309 19.4675827026367 19.4617080688477 19.4653759002686 19.5242919921875 19.5948753356934 19.6116256713867 19.660249710083 19.7038326263428 19.7311668395996 19.7663326263428 19.8438758850098 19.8858337402344 20.0334167480469 20.0492916107178 20.0154590606689
17.3640422821045 17.5270004272461 17.7839584350586 17.9276256561279 17.960916519165 18.0660839080811 18.2158336639404 18.4149589538574 18.5804996490479 18.7214164733887 18.7959575653076 18.8434581756592 18.9532928466797 19.0387496948242 19.0821666717529 19.1243343353271 19.1555824279785 19.1932907104492 19.2139987945557 19.2535839080811 19.3408756256104 19.4212913513184 19.4903335571289 19.5541667938232 19.5607089996338 19.5477504730225 19.5434169769287 19.5397911071777 19.5335006713867 19.5398750305176 19.5314159393311 19.5054168701172 19.5081672668457 19.4905834197998 19.4718742370605 19.47483253479 19.4668750762939 19.4275417327881 19.367374420166 19.3834590911865 19.431791305542 19.5080413818359 19.6157913208008 19.7333736419678 19.7761669158936 19.8226661682129 19.8572082519531 19.9589176177979 20.0584583282471 20.1045837402344 20.0022506713867 19.8941669464111
17.3714580535889 17.5820426940918 17.8452491760254 17.8786659240723 18.0127906799316 18.1949996948242 18.3619995117188 18.4959583282471 18.6772918701172 18.8023338317871 18.8847503662109 18.9562091827393 18.9909572601318 19.0113754272461 19.1023330688477 19.1905422210693 19.2469997406006 19.2775840759277 19.297082901001 19.3129997253418 19.3606662750244 19.4501247406006 19.5033340454102 19.5444164276123 19.5617923736572 19.5763759613037 19.5605411529541 19.5448741912842 19.5456237792969 19.544958114624 19.5481243133545 19.5427494049072 19.4907073974609 19.4740009307861 19.4750823974609 19.4937076568604 19.4631252288818 19.3959579467773 19.3287506103516 19.3486671447754 19.4139175415039 19.4908752441406 19.6162090301514 19.6908340454102 19.8079586029053 19.953540802002 20.088041305542 20.1260414123535 20.1419582366943 20.0951671600342 19.9829998016357 19.7593326568604
17.4023742675781 17.5330829620361 17.7156658172607 17.8778743743896 18.0598754882812 18.2438335418701 18.4377918243408 18.5516242980957 18.6801242828369 18.761625289917 18.822582244873 18.8861255645752 18.9654579162598 19.0001258850098 19.0713329315186 19.1675415039062 19.2452487945557 19.2865009307861 19.3232498168945 19.3758335113525 19.4147510528564 19.4756240844727 19.5052089691162 19.5453338623047 19.5812911987305 19.568208694458 19.5647506713867 19.5537910461426 19.5526657104492 19.5503749847412 19.5452079772949 19.535041809082 19.5166244506836 19.4743747711182 19.472957611084 19.4931659698486 19.4529991149902 19.3875408172607 19.3484573364258 19.3784580230713 19.4460411071777 19.5427074432373 19.626708984375 19.7553329467773 19.8717498779297 19.9873332977295 20.0621242523193 20.1408748626709 20.1597499847412 20.1281661987305 20.0518341064453 19.9712085723877
17.505708694458 17.6673755645752 17.8877506256104 18.0429992675781 18.2501659393311 18.3500823974609 18.46266746521 18.5571670532227 18.6199169158936 18.7430419921875 18.820499420166 18.9088325500488 18.9195423126221 18.96262550354 19.0267086029053 19.1189994812012 19.1927909851074 19.2573337554932 19.3526248931885 19.3915004730225 19.42795753479 19.4816665649414 19.5106658935547 19.5349578857422 19.5876655578613 19.5809593200684 19.5693340301514 19.5377922058105 19.5619163513184 19.5636672973633 19.5518741607666 19.5435829162598 19.5289173126221 19.5102081298828 19.5143337249756 19.5206661224365 19.4910831451416 19.4871673583984 19.4763736724854 19.4997081756592 19.5288333892822 19.5648326873779 19.6727504730225 19.8056659698486 19.902624130249 20.0199584960938 20.1296672821045 20.1859169006348 20.1806240081787 20.1850833892822 20.1642913818359 20.136417388916
16.9731254577637 17.4840831756592 17.8089179992676 18.046875 18.2195415496826 18.3657913208008 18.4774589538574 18.5463333129883 18.6574172973633 18.7435417175293 18.793041229248 18.8314170837402 18.8667907714844 18.9151668548584 18.9910831451416 19.0944175720215 19.150541305542 19.1984996795654 19.3001251220703 19.3661251068115 19.4076251983643 19.4621257781982 19.5049991607666 19.5241241455078 19.5342082977295 19.5589580535889 19.5709590911865 19.5365829467773 19.5569171905518 19.5635414123535 19.572624206543 19.5611248016357 19.5664577484131 19.5632495880127 19.5790004730225 19.5727920532227 19.5997505187988 19.6206245422363 19.6119995117188 19.593957901001 19.6235427856445 19.6668338775635 19.7479991912842 19.8624591827393 19.9384574890137 20.0318336486816 20.1144161224365 20.1788330078125 20.2257499694824 20.2573337554932 20.2665824890137 20.2309589385986
17.515417098999 17.3551254272461 17.4147911071777 17.6302509307861 18.0367088317871 18.2640419006348 18.4428749084473 18.4737911224365 18.5606670379639 18.67799949646 18.677583694458 18.7554588317871 18.8026676177979 18.8594589233398 18.9814586639404 19.1032085418701 19.1555004119873 19.2182922363281 19.2997493743896 19.3619575500488 19.3892498016357 19.4327087402344 19.4796257019043 19.4991245269775 19.5165824890137 19.5420837402344 19.5369167327881 19.5535831451416 19.5657081604004 19.5762920379639 19.5887489318848 19.5920429229736 19.5994167327881 19.6076240539551 19.6535835266113 19.6799163818359 19.7012500762939 19.6899166107178 19.675500869751 19.6810417175293 19.7118740081787 19.7523326873779 19.7905006408691 19.8469581604004 19.9464588165283 20.0267505645752 20.1107501983643 20.1849174499512 20.2310409545898 20.2846260070801 20.3211669921875 20.3154163360596
17.4021263122559 17.4855003356934 17.7154998779297 17.8391246795654 18.0035839080811 18.1983757019043 18.347375869751 18.4259586334229 18.50608253479 18.5785427093506 18.6173343658447 18.6781673431396 18.7594585418701 18.7985000610352 18.8884162902832 19.039041519165 19.0693740844727 19.1634998321533 19.2489585876465 19.3238334655762 19.3810844421387 19.4169158935547 19.4859161376953 19.5182914733887 19.52170753479 19.5303344726562 19.547082901001 19.552375793457 19.5613327026367 19.5745410919189 19.605583190918 19.603874206543 19.6220417022705 19.689416885376 19.7451248168945 19.7767086029053 19.7696666717529 19.7540416717529 19.7462501525879 19.7358341217041 19.7724990844727 19.8330421447754 19.8440418243408 19.8775005340576 19.9524173736572 20.0341663360596 20.1035823822021 20.1437911987305 20.2411670684814 20.3062496185303 20.3302917480469 20.3756656646729
17.3629589080811 17.2498741149902 17.3774166107178 17.6633338928223 17.8798751831055 18.0865001678467 18.25 18.3125 18.4388332366943 18.5160827636719 18.5472507476807 18.6034164428711 18.6666660308838 18.7350826263428 18.8369998931885 18.9259166717529 19.0271663665771 19.0835838317871 19.1700000762939 19.238208770752 19.310417175293 19.3885841369629 19.4521675109863 19.4761657714844 19.4791660308838 19.5092906951904 19.537166595459 19.5407085418701 19.5614585876465 19.5973739624023 19.627082824707 19.6526660919189 19.6873340606689 19.7611656188965 19.8094177246094 19.8427085876465 19.8482074737549 19.8411254882812 19.8459587097168 19.8342094421387 19.846040725708 19.8637084960938 19.8766670227051 19.8810424804688 19.9398746490479 20.0412082672119 20.1132488250732 20.1690826416016 20.2648334503174 20.3417491912842 20.3875827789307 20.3990421295166
17.4139995574951 17.2895832061768 17.2252502441406 17.455415725708 17.7551250457764 18.0304164886475 18.1154155731201 18.201042175293 18.3410415649414 17.9076671600342 18.3115005493164 18.5359592437744 18.6075000762939 18.673583984375 18.7769165039062 18.8324165344238 18.9080410003662 18.9851264953613 19.0854167938232 19.1553745269775 19.2368755340576 19.3286247253418 19.3272075653076 19.3713340759277 19.3927917480469 19.4486255645752 19.4891242980957 19.5165424346924 19.5514163970947 19.610876083374 19.6504993438721 19.6916255950928 19.7327079772949 19.7838745117188 19.8765411376953 19.9077911376953 19.9268341064453 19.9248332977295 19.9391250610352 19.9471244812012 19.9266662597656 19.9129581451416 19.9038753509521 19.9292507171631 19.9607086181641 19.9994583129883 20.0445423126221 20.1581249237061 20.2429580688477 20.2876663208008 20.3364582061768 20.4034595489502
