layers/tmean11.asc
NCOLS 421 
NROWS 354 
XLLCORNER -106.645833332895 
YLLCORNER 25.8541666666667 
CELLSIZE 0.0416666666669039 
NODATA_value -3.4e+38 
[rows 322 to 344 of 354, columns 156 to 207 of 421]
-3.4e+38 -3.4e+38 -3.4e+38 -3.4e+38 -3.4e+38 -3.4e+38 -3.4e+38 -3.4e+38 -3.4e+38 -3.4e+38 -3.4e+38 -3.4e+38 -3.4e+38 -3.4e+38 -3.4e+38 -3.4e+38 -3.4e+38 24.4362087249756 24.2974166870117 24.1004161834717 23.9042091369629 23.8724575042725 23.9184989929199 24.003791809082 24.0275001525879 23.9473743438721 23.9280834197998 23.8400421142578 23.601583480835 23.371208190918 23.2646255493164 23.3164577484131 23.3952922821045 23.4915428161621 23.5544586181641 23.5914993286133 23.5909576416016 23.5347080230713 23.5362491607666 23.4960842132568 23.4647083282471 23.4490833282471 23.45924949646 23.4849586486816 23.5235824584961 23.5872077941895 23.6570835113525 23.7127094268799 23.7270832061768 23.7016658782959 23.6548328399658 23.5772495269775
-3.4e+38 -3.4e+38 -3.4e+38 -3.4e+38 -3.4e+38 -3.4e+38 -3.4e+38 -3.4e+38 -3.4e+38 -3.4e+38 -3.4e+38 -3.4e+38 -3.4e+38 -3.4e+38 -3.4e+38 -3.4e+38 -3.4e+38 24.3235836029053 24.0788745880127 23.9615001678467 23.8579158782959 23.9007911682129 23.8211669921875 24.0015411376953 24.064790725708 24.0316257476807 23.9561672210693 23.8904991149902 23.648250579834 23.547082901001 23.3889999389648 23.3504161834717 23.4402503967285 23.5230407714844 23.5832920074463 23.6167907714844 23.6118755340576 23.5932502746582 23.5599994659424 23.5370826721191 23.4941253662109 23.4879589080811 23.478666305542 23.502082824707 23.5557918548584 23.6011257171631 23.6340827941895 23.6756248474121 23.6915416717529 23.675708770752 23.6380825042725 23.5711669921875
-3.4e+38 -3.4e+38 -3.4e+38 -3.4e+38 -3.4e+38 -3.4e+38 -3.4e+38 -3.4e+38 -3.4e+38 -3.4e+38 -3.4e+38 -3.4e+38 -3.4e+38 -3.4e+38 -3.4e+38 -3.4e+38 -3.4e+38 24.2328338623047 23.9962501525879 23.965124130249 23.9182090759277 23.8402919769287 23.8123760223389 23.99387550354 24.1104164123535 24.0698337554932 24.0478324890137 24.0105838775635 23.8899593353271 23.7678337097168 23.5585823059082 23.4033756256104 23.443208694458 23.5352916717529 23.6376667022705 23.6755409240723 23.652416229248 23.6561260223389 23.6388339996338 23.5955429077148 23.5559997558594 23.5310840606689 23.5250415802002 23.5418758392334 23.5887508392334 23.6058750152588 23.6261672973633 23.6449584960938 23.6557083129883 23.6604175567627 23.6261672973633 23.5915412902832
-3.4e+38 -3.4e+38 -3.4e+38 -3.4e+38 -3.4e+38 -3.4e+38 -3.4e+38 -3.4e+38 -3.4e+38 -3.4e+38 -3.4e+38 -3.4e+38 -3.4e+38 -3.4e+38 -3.4e+38 -3.4e+38 -3.4e+38 24.2038745880127 23.982250213623 24.0452079772949 23.937915802002 23.7335834503174 23.8448333740234 24.0010833740234 24.0765838623047 24.0055828094482 23.9974994659424 23.9587497711182 23.9052085876465 23.8872909545898 23.7316246032715 23.5085411071777 23.4971256256104 23.5705833435059 23.6589584350586 23.6822929382324 23.683500289917 23.6988754272461 23.6737079620361 23.6457920074463 23.5992488861084 23.5695838928223 23.5640830993652 23.5653343200684 23.5921669006348 23.6134567260742 23.6186676025391 23.6265411376953 23.6379165649414 23.6417083740234 23.6278743743896 23.5963745117188
-3.4e+38 -3.4e+38 -3.4e+38 -3.4e+38 -3.4e+38 -3.4e+38 -3.4e+38 -3.4e+38 -3.4e+38 -3.4e+38 -3.4e+38 -3.4e+38 -3.4e+38 -3.4e+38 -3.4e+38 -3.4e+38 -3.4e+38 -3.4e+38 24.2067089080811 23.9033336639404 23.7597923278809 23.7729587554932 23.8684997558594 24.0714168548584 24.0830421447754 24.0642910003662 24.091625213623 24.1094169616699 24.0073757171631 23.9364166259766 23.7651672363281 23.5279579162598 23.5266246795654 23.6180839538574 23.7005004882812 23.7180423736572 23.7124576568604 23.7431259155273 23.7257080078125 23.7162494659424 23.6592502593994 23.6059989929199 23.5939998626709 23.595874786377 23.6029167175293 23.6126251220703 23.61891746521 23.6181259155273 23.6225414276123 23.6120414733887 23.6054172515869 23.5813331604004
-3.4e+38 -3.4e+38 -3.4e+38 -3.4e+38 -3.4e+38 -3.4e+38 -3.4e+38 -3.4e+38 -3.4e+38 -3.4e+38 -3.4e+38 -3.4e+38 -3.4e+38 -3.4e+38 -3.4e+38 -3.4e+38 -3.4e+38 -3.4e+38 24.2188339233398 24.0806655883789 23.8622093200684 23.8757915496826 24.009708404541 24.1477508544922 24.1704158782959 24.1387920379639 24.177583694458 24.1336250305176 24.048999786377 23.9339580535889 23.8110408782959 23.5202083587646 23.4590835571289 23.5939159393311 23.6907920837402 23.7227077484131 23.7395000457764 23.7889175415039 23.7997093200684 23.7892913818359 23.7648334503174 23.7229156494141 23.7076663970947 23.6909580230713 23.6390419006348 23.6472511291504 23.6739158630371 23.6702079772949 23.6689586639404 23.6566257476807 23.6333751678467 23.6073760986328
-3.4e+38 -3.4e+38 -3.4e+38 -3.4e+38 -3.4e+38 -3.4e+38 -3.4e+38 -3.4e+38 -3.4e+38 -3.4e+38 -3.4e+38 -3.4e+38 -3.4e+38 -3.4e+38 -3.4e+38 -3.4e+38 -3.4e+38 -3.4e+38 -3.4e+38 24.3058338165283 24.1103744506836 24.0867500305176 24.2082500457764 24.1720008850098 24.0848331451416 24.1568336486816 24.1262092590332 24.0804176330566 23.9653339385986 23.8388328552246 23.7059993743896 23.5254173278809 23.5674991607666 23.591833114624 23.6547088623047 23.7224998474121 23.7956676483154 23.8385829925537 23.8712921142578 23.9057502746582 23.8934574127197 23.8716239929199 23.8370418548584 23.7684173583984 23.714958190918 23.7133750915527 23.7199592590332 23.7036666870117 23.7220420837402 23.7114162445068 23.6995830535889 23.6628341674805
-3.4e+38 -3.4e+38 -3.4e+38 -3.4e+38 -3.4e+38 -3.4e+38 -3.4e+38 -3.4e+38 -3.4e+38 -3.4e+38 -3.4e+38 -3.4e+38 -3.4e+38 -3.4e+38 -3.4e+38 -3.4e+38 -3.4e+38 -3.4e+38 -3.4e+38 -3.4e+38 24.320291519165 24.3268337249756 24.3307094573975 24.1975002288818 24.0706672668457 24.0119571685791 24.148458480835 24.1669578552246 24.0877094268799 23.9464588165283 23.7840003967285 23.6225833892822 23.6762084960938 23.7154998779297 23.6883335113525 23.7511253356934 23.8290405273438 23.91237449646 23.9232501983643 23.9863758087158 24.0008335113525 23.9887504577637 23.9645843505859 23.8693332672119 23.8326244354248 23.8401660919189 23.8827495574951 23.8787498474121 23.84375 23.7987079620361 23.7613334655762 23.6947498321533
-3.4e+38 -3.4e+38 -3.4e+38 -3.4e+38 -3.4e+38 -3.4e+38 -3.4e+38 -3.4e+38 -3.4e+38 -3.4e+38 -3.4e+38 -3.4e+38 -3.4e+38 -3.4e+38 -3.4e+38 -3.4e+38 -3.4e+38 -3.4e+38 -3.4e+38 -3.4e+38 -3.4e+38 24.3877086639404 24.3659172058105 24.2797508239746 24.1738758087158 24.1421661376953 24.2568740844727 24.261417388916 24.1897926330566 24.0322914123535 23.8562507629395 23.7147922515869 23.7360000610352 23.7747917175293 23.7244167327881 23.7786254882812 23.8120422363281 23.876916885376 23.9412498474121 23.999584197998 24.0300407409668 24.0013332366943 24.0168323516846 23.9820823669434 23.9520835876465 23.9512500762939 23.9782085418701 23.9779586791992 23.9480419158936 23.9214172363281 23.8587074279785 23.7957916259766
-3.4e+38 -3.4e+38 -3.4e+38 -3.4e+38 -3.4e+38 -3.4e+38 -3.4e+38 -3.4e+38 -3.4e+38 -3.4e+38 -3.4e+38 -3.4e+38 -3.4e+38 -3.4e+38 -3.4e+38 -3.4e+38 -3.4e+38 -3.4e+38 -3.4e+38 -3.4e+38 -3.4e+38 -3.4e+38 24.5157508850098 24.3669586181641 24.3522491455078 24.328540802002 24.3831672668457 24.3287906646729 24.1760425567627 24.0869998931885 24.0044174194336 23.8585414886475 23.8513336181641 23.7687091827393 23.712833404541 23.7655410766602 23.8658332824707 23.9158325195312 23.955249786377 24.0231666564941 24.0527496337891 24.0771675109863 24.1122074127197 24.1216239929199 24.1361236572266 24.1277923583984 24.0972919464111 24.0345420837402 23.9533748626709 23.9266242980957 23.8895416259766 23.8652076721191
-3.4e+38 -3.4e+38 -3.4e+38 -3.4e+38 -3.4e+38 -3.4e+38 -3.4e+38 -3.4e+38 -3.4e+38 -3.4e+38 -3.4e+38 -3.4e+38 -3.4e+38 -3.4e+38 -3.4e+38 -3.4e+38 -3.4e+38 -3.4e+38 -3.4e+38 -3.4e+38 -3.4e+38 -3.4e+38 24.5337505340576 24.5113754272461 24.5322914123535 24.4935836791992 24.456958770752 24.3357906341553 24.2364158630371 24.2726249694824 24.1418743133545 24.0557079315186 23.9828319549561 23.8647918701172 23.75950050354 23.7673759460449 23.8880844116211 24.0000839233398 24.0615825653076 24.1535835266113 24.1475009918213 24.2203750610352 24.255708694458 24.2266674041748 24.1863327026367 24.1615409851074 24.1306247711182 24.0889587402344 24.02516746521 23.9892082214355 23.9115409851074 23.8899574279785
-3.4e+38 -3.4e+38 -3.4e+38 -3.4e+38 -3.4e+38 -3.4e+38 -3.4e+38 -3.4e+38 -3.4e+38 -3.4e+38 -3.4e+38 -3.4e+38 -3.4e+38 -3.4e+38 -3.4e+38 -3.4e+38 -3.4e+38 -3.4e+38 -3.4e+38 -3.4e+38 -3.4e+38 -3.4e+38 -3.4e+38 24.5959587097168 24.5271663665771 24.4423332214355 24.3625411987305 24.1479167938232 24.3479156494141 24.3860836029053 24.2260837554932 24.1912078857422 24.1192073822021 23.8545417785645 23.8466663360596 23.8686256408691 24.0077495574951 24.1215419769287 24.2064590454102 24.2769584655762 24.2647914886475 24.2815837860107 24.2724170684814 24.2384586334229 24.1881675720215 24.1464576721191 24.1135005950928 24.0897922515869 24.0592918395996 24.0561256408691 24.0247917175293 23.97487449646
-3.4e+38 -3.4e+38 -3.4e+38 -3.4e+38 -3.4e+38 -3.4e+38 -3.4e+38 -3.4e+38 -3.4e+38 -3.4e+38 -3.4e+38 -3.4e+38 -3.4e+38 -3.4e+38 -3.4e+38 -3.4e+38 -3.4e+38 -3.4e+38 -3.4e+38 -3.4e+38 -3.4e+38 -3.4e+38 -3.4e+38 24.6520843505859 24.578332901001 24.3860836029053 24.4091243743896 24.3281669616699 24.3035411834717 24.4149589538574 24.3469581604004 24.2969570159912 24.238374710083 24.1079998016357 24.0254592895508 23.9776668548584 24.0920829772949 24.1810836791992 24.2275409698486 24.2514171600342 24.2668762207031 24.269624710083 24.28733253479 24.2729167938232 24.2442092895508 24.2147083282471 24.2207927703857 24.2132911682129 24.1784591674805 24.1470413208008 24.1125411987305 24.0761661529541
-3.4e+38 -3.4e+38 -3.4e+38 -3.4e+38 -3.4e+38 -3.4e+38 -3.4e+38 -3.4e+38 -3.4e+38 -3.4e+38 -3.4e+38 -3.4e+38 -3.4e+38 -3.4e+38 -3.4e+38 -3.4e+38 -3.4e+38 -3.4e+38 -3.4e+38 -3.4e+38 -3.4e+38 -3.4e+38 -3.4e+38 24.6859169006348 24.5399990081787 24.3143749237061 24.2450428009033 24.4647922515869 24.4790000915527 24.4888343811035 24.4150428771973 24.423999786377 24.2800827026367 24.1275825500488 24.119291305542 24.0342502593994 24.0779151916504 24.1772499084473 24.2156257629395 24.2171669006348 24.2565002441406 24.2827091217041 24.3045825958252 24.3034572601318 24.3037490844727 24.2783336639404 24.2592086791992 24.2355003356934 24.1995830535889 24.1710834503174 24.1464576721191 24.1068344116211
-3.4e+38 -3.4e+38 -3.4e+38 -3.4e+38 -3.4e+38 -3.4e+38 -3.4e+38 -3.4e+38 -3.4e+38 -3.4e+38 -3.4e+38 -3.4e+38 -3.4e+38 -3.4e+38 -3.4e+38 -3.4e+38 -3.4e+38 -3.4e+38 -3.4e+38 -3.4e+38 -3.4e+38 -3.4e+38 -3.4e+38 24.7237911224365 24.6537494659424 24.5128326416016 24.4459590911865 24.4524173736572 24.4743747711182 24.4733333587646 24.515625 24.441499710083 24.3607082366943 24.2665004730225 24.152250289917 24.09987449646 24.164041519165 24.1413326263428 24.1383323669434 24.189790725708 24.2159175872803 24.2283744812012 24.2530002593994 24.2704582214355 24.3267917633057 24.3333339691162 24.3202075958252 24.2713756561279 24.2344989776611 24.1790428161621 24.1485843658447 24.1179161071777
-3.4e+38 -3.4e+38 -3.4e+38 -3.4e+38 -3.4e+38 -3.4e+38 -3.4e+38 -3.4e+38 -3.4e+38 -3.4e+38 -3.4e+38 -3.4e+38 -3.4e+38 -3.4e+38 -3.4e+38 -3.4e+38 -3.4e+38 -3.4e+38 -3.4e+38 -3.4e+38 -3.4e+38 -3.4e+38 -3.4e+38 -3.4e+38 24.8449592590332 24.7395420074463 24.6510829925537 24.5649585723877 24.5207920074463 24.4907913208008 24.5175838470459 24.4420413970947 24.3071670532227 24.2158756256104 24.136833190918 24.1893749237061 24.220666885376 24.1493339538574 24.1544570922852 24.1708335876465 24.1554584503174 24.1712493896484 24.1849575042725 24.2387084960938 24.3125 24.3494167327881 24.3308334350586 24.3040409088135 24.2679176330566 24.2179584503174 24.1577072143555 24.1487922668457
-3.4e+38 -3.4e+38 -3.4e+38 -3.4e+38 -3.4e+38 -3.4e+38 -3.4e+38 -3.4e+38 -3.4e+38 -3.4e+38 -3.4e+38 -3.4e+38 -3.4e+38 -3.4e+38 -3.4e+38 -3.4e+38 -3.4e+38 -3.4e+38 -3.4e+38 -3.4e+38 -3.4e+38 -3.4e+38 -3.4e+38 -3.4e+38 -3.4e+38 24.8412494659424 24.689582824707 24.6221256256104 24.5367908477783 24.4272079467773 24.5060424804688 24.4680843353271 24.4038753509521 24.2543754577637 24.2070407867432 24.2563343048096 24.2338752746582 24.1362915039062 24.1652088165283 24.2005844116211 24.1594581604004 24.1464576721191 24.1808338165283 24.2392501831055 24.3222923278809 24.3606662750244 24.3744583129883 24.3924160003662 24.3821678161621 24.294750213623 24.2482070922852 24.2477073669434
-3.4e+38 -3.4e+38 -3.4e+38 -3.4e+38 -3.4e+38 -3.4e+38 -3.4e+38 -3.4e+38 -3.4e+38 -3.4e+38 -3.4e+38 -3.4e+38 -3.4e+38 -3.4e+38 -3.4e+38 -3.4e+38 -3.4e+38 -3.4e+38 -3.4e+38 -3.4e+38 -3.4e+38 -3.4e+38 -3.4e+38 -3.4e+38 -3.4e+38 24.8262920379639 24.6479167938232 24.6315841674805 24.5841674804688 24.4512920379639 24.4108753204346 24.4707508087158 24.4040412902832 24.3266258239746 24.2701244354248 24.3182907104492 24.2683334350586 24.1487083435059 24.2008323669434 24.2617492675781 24.2259998321533 24.1887912750244 24.2302494049072 24.291166305542 24.3487091064453 24.3865013122559 24.4162502288818 24.4852905273438 24.5245418548584 24.4187088012695 24.3327922821045 24.2772083282471
-3.4e+38 -3.4e+38 -3.4e+38 -3.4e+38 -3.4e+38 -3.4e+38 -3.4e+38 -3.4e+38 -3.4e+38 -3.4e+38 -3.4e+38 -3.4e+38 -3.4e+38 -3.4e+38 -3.4e+38 -3.4e+38 -3.4e+38 -3.4e+38 -3.4e+38 -3.4e+38 -3.4e+38 -3.4e+38 -3.4e+38 -3.4e+38 -3.4e+38 24.8040828704834 24.7449169158936 24.6856250762939 24.6378746032715 24.5164585113525 24.4516677856445 24.4427089691162 24.4325828552246 24.3727073669434 24.3447914123535 24.3724994659424 24.2946662902832 24.2347087860107 24.2740821838379 24.3183326721191 24.3294582366943 24.3153743743896 24.3287086486816 24.3675842285156 24.3978328704834 24.4029998779297 24.4167499542236 24.4632091522217 24.4856243133545 24.4175834655762 24.3460826873779 24.2730407714844
-3.4e+38 -3.4e+38 -3.4e+38 -3.4e+38 -3.4e+38 -3.4e+38 -3.4e+38 -3.4e+38 -3.4e+38 -3.4e+38 -3.4e+38 -3.4e+38 -3.4e+38 -3.4e+38 -3.4e+38 -3.4e+38 -3.4e+38 -3.4e+38 -3.4e+38 -3.4e+38 -3.4e+38 -3.4e+38 -3.4e+38 -3.4e+38 -3.4e+38 -3.4e+38 -3.4e+38 -3.4e+38 -3.4e+38 24.5952072143555 24.5370826721191 24.5106658935547 24.480749130249 24.4264583587646 24.4093742370605 24.404541015625 24.3763751983643 24.3557090759277 24.367208480835 24.4208335876465 24.4642505645752 24.4733333587646 24.4653759002686 24.4642925262451 24.4499588012695 24.4291667938232 24.4061241149902 24.3832912445068 24.3754997253418 24.3547916412354 24.3382911682129 24.2596664428711
-3.4e+38 -3.4e+38 -3.4e+38 -3.4e+38 -3.4e+38 -3.4e+38 -3.4e+38 -3.4e+38 -3.4e+38 -3.4e+38 -3.4e+38 -3.4e+38 -3.4e+38 -3.4e+38 -3.4e+38 -3.4e+38 -3.4e+38 -3.4e+38 -3.4e+38 -3.4e+38 -3.4e+38 -3.4e+38 -3.4e+38 -3.4e+38 -3.4e+38 -3.4e+38 -3.4e+38 -3.4e+38 -3.4e+38 -3.4e+38 -3.4e+38 -3.4e+38 -3.4e+38 24.5329170227051 24.5056667327881 24.4608325958252 24.4443340301514 24.4463329315186 24.4754581451416 24.5396671295166 24.597541809082 24.6232089996338 24.6117095947266 24.5792083740234 24.5225830078125 24.4617500305176 24.3883323669434 24.3171672821045 24.3102912902832 24.3277912139893 24.3167495727539 24.2605838775635
-3.4e+38 -3.4e+38 -3.4e+38 -3.4e+38 -3.4e+38 -3.4e+38 -3.4e+38 -3.4e+38 -3.4e+38 -3.4e+38 -3.4e+38 -3.4e+38 -3.4e+38 -3.4e+38 -3.4e+38 -3.4e+38 -3.4e+38 -3.4e+38 -3.4e+38 -3.4e+38 -3.4e+38 -3.4e+38 -3.4e+38 -3.4e+38 -3.4e+38 -3.4e+38 -3.4e+38 -3.4e+38 -3.4e+38 -3.4e+38 -3.4e+38 -3.4e+38 -3.4e+38 -3.4e+38 24.5938339233398 24.5952911376953 24.5807495117188 24.5607490539551 24.5904159545898 24.6710414886475 24.7227916717529 24.7297077178955 24.7245826721191 24.6796245574951 24.5987911224365 24.5132503509521 24.4184169769287 24.298999786377 24.2929172515869 24.3264579772949 24.2859992980957 24.2411251068115
-3.4e+38 -3.4e+38 -3.4e+38 -3.4e+38 -3.4e+38 -3.4e+38 -3.4e+38 -3.4e+38 -3.4e+38 -3.4e+38 -3.4e+38 -3.4e+38 -3.4e+38 -3.4e+38 -3.4e+38 -3.4e+38 -3.4e+38 -3.4e+38 -3.4e+38 -3.4e+38 -3.4e+38 -3.4e+38 -3.4e+38 -3.4e+38 -3.4e+38 -3.4e+38 -3.4e+38 -3.4e+38 -3.4e+38 -3.4e+38 -3.4e+38 -3.4e+38 -3.4e+38 -3.4e+38 -3.4e+38 24.6199569702148 24.6598739624023 24.6892910003662 24.7067909240723 24.7552909851074 24.7906246185303 24.8117923736572 24.7857074737549 24.7257080078125 24.6832084655762 24.6149997711182 24.5327491760254 24.4185829162598 24.3568344116211 24.3306255340576 24.2809581756592 24.222957611084
