layers/tmean9.asc
NCOLS 421 
NROWS 354 
XLLCORNER -106.645833332895 
YLLCORNER 25.8541666666667 
CELLSIZE 0.0416666666669039 
NODATA_value -3.4e+38 
[rows 23 to 45 of 354, columns 104 to 155 of 421]
-3.4e+38 -3.4e+38 -3.4e+38 -3.4e+38 -3.4e+38 -3.4e+38 9.64208316802979 9.67150020599365 9.7212085723877 9.69208335876465 9.70475006103516 9.73737525939941 9.75491714477539 9.73812484741211 9.76825046539307 9.81358337402344 9.85116672515869 9.89941692352295 9.92399978637695 9.93662452697754 9.97104167938232 10.0112085342407 10.0454168319702 10.081958770752 10.0789165496826 10.0973749160767 10.1360416412354 10.1555833816528 10.1514587402344 10.1539583206177 10.1632919311523 10.1752500534058 10.1687498092651 10.1695003509521 10.1779165267944 10.1939163208008 10.217999458313 10.2311248779297 10.1979169845581 10.2191667556763 10.2779998779297 10.3356666564941 10.3570413589478 10.3710832595825 10.3997087478638 10.4118328094482 10.447208404541 10.4125003814697 10.4229164123535 10.4589996337891 10.5208330154419 10.6000413894653
-3.4e+38 -3.4e+38 -3.4e+38 -3.4e+38 -3.4e+38 -3.4e+38 9.60141658782959 9.61833381652832 9.62933349609375 9.65145874023438 9.69499969482422 9.74195861816406 9.7678747177124 9.78004169464111 9.79112529754639 9.80112552642822 9.85695838928223 9.87341690063477 9.89537525177002 9.95045852661133 10.0000410079956 10.0095415115356 10.0032920837402 10.05637550354 10.0980005264282 10.1282081604004 10.1456251144409 10.1715831756592 10.2035417556763 10.2180833816528 10.2302503585815 10.2101249694824 10.1897077560425 10.1983757019043 10.2180414199829 10.24387550354 10.2401256561279 10.2373743057251 10.2500829696655 10.2483749389648 10.3310832977295 10.3765420913696 10.3711252212524 10.3584585189819 10.3879585266113 10.4302911758423 10.4543333053589 10.4979162216187 10.535249710083 10.5704584121704 10.634708404541 10.7042083740234
-3.4e+38 -3.4e+38 -3.4e+38 -3.4e+38 -3.4e+38 -3.4e+38 9.54654121398926 9.58924961090088 9.60216617584229 9.61987495422363 9.66050052642822 9.70687484741211 9.73324966430664 9.74612522125244 9.76341724395752 9.78816699981689 9.85212516784668 9.86337471008301 9.90145778656006 9.94937515258789 9.95966720581055 9.96045875549316 9.97879123687744 10.0150833129883 10.0685415267944 10.1300420761108 10.1769161224365 10.1890420913696 10.200249671936 10.1958751678467 10.2305002212524 10.2599582672119 10.297833442688 10.346625328064 10.3270835876465 10.3277082443237 10.3128747940063 10.3074998855591 10.3249588012695 10.3651247024536 10.3431253433228 10.3581247329712 10.3795413970947 10.4027919769287 10.4278755187988 10.4640836715698 10.5120420455933 10.5607919692993 10.5782079696655 10.5914583206177 10.6424579620361 10.7157917022705
-3.4e+38 -3.4e+38 -3.4e+38 -3.4e+38 -3.4e+38 -3.4e+38 9.52970790863037 9.54783344268799 9.57724952697754 9.62487506866455 9.66795825958252 9.68350028991699 9.69179153442383 9.71804141998291 9.7631254196167 9.81783294677734 9.86887550354004 9.87224960327148 9.88216686248779 9.90454196929932 9.93829154968262 9.96074962615967 9.98145866394043 10.0186252593994 10.1086254119873 10.1466665267944 10.1556253433228 10.1791667938232 10.2253332138062 10.2684164047241 10.3172912597656 10.339958190918 10.331000328064 10.3492498397827 10.3821249008179 10.4081249237061 10.4170417785645 10.4096250534058 10.4331665039062 10.4328336715698 10.4326667785645 10.4599580764771 10.5155420303345 10.508749961853 10.5133752822876 10.533166885376 10.5366668701172 10.5697917938232 10.6102085113525 10.6207914352417 10.6575002670288 10.7013330459595
-3.4e+38 -3.4e+38 -3.4e+38 -3.4e+38 -3.4e+38 -3.4e+38 9.51850032806396 9.54354190826416 9.57529163360596 9.63224983215332 9.70691680908203 9.74179172515869 9.76604175567627 9.80112457275391 9.83420848846436 9.86054134368896 9.85725021362305 9.89883327484131 9.89541625976562 9.90529155731201 9.90341663360596 9.92525005340576 9.99816703796387 10.0346670150757 10.0763330459595 10.145583152771 10.2036247253418 10.2217082977295 10.2770414352417 10.2969999313354 10.3082084655762 10.3166666030884 10.3486671447754 10.3956670761108 10.4062080383301 10.4179162979126 10.4184999465942 10.434624671936 10.4702920913696 10.4653329849243 10.4873332977295 10.5372915267944 10.6018333435059 10.6218328475952 10.6445827484131 10.6167497634888 10.6273746490479 10.6491250991821 10.6499166488647 10.6675834655762 10.7167501449585 10.7396669387817
-3.4e+38 -3.4e+38 -3.4e+38 -3.4e+38 -3.4e+38 -3.4e+38 9.55412483215332 9.5912504196167 9.64783382415771 9.70962524414062 9.75991630554199 9.78945827484131 9.8105001449585 9.85429191589355 9.89254188537598 9.91104125976562 9.90833282470703 9.89895820617676 9.89945793151855 9.91379165649414 9.90779209136963 9.95279216766357 9.96325016021729 10.0275001525879 10.0797500610352 10.1548748016357 10.2312917709351 10.2583751678467 10.2954578399658 10.3540000915527 10.3872499465942 10.3857507705688 10.3615417480469 10.3554582595825 10.3823337554932 10.4020004272461 10.4359169006348 10.4442911148071 10.4497919082642 10.4645833969116 10.4942083358765 10.5678749084473 10.6272087097168 10.6631669998169 10.6957502365112 10.7076663970947 10.6892499923706 10.6827087402344 10.6537494659424 10.6825828552246 10.7360000610352 10.7639999389648
-3.4e+38 -3.4e+38 -3.4e+38 -3.4e+38 -3.4e+38 -3.4e+38 9.52995777130127 9.58916664123535 9.66770839691162 9.71787452697754 9.72383308410645 9.75991630554199 9.83554172515869 9.85616683959961 9.87441635131836 9.88533306121826 9.89358329772949 9.88066673278809 9.85512542724609 9.8814582824707 9.91337490081787 9.96574974060059 9.97774982452393 10.0216245651245 10.0845832824707 10.1332921981812 10.1813335418701 10.2250413894653 10.2886667251587 10.3297080993652 10.3558330535889 10.3419170379639 10.3446245193481 10.3724164962769 10.3696250915527 10.3801250457764 10.4075412750244 10.4250001907349 10.4538335800171 10.4634170532227 10.50950050354 10.593957901001 10.640625 10.6880006790161 10.7167081832886 10.7408332824707 10.7387504577637 10.7268753051758 10.7728338241577 10.7620830535889 10.7630414962769 10.7911243438721
-3.4e+38 -3.4e+38 -3.4e+38 -3.4e+38 -3.4e+38 -3.4e+38 9.53962516784668 9.58954238891602 9.61250019073486 9.64408302307129 9.7058744430542 9.76154136657715 9.79691696166992 9.8162088394165 9.83441638946533 9.86179161071777 9.87712478637695 9.848708152771 9.83741664886475 9.87416648864746 9.89866733551025 9.9558744430542 9.99212455749512 10.0375833511353 10.1115837097168 10.1711254119873 10.230541229248 10.2736663818359 10.2785415649414 10.2716665267944 10.2876253128052 10.3072500228882 10.3011665344238 10.3281669616699 10.3462505340576 10.3607501983643 10.3993330001831 10.4322500228882 10.4573335647583 10.5142498016357 10.5644998550415 10.6257915496826 10.6832084655762 10.7040414810181 10.7266244888306 10.7350416183472 10.7346248626709 10.7975416183472 10.7901668548584 10.7846670150757 10.8013744354248 10.8082914352417
-3.4e+38 -3.4e+38 -3.4e+38 -3.4e+38 -3.4e+38 -3.4e+38 9.48212432861328 9.51824951171875 9.56416702270508 9.61054134368896 9.67312526702881 9.71654224395752 9.76824951171875 9.80808353424072 9.82329177856445 9.84575080871582 9.87708377838135 9.85370826721191 9.87341690063477 9.88595867156982 9.90629196166992 9.92791652679443 9.9774169921875 10.0325412750244 10.1003751754761 10.1563329696655 10.2202081680298 10.2666664123535 10.2969169616699 10.2979583740234 10.2785835266113 10.3066253662109 10.3216247558594 10.3344583511353 10.3588333129883 10.3853750228882 10.413125038147 10.4577503204346 10.4598331451416 10.4815835952759 10.5354585647583 10.5944585800171 10.6727085113525 10.7150001525879 10.7622919082642 10.7504587173462 10.7552919387817 10.7292919158936 10.7227087020874 10.7054166793823 10.7366247177124 10.7972497940063
-3.4e+38 -3.4e+38 -3.4e+38 -3.4e+38 -3.4e+38 -3.4e+38 9.48808288574219 9.49104118347168 9.53108310699463 9.55054187774658 9.60970878601074 9.68245792388916 9.74275016784668 9.78220844268799 9.80683326721191 9.83870887756348 9.88245868682861 9.9022912979126 9.91254138946533 9.91308307647705 9.94529151916504 9.96658325195312 10.0158338546753 10.0786666870117 10.1377506256104 10.1830425262451 10.2389163970947 10.2728328704834 10.3037080764771 10.2683753967285 10.2910833358765 10.3268327713013 10.3278751373291 10.3258333206177 10.3205833435059 10.3701667785645 10.3987503051758 10.4362077713013 10.4705829620361 10.4983329772949 10.5516662597656 10.6237916946411 10.6526660919189 10.6639165878296 10.7190418243408 10.7186660766602 10.7102918624878 10.711874961853 10.7120838165283 10.6994581222534 10.7370834350586 10.7636251449585
-3.4e+38 -3.4e+38 -3.4e+38 -3.4e+38 -3.4e+38 -3.4e+38 9.49483299255371 9.51804161071777 9.54987525939941 9.60037517547607 9.63829135894775 9.70349979400635 9.80504131317139 9.87766647338867 9.90387535095215 9.86283302307129 9.90104198455811 9.93466663360596 9.95620822906494 9.97341632843018 9.9980001449585 10.0657081604004 10.096583366394 10.1409168243408 10.1875829696655 10.2173748016357 10.2545003890991 10.2727079391479 10.2860412597656 10.30162525177 10.3043746948242 10.2947082519531 10.3069581985474 10.3234996795654 10.3352079391479 10.3303337097168 10.3810005187988 10.423999786377 10.4435834884644 10.4910001754761 10.5707082748413 10.5960416793823 10.6319169998169 10.6754579544067 10.7182912826538 10.7503747940063 10.7679586410522 10.7483749389648 10.7486667633057 10.7740421295166 10.8188333511353 10.8480415344238
-3.4e+38 -3.4e+38 -3.4e+38 -3.4e+38 -3.4e+38 -3.4e+38 9.51675033569336 9.56420803070068 9.58020782470703 9.64575004577637 9.6897087097168 9.73920822143555 9.8100414276123 9.86504173278809 9.91958332061768 10.0205001831055 10.035249710083 10.0336246490479 10.0406665802002 10.0660419464111 10.0966663360596 10.1526670455933 10.1988754272461 10.2048330307007 10.2222919464111 10.2757081985474 10.2790832519531 10.3008337020874 10.3333330154419 10.333083152771 10.3339166641235 10.3110837936401 10.2981252670288 10.3117914199829 10.3260412216187 10.3541250228882 10.4119997024536 10.482250213623 10.4975414276123 10.5490837097168 10.5950412750244 10.6156663894653 10.650333404541 10.7043752670288 10.7415418624878 10.7708749771118 10.8054580688477 10.8269577026367 10.8387079238892 10.8677921295166 10.9195413589478 10.9187498092651
-3.4e+38 -3.4e+38 -3.4e+38 -3.4e+38 -3.4e+38 -3.4e+38 9.53558349609375 9.57600021362305 9.6068754196167 9.64320850372314 9.72187519073486 9.82608318328857 9.87483310699463 9.96258354187012 9.95820808410645 10.0152921676636 10.0339584350586 10.095832824707 10.1710004806519 10.22350025177 10.2658748626709 10.2347087860107 10.2371664047241 10.2188329696655 10.2761669158936 10.3107919692993 10.3181667327881 10.3613748550415 10.3707084655762 10.3777084350586 10.3714170455933 10.3588752746582 10.3402500152588 10.3536252975464 10.3459577560425 10.3532085418701 10.3853340148926 10.4346256256104 10.4732494354248 10.5334167480469 10.5586242675781 10.5967502593994 10.6315002441406 10.6673336029053 10.6867084503174 10.7210826873779 10.7419166564941 10.7936668395996 10.8294582366943 10.8649997711182 10.9177083969116 10.9498329162598
-3.4e+38 -3.4e+38 -3.4e+38 -3.4e+38 -3.4e+38 -3.4e+38 9.57295799255371 9.63133335113525 9.65804195404053 9.72420787811279 9.80854225158691 9.9067497253418 10.0021667480469 10.0572919845581 10.147500038147 10.1636667251587 10.1876668930054 10.1574993133545 10.1173753738403 10.1737499237061 10.2494993209839 10.3722085952759 10.3544998168945 10.2697076797485 10.3036661148071 10.3450832366943 10.3808746337891 10.4073753356934 10.4336252212524 10.4328336715698 10.4135417938232 10.3607921600342 10.3386669158936 10.3752498626709 10.4261665344238 10.4358329772949 10.4744167327881 10.4812088012695 10.5256662368774 10.5441665649414 10.5791664123535 10.6121664047241 10.6409168243408 10.6545839309692 10.6742086410522 10.6876668930054 10.7034168243408 10.7549161911011 10.8074579238892 10.8315420150757 10.8977918624878 10.9267921447754
-3.4e+38 -3.4e+38 -3.4e+38 -3.4e+38 -3.4e+38 -3.4e+38 9.64183330535889 9.71333312988281 9.80783367156982 9.92329216003418 10.0042505264282 10.0687913894653 10.0629167556763 10.0527496337891 10.1119165420532 10.1810836791992 10.2485418319702 10.3012504577637 10.3017501831055 10.2964162826538 10.2882080078125 10.369291305542 10.4379997253418 10.3991250991821 10.3544998168945 10.3565425872803 10.3722505569458 10.4175415039062 10.4166250228882 10.4137916564941 10.4055833816528 10.4098329544067 10.4638338088989 10.4712085723877 10.4823331832886 10.5332918167114 10.5457496643066 10.5758333206177 10.6097087860107 10.6079998016357 10.5823335647583 10.6113748550415 10.6180419921875 10.6205415725708 10.6536254882812 10.6782083511353 10.7096252441406 10.7697496414185 10.8086252212524 10.8615837097168 10.8903751373291 10.9195003509521
-3.4e+38 -3.4e+38 -3.4e+38 -3.4e+38 -3.4e+38 -3.4e+38 9.70470809936523 9.76291656494141 9.79154205322266 9.95587539672852 10.1075410842896 10.2532081604004 10.2383337020874 10.15149974823 10.2442083358765 10.2834997177124 10.2527914047241 10.2945003509521 10.30162525177 10.4119997024536 10.3819999694824 10.3951253890991 10.4357919692993 10.5190410614014 10.4547080993652 10.4622917175293 10.4796667098999 10.4503335952759 10.4844589233398 10.4802494049072 10.4625835418701 10.4792499542236 10.488166809082 10.5073328018188 10.5504169464111 10.6001663208008 10.6413335800171 10.677583694458 10.6959581375122 10.670708656311 10.6566247940063 10.6673336029053 10.6365003585815 10.6280422210693 10.6416254043579 10.6873331069946 10.7348747253418 10.765625 10.8014583587646 10.8467502593994 10.9002504348755 10.942666053772
-3.4e+38 -3.4e+38 -3.4e+38 -3.4e+38 -3.4e+38 -3.4e+38 9.79495811462402 9.90583324432373 9.98175048828125 10.0613746643066 10.2299585342407 10.4253339767456 10.5119161605835 10.4350414276123 10.4247913360596 10.4290838241577 10.3914585113525 10.408374786377 10.4045829772949 10.415958404541 10.4338750839233 10.4265413284302 10.4597501754761 10.5042085647583 10.5732917785645 10.5597915649414 10.5844163894653 10.5912084579468 10.6011247634888 10.6362915039062 10.6030836105347 10.5700416564941 10.5219583511353 10.531042098999 10.5655002593994 10.6052503585815 10.6182909011841 10.6478748321533 10.672833442688 10.6956663131714 10.7022914886475 10.7232084274292 10.7220001220703 10.6934585571289 10.7233333587646 10.7578744888306 10.8002080917358 10.8185005187988 10.8358335494995 10.873833656311 10.9173336029053 10.9511661529541
-3.4e+38 -3.4e+38 -3.4e+38 -3.4e+38 -3.4e+38 -3.4e+38 9.96529197692871 10.0592498779297 10.095666885376 10.2162494659424 10.3430833816528 10.4311246871948 10.5271663665771 10.4962921142578 10.4886665344238 10.4539585113525 10.4928331375122 10.4557085037231 10.4761667251587 10.4781246185303 10.49049949646 10.5138339996338 10.5128746032715 10.5597085952759 10.5961666107178 10.6401662826538 10.6864166259766 10.7087917327881 10.6973752975464 10.7100830078125 10.6997499465942 10.7029581069946 10.6554164886475 10.5875415802002 10.6041250228882 10.6510419845581 10.674750328064 10.6688747406006 10.7009582519531 10.685583114624 10.6753330230713 10.7146253585815 10.6907081604004 10.7141666412354 10.7631254196167 10.7914171218872 10.8286666870117 10.8761253356934 10.9079580307007 10.9364995956421 10.9918336868286 11.0245838165283
-3.4e+38 -3.4e+38 -3.4e+38 -3.4e+38 -3.4e+38 -3.4e+38 9.96833324432373 9.99866676330566 10.067666053772 10.0994167327881 10.2197914123535 10.4153747558594 10.4646663665771 10.4364995956421 10.4341669082642 10.4675416946411 10.5044164657593 10.488208770752 10.4576663970947 10.4358329772949 10.4499168395996 10.4431247711182 10.450083732605 10.4456253051758 10.4946660995483 10.5314998626709 10.5729999542236 10.6372499465942 10.7037496566772 10.7263336181641 10.778374671936 10.8092918395996 10.7455835342407 10.7102088928223 10.7071666717529 10.7156248092651 10.6591243743896 10.7432079315186 10.8259582519531 10.8396663665771 10.8147497177124 10.7789163589478 10.8056669235229 10.7757501602173 10.8331251144409 10.8607912063599 10.8588752746582 10.8857917785645 10.900541305542 10.9467086791992 10.9965410232544 11.0774164199829
-3.4e+38 -3.4e+38 -3.4e+38 -3.4e+38 -3.4e+38 -3.4e+38 9.99762439727783 10.0292081832886 10.1018753051758 10.14537525177 10.1924171447754 10.2771253585815 10.2867918014526 10.3199167251587 10.3678331375122 10.4283332824707 10.3363332748413 10.2903747558594 10.2945003509521 10.3131666183472 10.3552083969116 10.3642911911011 10.3790836334229 10.3715419769287 10.4355411529541 10.4790830612183 10.4985418319702 10.527458190918 10.5821666717529 10.6197919845581 10.6668329238892 10.8257503509521 10.8549585342407 10.8099164962769 10.8158750534058 10.8076667785645 10.7832918167114 10.7740831375122 10.7501668930054 10.8234996795654 10.9025001525879 10.9260005950928 10.9302911758423 10.8881244659424 10.8848752975464 10.9380006790161 10.9350414276123 10.9413747787476 10.9542922973633 10.9695415496826 10.9922914505005 11.0559997558594
-3.4e+38 -3.4e+38 -3.4e+38 -3.4e+38 -3.4e+38 -3.4e+38 10.0069999694824 10.0311660766602 10.0524168014526 10.1076669692993 10.1249580383301 10.1947498321533 10.2871246337891 10.3304996490479 10.3183336257935 10.2757081985474 10.2668752670288 10.2574996948242 10.2693338394165 10.2974586486816 10.3094167709351 10.3821249008179 10.4316253662109 10.4606256484985 10.4709587097168 10.5160417556763 10.5756244659424 10.6113748550415 10.6205835342407 10.6483755111694 10.6931247711182 10.7493333816528 10.7630004882812 10.7840414047241 10.8536252975464 10.8805837631226 10.9428749084473 10.9675416946411 10.9222078323364 10.9077081680298 10.9038753509521 10.9769163131714 11.0140419006348 10.9957914352417 10.9783744812012 11.013500213623 11.0111255645752 11.0450420379639 11.0217504501343 11.0273752212524 11.056791305542 11.0972919464111
-3.4e+38 -3.4e+38 -3.4e+38 -3.4e+38 -3.4e+38 -3.4e+38 10.0086669921875 10.0235834121704 10.0663747787476 10.1000003814697 10.1277084350586 10.1623334884644 10.2119579315186 10.2626667022705 10.2520418167114 10.2500419616699 10.2548332214355 10.2709999084473 10.2477502822876 10.2553749084473 10.2705001831055 10.3195419311523 10.3383331298828 10.3580417633057 10.3592500686646 10.4174585342407 10.4588327407837 10.5016670227051 10.5657081604004 10.6341667175293 10.6891250610352 10.6926250457764 10.7626247406006 10.7883758544922 10.7738332748413 10.7839164733887 10.8549165725708 10.9893751144409 11.0572500228882 11.0674171447754 11.0755834579468 11.0931253433228 11.0936250686646 11.1066665649414 11.1252918243408 11.0883750915527 11.1082916259766 11.1244583129883 11.1088752746582 11.0494995117188 11.0796661376953 11.1313333511353
-3.4e+38 -3.4e+38 -3.4e+38 -3.4e+38 -3.4e+38 -3.4e+38 10.0340414047241 10.0391254425049 10.048999786377 10.0901250839233 10.1279582977295 10.1513748168945 10.1799583435059 10.2112503051758 10.2304582595825 10.2535419464111 10.2751665115356 10.2795839309692 10.2891664505005 10.2693328857422 10.2944583892822 10.3349580764771 10.3530416488647 10.3854169845581 10.425874710083 10.4495830535889 10.4774580001831 10.5214586257935 10.5682916641235 10.5971250534058 10.6378335952759 10.6579580307007 10.6712493896484 10.741250038147 10.691291809082 10.7195835113525 10.8246660232544 10.9324169158936 10.902416229248 10.9524583816528 10.9919166564941 11.0144166946411 11.0175838470459 11.0362911224365 11.0746669769287 11.0749998092651 11.1033334732056 11.1258745193481 11.1540002822876 11.0985832214355 11.1212921142578 11.1654167175293
