layers/tmean11.asc
NCOLS 421 
NROWS 354 
XLLCORNER -106.645833332895 
YLLCORNER 25.8541666666667 
CELLSIZE 0.0416666666669039 
NODATA_value -3.4e+38 
[rows 92 to 114 of 354, columns 260 to 311 of 421]
15.3460826873779 15.3524580001831 15.1342086791992 15.1079168319702 15.1199588775635 15.0952501296997 15.0580415725708 15.0336246490479 15.0070829391479 14.9486255645752 14.8181247711182 14.7072505950928 14.8626251220703 15.0400419235229 15.0989170074463 15.1625833511353 15.1705837249756 15.2047500610352 15.2847919464111 15.3377914428711 15.3649587631226 15.3803329467773 15.3678331375122 15.3400001525879 15.3208332061768 15.319167137146 15.2368335723877 15.0676670074463 14.9167499542236 14.7739582061768 14.7588748931885 14.7009582519531 14.5169582366943 14.3467922210693 14.3393335342407 14.2977075576782 14.4307498931885 14.3264579772949 14.2175416946411 14.28125 14.2406253814697 14.166166305542 14.0823335647583 14.0668334960938 13.9351243972778 13.7941665649414 13.7649583816528 13.8260831832886 13.8252086639404 13.9195423126221 13.9928331375122 14.0197916030884
15.3824586868286 15.3957080841064 15.221625328064 15.115291595459 15.1772918701172 15.1497917175293 15.1320419311523 15.1420831680298 15.1377077102661 15.122917175293 14.9998331069946 14.9107084274292 15.0714168548584 15.1005001068115 15.1767501831055 15.2497911453247 15.2847080230713 15.3035831451416 15.3317499160767 15.4009580612183 15.4105415344238 15.40625 15.3771667480469 15.3345003128052 15.3095827102661 15.4150419235229 15.1630830764771 15.0662078857422 14.9989995956421 14.9563331604004 14.7285003662109 14.5842084884644 14.4996662139893 14.4373750686646 14.5631666183472 14.4120416641235 14.4635000228882 14.3627500534058 14.263708114624 14.2683334350586 14.2323331832886 14.177791595459 14.0827913284302 13.9547080993652 13.8177089691162 13.7231254577637 13.6777496337891 13.7055835723877 13.6963748931885 13.9015007019043 14.0232915878296 14.0226669311523
15.2942085266113 15.3538331985474 15.3454999923706 15.2272081375122 15.2094583511353 15.2299165725708 15.2065000534058 15.2227916717529 15.2628335952759 15.2551250457764 15.173957824707 15.0926246643066 15.1562919616699 15.2261667251587 15.2641668319702 15.3023338317871 15.3177919387817 15.3468332290649 15.3774166107178 15.4615001678467 15.4310836791992 15.420750617981 15.3724164962769 15.3699579238892 15.425874710083 15.4004583358765 15.3927917480469 15.4142913818359 15.2803754806519 15.0725412368774 14.7249994277954 14.5622501373291 14.5880832672119 14.673041343689 14.5559997558594 14.4247922897339 14.3679170608521 14.3982915878296 14.3381252288818 14.3901672363281 14.3394584655762 14.3109579086304 14.164999961853 13.9442501068115 13.7592916488647 13.684666633606 13.6657915115356 13.6205415725708 13.6628751754761 13.7875413894653 13.8962917327881 14.027416229248
15.3367080688477 15.3953332901001 15.4837083816528 15.3864583969116 15.3085412979126 15.2675828933716 15.2485418319702 15.3474588394165 15.3887500762939 15.4223327636719 15.3341255187988 15.2904996871948 15.2987499237061 15.2612915039062 15.3705835342407 15.3965005874634 15.390625 15.4019584655762 15.4762496948242 15.508957862854 15.4413747787476 15.4439163208008 15.5075006484985 15.5537090301514 15.467791557312 15.3344583511353 15.3718748092651 15.4227075576782 15.3773746490479 15.2008333206177 14.8171243667603 14.621958732605 14.7325420379639 14.7419586181641 14.6748752593994 14.7149171829224 14.7109994888306 14.6067914962769 14.4546251296997 14.4409999847412 14.4289579391479 14.3452920913696 14.2168750762939 13.9469585418701 13.7624168395996 13.7884588241577 13.719874382019 13.7667083740234 13.7889585494995 13.9770832061768 14.0889158248901 14.1336669921875
15.5327501296997 15.5065412521362 15.4210414886475 15.36549949646 15.3607921600342 15.257833480835 15.3108339309692 15.4739170074463 15.4886255264282 15.4642915725708 15.5209589004517 15.5782499313354 15.5190000534058 15.4217081069946 15.4543333053589 15.4602918624878 15.4822912216187 15.5272083282471 15.535041809082 15.529333114624 15.5214586257935 15.5267496109009 15.5490837097168 15.4821252822876 15.4314165115356 15.3602495193481 15.347749710083 15.3669166564941 15.3212919235229 15.1295413970947 15.2084159851074 15.0296249389648 15.0446252822876 14.9732494354248 15.0104999542236 14.7902507781982 14.7142086029053 14.5826253890991 14.4770832061768 14.4604578018188 14.4778747558594 14.4372081756592 14.2864580154419 13.9604997634888 13.9425001144409 13.9811248779297 14.0981254577637 14.1885833740234 14.1681671142578 14.154333114624 14.2079582214355 14.2295827865601
15.5678329467773 15.5337085723877 15.4592084884644 15.3937911987305 15.3531246185303 15.3234586715698 15.414249420166 15.487208366394 15.5182495117188 15.4310417175293 15.5471248626709 15.5731248855591 15.5501661300659 15.4748754501343 15.5534582138062 15.5867500305176 15.6331672668457 15.6490831375122 15.6259164810181 15.6062917709351 15.5822086334229 15.5261669158936 15.4860420227051 15.4965000152588 15.4270420074463 15.4724578857422 15.4766664505005 15.4916248321533 15.4575414657593 15.291166305542 15.2420835494995 15.29075050354 15.1760416030884 15.0831670761108 14.9874582290649 14.8988332748413 14.9170417785645 14.6651248931885 14.5013332366943 14.4468746185303 14.5319166183472 14.3770837783813 14.2831249237061 14.1582498550415 13.9897918701172 14.0063333511353 14.3140420913696 14.4546661376953 14.460916519165 14.3850002288818 14.3559579849243 14.415207862854
15.5639581680298 15.54212474823 15.4197082519531 15.4896249771118 15.4467086791992 15.4121246337891 15.4469165802002 15.48912525177 15.4975833892822 15.3907499313354 15.4359169006348 15.5770416259766 15.4607915878296 15.4842920303345 15.5950412750244 15.7006664276123 15.7483329772949 15.8012495040894 15.7910003662109 15.7359580993652 15.6579999923706 15.5618333816528 15.499041557312 15.4627914428711 15.4245834350586 15.4411668777466 15.3908338546753 15.3292922973633 15.3428335189819 15.3657083511353 15.3880414962769 15.4685831069946 15.5003337860107 15.3323755264282 15.1663331985474 14.8817081451416 14.9013328552246 14.7344169616699 14.58287525177 14.5016670227051 14.5862503051758 14.6291666030884 14.5870418548584 14.3340005874634 14.0524578094482 14.1710834503174 14.5321254730225 14.6725006103516 14.6180830001831 14.553750038147 14.6280002593994 14.6041250228882
15.574333190918 15.491250038147 15.3869161605835 15.3947086334229 15.3656253814697 15.4142923355103 15.5669164657593 15.5296669006348 15.5244169235229 15.4253749847412 15.3512496948242 15.4160413742065 15.4322500228882 15.4932918548584 15.5845003128052 15.7560424804688 15.9302921295166 15.9940004348755 16.0124588012695 15.923791885376 15.769458770752 15.6286668777466 15.5083332061768 15.4539585113525 15.3839168548584 15.3132495880127 15.3292503356934 15.2887506484985 15.2918329238892 -3.4e+38 -3.4e+38 -3.4e+38 -3.4e+38 -3.4e+38 -3.4e+38 -3.4e+38 -3.4e+38 -3.4e+38 -3.4e+38 -3.4e+38 -3.4e+38 -3.4e+38 -3.4e+38 -3.4e+38 -3.4e+38 -3.4e+38 -3.4e+38 -3.4e+38 -3.4e+38 -3.4e+38 -3.4e+38 -3.4e+38
15.5432081222534 15.4919586181641 15.382791519165 15.4178743362427 15.4344167709351 15.5289583206177 15.5442085266113 15.5947914123535 15.6735000610352 15.5407085418701 15.5307912826538 15.3332500457764 15.3801250457764 15.4947080612183 15.5829162597656 15.780291557312 16.0376663208008 16.2040843963623 16.2043743133545 16.0462913513184 15.8411664962769 15.6308746337891 15.4621248245239 15.3479995727539 15.3232078552246 15.2860412597656 15.2615003585815 15.3325834274292 15.3718338012695 -3.4e+38 -3.4e+38 -3.4e+38 -3.4e+38 -3.4e+38 -3.4e+38 -3.4e+38 -3.4e+38 -3.4e+38 -3.4e+38 -3.4e+38 -3.4e+38 -3.4e+38 -3.4e+38 -3.4e+38 -3.4e+38 -3.4e+38 -3.4e+38 -3.4e+38 -3.4e+38 -3.4e+38 -3.4e+38 -3.4e+38
15.6819171905518 15.5211668014526 15.4937086105347 15.3984994888306 15.4722089767456 15.4976663589478 15.3952083587646 15.4987916946411 15.6740417480469 15.5128746032715 15.3862915039062 15.34987449646 15.3855419158936 15.4898338317871 15.6148328781128 15.8148336410522 16.0354175567627 16.2406673431396 16.2436676025391 16.0566253662109 15.8290414810181 15.6132497787476 15.3998756408691 15.2728748321533 15.2759580612183 15.3417501449585 15.4292497634888 15.4047498703003 15.3119163513184 -3.4e+38 -3.4e+38 -3.4e+38 -3.4e+38 -3.4e+38 -3.4e+38 -3.4e+38 -3.4e+38 -3.4e+38 -3.4e+38 -3.4e+38 -3.4e+38 -3.4e+38 -3.4e+38 -3.4e+38 -3.4e+38 -3.4e+38 -3.4e+38 -3.4e+38 -3.4e+38 -3.4e+38 -3.4e+38 -3.4e+38
15.8674583435059 15.8067502975464 15.6105422973633 15.4785413742065 15.4931669235229 15.4890413284302 15.4849996566772 15.406042098999 15.3314170837402 15.3640003204346 15.324125289917 15.3436250686646 15.4344997406006 15.4769582748413 15.5392913818359 15.7125415802002 15.9764585494995 16.064208984375 16.0393333435059 15.9375419616699 15.7453336715698 15.5511665344238 15.3705415725708 15.2988748550415 15.2818746566772 15.4181671142578 15.4326667785645 15.5048332214355 15.3983335494995 -3.4e+38 -3.4e+38 -3.4e+38 -3.4e+38 -3.4e+38 -3.4e+38 -3.4e+38 -3.4e+38 -3.4e+38 -3.4e+38 -3.4e+38 -3.4e+38 -3.4e+38 -3.4e+38 -3.4e+38 -3.4e+38 -3.4e+38 -3.4e+38 -3.4e+38 -3.4e+38 -3.4e+38 -3.4e+38 -3.4e+38
15.9723339080811 15.8803749084473 15.7270832061768 15.5494585037231 15.5149173736572 15.5255002975464 15.40149974823 15.1920003890991 15.1929168701172 15.3532085418701 15.3637084960938 15.3499164581299 15.3843336105347 15.4538335800171 15.6076250076294 15.6460418701172 15.800708770752 15.886833190918 15.8906669616699 15.823166847229 15.7108335494995 15.5612087249756 15.4426670074463 15.3966665267944 15.3712501525879 15.3710412979126 15.3794164657593 15.3930416107178 15.2530832290649 -3.4e+38 -3.4e+38 -3.4e+38 -3.4e+38 -3.4e+38 -3.4e+38 -3.4e+38 -3.4e+38 -3.4e+38 -3.4e+38 -3.4e+38 -3.4e+38 -3.4e+38 -3.4e+38 -3.4e+38 -3.4e+38 -3.4e+38 -3.4e+38 -3.4e+38 -3.4e+38 -3.4e+38 -3.4e+38 -3.4e+38
16.099250793457 15.9757080078125 15.8307495117188 15.6774587631226 15.5986251831055 15.5211668014526 15.4130420684814 15.3249168395996 15.3021669387817 15.3460416793823 15.405291557312 15.4609994888306 15.4585418701172 15.4638748168945 15.5720834732056 15.6520004272461 15.7212085723877 15.7679996490479 15.7437915802002 15.7112083435059 15.6516666412354 15.5557088851929 15.4871664047241 15.4374580383301 15.4325838088989 15.3893747329712 15.3646249771118 15.3468742370605 15.1871671676636 15.1092090606689 -3.4e+38 -3.4e+38 -3.4e+38 -3.4e+38 -3.4e+38 -3.4e+38 -3.4e+38 -3.4e+38 -3.4e+38 -3.4e+38 -3.4e+38 -3.4e+38 -3.4e+38 -3.4e+38 -3.4e+38 -3.4e+38 -3.4e+38 -3.4e+38 -3.4e+38 -3.4e+38 -3.4e+38 -3.4e+38
16.1846675872803 16.0276660919189 15.9042911529541 15.8223333358765 15.6949586868286 15.6028747558594 15.4890413284302 15.4001665115356 15.4226245880127 15.5281248092651 15.5540418624878 15.5518751144409 15.574125289917 15.6359586715698 15.630916595459 15.6869583129883 15.739333152771 15.7379579544067 15.6819171905518 15.6207504272461 15.5412082672119 15.4998750686646 15.4972915649414 15.4563331604004 15.4458751678467 15.4363327026367 15.4788331985474 15.4647922515869 15.2408752441406 15.1182079315186 -3.4e+38 -3.4e+38 -3.4e+38 -3.4e+38 -3.4e+38 -3.4e+38 -3.4e+38 -3.4e+38 -3.4e+38 -3.4e+38 -3.4e+38 -3.4e+38 -3.4e+38 -3.4e+38 -3.4e+38 -3.4e+38 -3.4e+38 -3.4e+38 -3.4e+38 -3.4e+38 -3.4e+38 -3.4e+38
16.2647495269775 16.1756248474121 16.044792175293 15.9378337860107 15.8415832519531 15.6987495422363 15.5993337631226 15.5673332214355 15.6303329467773 15.6083335876465 15.6542491912842 15.6414585113525 15.7258329391479 15.6772918701172 15.6657085418701 15.701958656311 15.7150001525879 15.6692504882812 15.6376247406006 15.5499582290649 15.5113334655762 15.4685001373291 15.5058746337891 15.5172080993652 15.4877500534058 15.464916229248 15.5188331604004 15.3514585494995 15.2154588699341 15.0979166030884 -3.4e+38 -3.4e+38 -3.4e+38 -3.4e+38 -3.4e+38 -3.4e+38 -3.4e+38 -3.4e+38 -3.4e+38 -3.4e+38 -3.4e+38 -3.4e+38 -3.4e+38 -3.4e+38 -3.4e+38 -3.4e+38 -3.4e+38 -3.4e+38 -3.4e+38 -3.4e+38 -3.4e+38 -3.4e+38
16.3640003204346 16.1925411224365 16.1234588623047 16.0319595336914 15.9486255645752 15.8929166793823 15.8119583129883 15.8150415420532 15.8187503814697 15.7082500457764 15.8294582366943 15.8180828094482 15.8185834884644 15.8194580078125 15.7772912979126 15.7230005264282 15.6937913894653 15.6256256103516 15.5427913665771 15.5430002212524 15.5245418548584 15.430832862854 15.4503335952759 15.5836248397827 15.58287525177 15.6208333969116 15.4042081832886 15.3641662597656 15.3384170532227 15.2005834579468 -3.4e+38 -3.4e+38 -3.4e+38 -3.4e+38 -3.4e+38 -3.4e+38 -3.4e+38 -3.4e+38 -3.4e+38 -3.4e+38 -3.4e+38 -3.4e+38 -3.4e+38 -3.4e+38 -3.4e+38 -3.4e+38 -3.4e+38 -3.4e+38 -3.4e+38 -3.4e+38 -3.4e+38 -3.4e+38
16.4422912597656 16.2691669464111 16.1421241760254 16.0615406036377 16.0066661834717 16.019458770752 16.1052913665771 16.033374786377 15.9477920532227 15.8695421218872 15.9280414581299 15.8881664276123 15.8209581375122 15.9434995651245 15.7518329620361 15.6845836639404 15.6321249008179 15.5902500152588 15.5316247940063 15.4691247940063 15.3292922973633 15.3216667175293 15.5545835494995 15.6752080917358 15.4804992675781 15.4220418930054 15.3047494888306 15.2797079086304 15.1684169769287 15.20787525177 -3.4e+38 -3.4e+38 -3.4e+38 -3.4e+38 -3.4e+38 -3.4e+38 -3.4e+38 -3.4e+38 -3.4e+38 -3.4e+38 -3.4e+38 -3.4e+38 -3.4e+38 -3.4e+38 -3.4e+38 -3.4e+38 -3.4e+38 -3.4e+38 -3.4e+38 -3.4e+38 -3.4e+38 -3.4e+38
16.4544582366943 16.38450050354 16.2097911834717 16.0926246643066 16.1061668395996 16.1979579925537 16.3191661834717 16.2915000915527 16.1008338928223 16.0759582519531 16.1525001525879 16.1492919921875 16.1224174499512 15.8275413513184 15.8194580078125 15.7726249694824 15.6187505722046 15.4606666564941 15.4225835800171 15.3055830001831 15.3109588623047 15.5218334197998 15.3756246566772 15.2876672744751 15.3365001678467 15.3987503051758 15.4283332824707 15.2183332443237 15.1888332366943 15.2165002822876 15.1534585952759 -3.4e+38 -3.4e+38 -3.4e+38 -3.4e+38 -3.4e+38 -3.4e+38 -3.4e+38 -3.4e+38 -3.4e+38 -3.4e+38 -3.4e+38 -3.4e+38 -3.4e+38 -3.4e+38 -3.4e+38 -3.4e+38 -3.4e+38 -3.4e+38 -3.4e+38 -3.4e+38 -3.4e+38
16.3841247558594 16.3014163970947 16.3697910308838 16.222541809082 16.1633758544922 16.2626667022705 16.4386672973633 16.3031253814697 16.2401256561279 16.2712917327881 16.2674999237061 16.304874420166 16.2175006866455 16.232666015625 16.0499992370605 15.8657083511353 15.6986665725708 15.6096248626709 15.4471244812012 15.3275833129883 15.1828746795654 15.5023746490479 15.3892498016357 15.4250411987305 15.4282922744751 15.5823335647583 15.3747081756592 15.3247909545898 15.3117084503174 15.2233333587646 15.212833404541 -3.4e+38 -3.4e+38 -3.4e+38 -3.4e+38 -3.4e+38 -3.4e+38 -3.4e+38 -3.4e+38 -3.4e+38 -3.4e+38 -3.4e+38 -3.4e+38 -3.4e+38 -3.4e+38 -3.4e+38 -3.4e+38 -3.4e+38 -3.4e+38 -3.4e+38 -3.4e+38 -3.4e+38
16.1988334655762 16.3124160766602 16.365083694458 16.3139171600342 16.2812080383301 16.4205417633057 16.513500213623 16.4462089538574 16.4074592590332 16.4227085113525 16.398416519165 16.4022083282471 16.439416885376 16.3449592590332 16.2266674041748 16.0366249084473 15.8395414352417 15.6269578933716 15.2884578704834 15.0577917098999 14.9759168624878 15.3817911148071 15.6871671676636 15.4757499694824 15.6838750839233 15.6736249923706 15.6477918624878 15.4575414657593 15.3743333816528 15.2712087631226 15.1217079162598 -3.4e+38 -3.4e+38 -3.4e+38 -3.4e+38 -3.4e+38 -3.4e+38 -3.4e+38 -3.4e+38 -3.4e+38 -3.4e+38 -3.4e+38 -3.4e+38 -3.4e+38 -3.4e+38 -3.4e+38 -3.4e+38 -3.4e+38 -3.4e+38 -3.4e+38 -3.4e+38 -3.4e+38
16.4756240844727 16.2554988861084 16.329626083374 16.3463745117188 16.3671245574951 16.3842506408691 16.4124584197998 16.5170001983643 16.5625839233398 16.5570411682129 16.5314159393311 16.59983253479 16.6691246032715 16.6535835266113 16.4828758239746 16.2524585723877 15.9616670608521 15.6274166107178 15.3666248321533 15.2053756713867 15.2761669158936 15.5537919998169 15.5441246032715 15.7145833969116 15.3429584503174 15.2010831832886 15.3915414810181 15.3648748397827 15.4436254501343 15.3087921142578 15.2855834960938 -3.4e+38 -3.4e+38 -3.4e+38 -3.4e+38 -3.4e+38 -3.4e+38 -3.4e+38 -3.4e+38 -3.4e+38 -3.4e+38 -3.4e+38 -3.4e+38 -3.4e+38 -3.4e+38 -3.4e+38 -3.4e+38 -3.4e+38 -3.4e+38 -3.4e+38 -3.4e+38 -3.4e+38
16.7826251983643 16.5405006408691 16.3902912139893 16.3566246032715 16.3895835876465 16.3882083892822 16.38450050354 16.4373340606689 16.5543327331543 16.6554164886475 16.728458404541 16.7531242370605 16.8153324127197 16.9157085418701 16.5551662445068 16.150749206543 15.8897495269775 15.7644166946411 15.537166595459 15.3901672363281 15.5997085571289 15.6927919387817 15.7047500610352 15.359167098999 15.4077501296997 15.334041595459 15.0632495880127 15.1475830078125 15.3145418167114 15.2822914123535 15.1971244812012 -3.4e+38 -3.4e+38 -3.4e+38 -3.4e+38 -3.4e+38 -3.4e+38 -3.4e+38 -3.4e+38 -3.4e+38 -3.4e+38 -3.4e+38 -3.4e+38 -3.4e+38 -3.4e+38 -3.4e+38 -3.4e+38 -3.4e+38 -3.4e+38 -3.4e+38 -3.4e+38 -3.4e+38
16.6832504272461 16.4882507324219 16.3822917938232 16.3434162139893 16.3606262207031 16.3737487792969 16.4020004272461 16.4152507781982 16.4460830688477 16.4902076721191 16.6865005493164 16.7556667327881 16.7256259918213 16.7861671447754 16.4068336486816 16.2316246032715 16.1803760528564 16.0592498779297 15.6175832748413 15.6253328323364 15.6050834655762 15.8532915115356 15.5514163970947 15.786958694458 15.6151666641235 15.4358749389648 15.2735834121704 15.1156663894653 15.1090831756592 15.2195415496826 15.0872087478638 -3.4e+38 -3.4e+38 -3.4e+38 -3.4e+38 -3.4e+38 -3.4e+38 -3.4e+38 -3.4e+38 -3.4e+38 -3.4e+38 -3.4e+38 -3.4e+38 -3.4e+38 -3.4e+38 -3.4e+38 -3.4e+38 -3.4e+38 -3.4e+38 -3.4e+38 -3.4e+38 -3.4e+38
