layers/tmean9.asc
NCOLS 421 
NROWS 354 
XLLCORNER -106.645833332895 
YLLCORNER 25.8541666666667 
CELLSIZE 0.0416666666669039 
NODATA_value -3.4e+38 
[rows 138 to 160 of 354, columns 156 to 207 of 421]
15.841833114624 15.7764167785645 15.7116250991821 15.6834163665771 15.6834163665771 15.7290000915527 15.737250328064 15.7194166183472 15.7271251678467 15.7414169311523 15.6871252059937 15.7767915725708 15.7863750457764 15.7962083816528 15.710000038147 15.8142499923706 15.914249420166 15.9095411300659 15.9144582748413 15.8575830459595 15.7879161834717 15.7628335952759 15.9026670455933 15.866250038147 15.9182500839233 15.7992916107178 15.8106670379639 15.7087497711182 15.6551666259766 15.6187086105347 15.5275831222534 15.4492082595825 15.3411245346069 15.3079166412354 15.3023748397827 15.3657503128052 15.3894166946411 15.4582080841064 15.5394163131714 15.5392503738403 15.620457649231 15.7087078094482 15.7958335876465 15.7562913894653 15.6981248855591 15.655291557312 15.6532497406006 15.6247911453247 15.6894588470459 15.716667175293 15.7356662750244 15.7277498245239
15.8520832061768 15.8062915802002 15.789999961853 15.7537498474121 15.7593746185303 15.7803745269775 15.8452081680298 15.7929582595825 15.8204584121704 15.8512496948242 15.8367919921875 15.9049167633057 15.8774166107178 15.7024583816528 15.7002506256104 15.8111667633057 15.9589576721191 16.0097503662109 16.0407085418701 15.9847507476807 15.8199586868286 15.6909589767456 15.8357496261597 15.9890832901001 15.9204998016357 15.8437910079956 15.8599996566772 15.8645830154419 15.8199577331543 15.7379589080811 15.5814580917358 15.4732913970947 15.2673330307007 15.1009578704834 15.0696249008179 15.2967500686646 15.508749961853 15.6187076568604 15.7051248550415 15.7446250915527 15.7281246185303 15.8051252365112 15.8542919158936 15.8039579391479 15.7263746261597 15.7155418395996 15.7238330841064 15.6800003051758 15.6492919921875 15.6711254119873 15.7340421676636 15.7207078933716
15.8267078399658 15.8617086410522 15.8820829391479 15.8869171142578 15.9139995574951 15.9832496643066 15.9803333282471 15.9429998397827 15.9680414199829 16.02174949646 15.9892501831055 16.0087089538574 16.0577087402344 15.9520416259766 15.8482084274292 15.9777917861938 16.03737449646 16.0843334197998 16.1375007629395 16.0996246337891 15.9540414810181 15.8626251220703 15.9502086639404 16.0524578094482 15.923791885376 15.954083442688 15.9462919235229 15.9330835342407 15.9692916870117 15.9068336486816 15.7522077560425 15.5209159851074 15.3493337631226 15.1900825500488 15.206166267395 15.1316661834717 15.2395830154419 15.4270420074463 15.5439167022705 15.8076248168945 15.8618335723877 15.9078330993652 15.913125038147 15.826042175293 15.8260831832886 15.8485422134399 15.8666248321533 15.8630838394165 15.8112497329712 15.7667083740234 15.8093748092651 15.8610420227051
15.8125829696655 15.8588333129883 15.9287919998169 15.9656667709351 16.0246257781982 16.0628337860107 16.0940837860107 16.1125411987305 16.0695838928223 16.0582084655762 16.0730419158936 16.1026248931885 16.1412925720215 16.105583190918 16.0425834655762 16.1087913513184 16.1589164733887 16.2061672210693 16.2235832214355 16.1455421447754 16.127290725708 16.1130828857422 16.099250793457 16.0300006866455 16.0330829620361 16.0889587402344 16.0880832672119 16.0470409393311 16.0266246795654 15.9698753356934 15.8430414199829 15.6543750762939 15.5231666564941 15.3470411300659 15.2976665496826 15.4455833435059 15.4908332824707 15.5332918167114 15.7127494812012 15.824125289917 15.9249582290649 15.992208480835 16.0242919921875 15.9456663131714 15.9537496566772 16.029167175293 15.9818334579468 16.02516746521 15.9328756332397 15.8762922286987 15.9284582138062 16.0093326568604
15.8709163665771 15.8950834274292 15.9266662597656 16.0420837402344 16.1016254425049 16.142126083374 16.1489582061768 16.1296253204346 16.1080837249756 16.0954170227051 16.1173324584961 16.1449165344238 16.171667098999 16.2074584960938 16.2025833129883 16.1918334960938 16.2567081451416 16.2995834350586 16.3191242218018 16.302375793457 16.3332080841064 16.3120422363281 16.2520427703857 16.1186676025391 16.0755825042725 16.2099170684814 16.1544990539551 16.1783332824707 16.1483745574951 16.0854587554932 16.0353336334229 15.8977918624878 15.7950420379639 15.7543754577637 15.670916557312 15.7737503051758 15.7720003128052 15.7287502288818 15.8322076797485 15.8625411987305 15.980375289917 16.0243740081787 16.0919990539551 15.968542098999 15.9345417022705 16.0218334197998 16.1390419006348 16.1689167022705 16.0694160461426 15.9867496490479 16.1243743896484 16.1064167022705
15.9345417022705 15.9729166030884 16.0623741149902 16.1111240386963 16.1472091674805 16.1540412902832 16.1303329467773 16.1162509918213 16.1030426025391 16.1070404052734 16.1363754272461 16.1669158935547 16.2186241149902 16.1988754272461 16.2223739624023 16.2860412597656 16.3579158782959 16.4199161529541 16.4249572753906 16.3889579772949 16.4051666259766 16.4440422058105 16.3679161071777 16.2902488708496 16.2523326873779 16.308500289917 16.310791015625 16.2920417785645 16.1877498626709 16.1876258850098 16.1830425262451 16.0762500762939 16.0034160614014 15.9807500839233 15.9842920303345 15.9691247940063 15.9926671981812 15.995041847229 15.9890003204346 16.0079154968262 16.0678749084473 16.0182495117188 16.0947093963623 15.9980411529541 15.9560413360596 16.0381240844727 16.1168327331543 16.2211666107178 16.1981239318848 16.1068325042725 16.2349166870117 16.2352085113525
15.9472503662109 16.0066661834717 16.0483741760254 16.1064586639404 16.1464157104492 16.1480007171631 16.1373329162598 16.1193332672119 16.1130428314209 16.1199989318848 16.1534175872803 16.2102088928223 16.2331676483154 16.2150421142578 16.2309589385986 16.2875823974609 16.3955421447754 16.4477500915527 16.4485836029053 16.3890419006348 16.4365825653076 16.4759578704834 16.4359588623047 16.4709587097168 16.4651660919189 16.4204578399658 16.3717918395996 16.2862071990967 16.2470417022705 16.2608737945557 16.3115825653076 16.2124576568604 16.172290802002 16.1475410461426 16.1937084197998 16.1820831298828 16.1700000762939 16.142915725708 16.0840835571289 16.0779991149902 16.107250213623 16.0840835571289 16.1173324584961 16.0787925720215 16.0813331604004 16.1088752746582 16.1516666412354 16.2400417327881 16.1574573516846 16.2198753356934 16.3074169158936 16.1574592590332
15.9570417404175 15.9944581985474 16.0322074890137 16.0702075958252 16.1138744354248 16.1435832977295 16.1326656341553 16.1361675262451 16.1459579467773 16.1642913818359 16.2288341522217 16.2574157714844 16.30637550354 16.3403339385986 16.3370838165283 16.3468742370605 16.3955841064453 16.4728755950928 16.5102920532227 16.4698333740234 16.4377918243408 16.5069999694824 16.5724582672119 16.5561256408691 16.4728336334229 16.4007911682129 16.3237915039062 16.367000579834 16.427583694458 16.4200420379639 16.4231662750244 16.3723754882812 16.2970409393311 16.2743759155273 16.2956256866455 16.3284587860107 16.3527507781982 16.3063335418701 16.2222919464111 16.1721668243408 16.1695003509521 16.179666519165 16.2285842895508 16.189416885376 16.1721248626709 16.1897087097168 16.2621250152588 16.2979583740234 16.2898750305176 16.3451671600342 16.3238754272461 16.2684593200684
15.974666595459 15.9644584655762 15.9954166412354 16.0614585876465 16.0786666870117 16.1222496032715 16.1411247253418 16.1665420532227 16.1817493438721 16.2160415649414 16.3228740692139 16.2994575500488 16.2587909698486 16.3051242828369 16.3514575958252 16.398458480835 16.4596672058105 16.4791240692139 16.5537490844727 16.4509162902832 16.497875213623 16.5397911071777 16.6414585113525 16.577917098999 16.4326667785645 16.3104991912842 16.3082504272461 16.519832611084 16.6098747253418 16.527416229248 16.5201244354248 16.4719581604004 16.4133758544922 16.394624710083 16.3449993133545 16.3947906494141 16.4158325195312 16.4250411987305 16.3462085723877 16.3044166564941 16.2583751678467 16.2719993591309 16.3076248168945 16.2954158782959 16.2387924194336 16.2772922515869 16.3062915802002 16.3841247558594 16.3804168701172 16.3480415344238 16.2260837554932 16.2908325195312
15.9514999389648 15.9999170303345 16.0375003814697 16.0886669158936 16.1312503814697 16.173583984375 16.1827507019043 16.2226657867432 16.3004589080811 16.3361663818359 16.32204246521 16.3732089996338 16.3088760375977 16.2880821228027 16.3355827331543 16.3527088165283 16.4795417785645 16.5374584197998 16.5830841064453 16.6145000457764 16.4645004272461 16.5789165496826 16.6735000610352 16.6293334960938 16.5233325958252 16.3833751678467 16.3603763580322 16.5826663970947 16.6916675567627 16.695333480835 16.6337909698486 16.568000793457 16.5412502288818 16.49045753479 16.4600830078125 16.4455833435059 16.4865837097168 16.5040836334229 16.4432487487793 16.4215831756592 16.3628330230713 16.3499584197998 16.3322505950928 16.3786659240723 16.3213748931885 16.3180828094482 16.4264583587646 16.4487915039062 16.4732074737549 16.316125869751 16.2412910461426 16.2679576873779
16.0113754272461 16.0856666564941 16.1380004882812 16.1805419921875 16.2686252593994 16.3405838012695 16.335750579834 16.3444175720215 16.3689994812012 16.4313335418701 16.3927917480469 16.3990001678467 16.4470825195312 16.4185829162598 16.4542922973633 16.4463329315186 16.4634170532227 16.5694160461426 16.5600833892822 16.5994167327881 16.6472911834717 16.6202507019043 16.7083339691162 16.6279163360596 16.4964160919189 16.4580821990967 16.4810409545898 16.6011657714844 16.7655830383301 16.7929992675781 16.7194995880127 16.6606674194336 16.6217918395996 16.607666015625 16.5794162750244 16.5270004272461 16.5294589996338 16.536958694458 16.5083751678467 16.4894580841064 16.4185009002686 16.3528327941895 16.3599586486816 16.3912086486816 16.3207492828369 16.3252506256104 16.388916015625 16.4769592285156 16.4489994049072 16.398250579834 16.3819580078125 16.3891258239746
16.0967502593994 16.1295413970947 16.1956672668457 16.2688751220703 16.3525409698486 16.3825836181641 16.4036254882812 16.4068756103516 16.4264163970947 16.4407501220703 16.5052089691162 16.5092926025391 16.4983329772949 16.4466247558594 16.3662910461426 16.4307498931885 16.568208694458 16.6147499084473 16.5042915344238 16.4657077789307 16.5896663665771 16.7211666107178 16.7545833587646 16.6455001831055 16.5578327178955 16.5310840606689 16.657958984375 16.702917098999 16.7754592895508 16.8577079772949 16.7499580383301 16.7280006408691 16.6957492828369 16.6457500457764 16.6336250305176 16.5941257476807 16.5973339080811 16.5804996490479 16.5249176025391 16.5165824890137 16.5144176483154 16.400749206543 16.2703323364258 16.3003749847412 16.3514995574951 16.2824993133545 16.3645420074463 16.529541015625 16.4623756408691 16.515625 16.4504585266113 16.5050411224365
16.1254997253418 16.1922492980957 16.2756671905518 16.3529586791992 16.3995418548584 16.4537506103516 16.4872913360596 16.4919586181641 16.5206241607666 16.5220832824707 16.5685424804688 16.5660419464111 16.5301246643066 16.4825420379639 16.4875831604004 16.5402507781982 16.5869178771973 16.5728740692139 16.5131244659424 16.517541885376 16.5769996643066 16.779333114624 16.8119583129883 16.713041305542 16.6102924346924 16.6362495422363 16.7728748321533 16.7827091217041 16.8014163970947 16.8786659240723 16.7867908477783 16.7609996795654 16.7345409393311 16.7359580993652 16.7329158782959 16.6917495727539 16.6704158782959 16.6506252288818 16.5887088775635 16.502124786377 16.556999206543 16.5712909698486 16.3893756866455 16.2954998016357 16.3646659851074 16.3341674804688 16.3360004425049 16.5167083740234 16.581958770752 16.6205825805664 16.5724582672119 16.6274585723877
16.2367496490479 16.2759590148926 16.3677501678467 16.4427909851074 16.4845409393311 16.5370407104492 16.560791015625 16.5574588775635 16.6086254119873 16.6010417938232 16.6182918548584 16.5845413208008 16.5329170227051 16.5519580841064 16.581958770752 16.6126251220703 16.6098747253418 16.5524578094482 16.5405006408691 16.5722923278809 16.7475414276123 16.892707824707 16.9096260070801 16.7782917022705 16.7103748321533 16.7898750305176 16.8484172821045 16.8758754730225 16.8606243133545 16.882833480835 16.9009170532227 16.863374710083 16.8548336029053 16.8435001373291 16.825834274292 16.8135414123535 16.7902908325195 16.7899589538574 16.7328758239746 16.6857490539551 16.6436672210693 16.6397914886475 16.5362911224365 16.4816665649414 16.5730838775635 16.4915828704834 16.4790420532227 16.5742092132568 16.6825828552246 16.7642917633057 16.6765823364258 16.7690830230713
16.32204246521 16.3566665649414 16.4422912597656 16.521167755127 16.5384159088135 16.5441665649414 16.5994167327881 16.6361675262451 16.6706256866455 16.7337493896484 16.7711658477783 16.7450828552246 16.7077083587646 16.6567916870117 16.6837501525879 16.623083114624 16.6000423431396 16.6865005493164 16.7796249389648 16.7934589385986 16.8040828704834 16.8840007781982 16.9594573974609 16.8914165496826 16.8444995880127 16.8654174804688 16.9122085571289 16.9250411987305 16.8901672363281 16.9028739929199 16.8927917480469 16.8503742218018 16.8749160766602 16.8613338470459 16.8632507324219 16.8605003356934 16.8538341522217 16.8553333282471 16.8569583892822 16.8761672973633 16.8528327941895 16.7989158630371 16.7486667633057 16.6593322753906 16.7409992218018 16.6400413513184 16.691499710083 16.7215843200684 16.6679573059082 16.8387088775635 16.8948745727539 16.8841667175293
16.3681659698486 16.4783325195312 16.5247917175293 16.5515422821045 16.603874206543 16.6826667785645 16.6800842285156 16.7484588623047 16.7403755187988 16.7288341522217 16.7848339080811 16.7906665802002 16.7367916107178 16.7387504577637 16.7155418395996 16.6259574890137 16.7004585266113 16.8197917938232 16.8640842437744 16.9146251678467 16.8676242828369 16.8689994812012 16.8642082214355 16.9734992980957 17.0148334503174 16.9830837249756 16.9948329925537 17.0377082824707 17.0447082519531 16.941499710083 16.9477920532227 16.8898334503174 16.8997497558594 16.8790416717529 16.9109172821045 16.9122085571289 16.951208114624 16.9331245422363 16.9579582214355 16.9664993286133 16.9483757019043 16.9710426330566 16.963041305542 16.9484577178955 16.8954582214355 16.7384166717529 16.8062496185303 16.8626670837402 16.8512496948242 16.9856662750244 17.0492076873779 17.0675830841064
16.4247493743896 16.4997501373291 16.4891242980957 16.5386657714844 16.6007080078125 16.6772499084473 16.7492504119873 16.8345832824707 16.8679180145264 16.763916015625 16.814582824707 16.8759994506836 16.818208694458 16.7577495574951 16.7634162902832 16.7622909545898 16.843542098999 16.886417388916 16.9717082977295 16.9899158477783 16.9655418395996 16.9809169769287 16.9914588928223 16.953332901001 16.8942909240723 16.8436260223389 16.9264163970947 17.0002918243408 17.0712490081787 17.1219577789307 17.1092491149902 17.0726261138916 16.99391746521 16.9571666717529 17.0429172515869 17.0877494812012 17.1327495574951 17.087833404541 17.0622501373291 17.0452499389648 17.0406665802002 17.0260829925537 16.9796257019043 16.9687919616699 17.0437088012695 16.9022922515869 16.9665412902832 17.0009574890137 17.0275840759277 17.0012073516846 17.0995006561279 17.150333404541
16.4524173736572 16.4872493743896 16.5181255340576 16.5830001831055 16.5971240997314 16.6496677398682 16.7420425415039 16.8582496643066 16.9794998168945 16.9380416870117 16.939790725708 16.9766254425049 16.9621257781982 16.8427925109863 16.7847080230713 16.8737087249756 16.9000835418701 16.9367504119873 16.9534168243408 16.9157085418701 16.9425010681152 16.9139575958252 16.9419574737549 16.9069576263428 16.8393745422363 16.8322086334229 16.8794174194336 16.9304161071777 16.9968338012695 17.0287094116211 17.0954170227051 17.1292915344238 17.189624786377 17.1941242218018 17.1978740692139 17.1551246643066 17.1840839385986 17.2467918395996 17.2620410919189 17.2105407714844 17.230375289917 17.2212924957275 17.1718330383301 17.1353340148926 17.1409168243408 17.1062927246094 17.1221256256104 17.1472492218018 17.1959991455078 17.1655006408691 17.0073337554932 17.1784591674805
16.570333480835 16.5668334960938 16.5963745117188 16.6232509613037 16.6666240692139 16.6753330230713 16.8204174041748 16.9642925262451 17.0165824890137 17.0608329772949 17.0504169464111 17.0362911224365 17.0066242218018 16.9670829772949 16.943208694458 16.9435844421387 16.9410839080811 16.9229164123535 16.9204998016357 16.9059162139893 16.9512920379639 16.9090423583984 16.9316253662109 16.9350414276123 16.9102916717529 16.9250411987305 16.8476657867432 16.906042098999 16.9916667938232 17.0651664733887 17.0721244812012 17.1233329772949 17.1826667785645 17.1943759918213 17.17799949646 17.2212505340576 17.3009586334229 17.402416229248 17.5121250152588 17.4949169158936 17.4032497406006 17.3953762054443 17.2064990997314 17.1689586639404 17.2236671447754 17.2195835113525 17.1587505340576 17.0952491760254 17.2466259002686 17.1960830688477 17.0202922821045 17.1636657714844
16.6536674499512 16.65012550354 16.6572494506836 16.7201251983643 16.7465419769287 16.7473754882812 16.7953758239746 16.9734992980957 17.0649585723877 17.1349582672119 17.1062088012695 17.0389995574951 17.0011253356934 16.94358253479 16.9188747406006 16.9000415802002 16.8901672363281 16.8734588623047 16.9082908630371 16.9460830688477 16.9460830688477 16.9741249084473 16.9812908172607 17.0278339385986 17.0188751220703 17.0087909698486 16.9092922210693 16.9334163665771 16.9309158325195 16.992374420166 17.0572910308838 17.1559581756592 17.261625289917 17.3254165649414 17.3158740997314 17.4162921905518 17.5502090454102 17.6591663360596 17.7231674194336 17.7424583435059 17.6586666107178 17.5208740234375 17.4798755645752 17.4220008850098 17.3161239624023 17.2287082672119 17.1375408172607 17.1708755493164 17.2730407714844 17.3137912750244 17.1532917022705 17.1825008392334
16.8981246948242 16.8543758392334 16.8585414886475 16.9249172210693 16.9189167022705 16.9215831756592 16.8299999237061 16.8471240997314 17.0556659698486 17.0898742675781 17.1042919158936 17.0924587249756 17.0931663513184 17.0115413665771 16.9816246032715 16.9814167022705 16.9704170227051 16.9869575500488 16.9877510070801 16.9689159393311 16.9842910766602 17.0056667327881 17.0597076416016 17.0618743896484 17.144250869751 17.173957824707 17.1165828704834 17.0915832519531 17.1125831604004 17.0639991760254 17.2191257476807 17.3097915649414 17.3862495422363 17.4515419006348 17.4812488555908 17.5473327636719 17.6582088470459 17.7714157104492 17.8664989471436 17.9300842285156 17.8395843505859 17.7437076568604 17.6147918701172 17.4627494812012 17.3446254730225 17.2760410308838 17.2039165496826 17.19700050354 17.2134590148926 17.2772922515869 17.3200416564941 17.267749786377
16.9923324584961 17.0131244659424 16.9540824890137 16.8864994049072 16.9681663513184 16.9813747406006 16.9662094116211 16.9524574279785 17.0271244049072 17.1082077026367 17.1337089538574 17.1289157867432 17.1290836334229 17.108959197998 17.0829162597656 17.0155410766602 17.0221252441406 17.0258331298828 17.0422916412354 17.0409164428711 17.0521259307861 17.0938758850098 17.1109161376953 17.1279163360596 17.1237907409668 17.1863746643066 17.3123340606689 17.2648754119873 17.2822914123535 17.2377910614014 17.2760829925537 17.3595008850098 17.4646244049072 17.5387496948242 17.5935001373291 17.6226673126221 17.7549991607666 17.870792388916 17.9143333435059 17.9330825805664 17.8784160614014 17.7819576263428 17.5857086181641 17.464958190918 17.3805828094482 17.3259582519531 17.2657089233398 17.2037506103516 17.2006244659424 17.2040405273438 17.1931667327881 17.1775417327881
16.9672508239746 17.0107917785645 17.064208984375 17.0002498626709 16.9919586181641 17.1047916412354 17.0501251220703 17.0511665344238 17.13450050354 17.1647491455078 17.1255416870117 17.1272926330566 17.1491241455078 17.1474170684814 17.1170425415039 17.1107501983643 17.1035003662109 17.0957088470459 17.0876655578613 17.1128749847412 17.1786251068115 17.1329593658447 17.0625419616699 17.1027088165283 17.2175407409668 17.2934589385986 17.2965412139893 17.3443336486816 17.4004993438721 17.4285011291504 17.4084587097168 17.4334583282471 17.5188331604004 17.5742511749268 17.663875579834 17.7275829315186 17.7906246185303 17.8704166412354 17.9056663513184 17.8959999084473 17.8461246490479 17.6364994049072 17.5384578704834 17.4497509002686 17.3394584655762 17.2636241912842 17.2261257171631 17.1294574737549 17.1582508087158 17.1911659240723 17.1971244812012 17.1674175262451
