layers/tmean9.asc
NCOLS 421 
NROWS 354 
XLLCORNER -106.645833332895 
YLLCORNER 25.8541666666667 
CELLSIZE 0.0416666666669039 
NODATA_value -3.4e+38 
[rows 92 to 114 of 354, columns 260 to 311 of 421]
14.8684587478638 14.8616666793823 14.6232919692993 14.5784168243408 14.5657081604004 14.5281248092651 14.4771671295166 14.4356250762939 14.4066247940063 14.3577919006348 14.2340002059937 14.1065835952759 14.2521667480469 14.4150419235229 14.465916633606 14.5162916183472 14.5440835952759 14.5872497558594 14.6409168243408 14.6684579849243 14.7013330459595 14.7067079544067 14.7124586105347 14.7007913589478 14.6652917861938 14.653208732605 14.5445833206177 14.3462915420532 14.1689586639404 14.0173749923706 14.0043754577637 13.933666229248 13.7398328781128 13.5716667175293 13.5624580383301 13.5138330459595 13.6430416107178 13.5286664962769 13.4219169616699 13.4584169387817 13.4338331222534 13.3869161605835 13.3380002975464 13.3469581604004 13.2589168548584 13.1685419082642 13.1883754730225 13.2734994888306 13.2554168701172 13.3086252212524 13.364333152771 13.3697080612183
14.8757495880127 14.8767499923706 14.7049999237061 14.5811252593994 14.5879583358765 14.5492086410522 14.5264167785645 14.5278329849243 14.527416229248 14.5340414047241 14.4180002212524 14.3071670532227 14.4242496490479 14.445499420166 14.5186252593994 14.5542917251587 14.6035413742065 14.6412496566772 14.6794586181641 14.7174577713013 14.7351665496826 14.7327499389648 14.7250833511353 14.6857919692993 14.6606674194336 14.7537088394165 14.4837083816528 14.3745412826538 14.2722911834717 14.2263336181641 13.9959583282471 13.8443746566772 13.7329998016357 13.6539163589478 13.7678747177124 13.6087083816528 13.659291267395 13.5502920150757 13.4553327560425 13.4772500991821 13.4522914886475 13.4214172363281 13.3628330230713 13.2828330993652 13.2072086334229 13.2022914886475 13.2312078475952 13.265832901001 13.2041664123535 13.3305416107178 13.4148330688477 13.3962497711182
14.7783756256104 14.8194580078125 14.7857913970947 14.6337080001831 14.5865411758423 14.5982913970947 14.5614585876465 14.5601253509521 14.6265830993652 14.6669588088989 14.5827913284302 14.4746246337891 14.5065832138062 14.5671663284302 14.5678749084473 14.5888748168945 14.6180830001831 14.6515836715698 14.6916666030884 14.7519998550415 14.7397499084473 14.7676248550415 14.7257499694824 14.7375411987305 14.8187503814697 14.7956666946411 14.7518329620361 14.7330417633057 14.5745420455933 14.3419170379639 14.0086250305176 13.8652086257935 13.8695831298828 13.91575050354 13.7628335952759 13.6067085266113 13.5302505493164 13.5662078857422 13.544958114624 13.6060419082642 13.5711669921875 13.5620832443237 13.4530410766602 13.291916847229 13.1904993057251 13.2238330841064 13.2941665649414 13.2517919540405 13.2065000534058 13.2522916793823 13.3126668930054 13.4023752212524
14.797999382019 14.8089170455933 14.8687086105347 14.7467088699341 14.6702499389648 14.6294584274292 14.5893335342407 14.6603336334229 14.7278327941895 14.7726669311523 14.6769580841064 14.6245832443237 14.6376247406006 14.5950002670288 14.6565418243408 14.6774587631226 14.678750038147 14.6855421066284 14.7572498321533 14.7912502288818 14.7580833435059 14.782416343689 14.8683748245239 14.9446249008179 14.9020833969116 14.7971248626709 14.7844581604004 14.7524166107178 14.66100025177 14.4682083129883 14.0887079238892 13.9216661453247 14.007791519165 13.9685001373291 13.8762083053589 13.8920412063599 13.8615417480469 13.7840414047241 13.6590414047241 13.6724996566772 13.6606664657593 13.6036672592163 13.5062913894653 13.2950839996338 13.1969585418701 13.2951250076294 13.2790832519531 13.3240003585815 13.2882080078125 13.4232912063599 13.4883337020874 13.5124168395996
14.931583404541 14.8844585418701 14.7715826034546 14.7051668167114 14.6989583969116 14.6059589385986 14.6487913131714 14.7890005111694 14.8269996643066 14.7950830459595 14.8431673049927 14.8816661834717 14.8151664733887 14.7217082977295 14.7235422134399 14.7358331680298 14.7500419616699 14.7887496948242 14.8177499771118 14.8409585952759 14.8410005569458 14.8580827713013 14.8958749771118 14.8628330230713 14.8387079238892 14.7821664810181 14.7269582748413 14.6599998474121 14.5470418930054 14.3446245193481 14.4146661758423 14.2282085418701 14.2180833816528 14.1148338317871 14.1275415420532 13.9058332443237 13.8649997711182 13.7716245651245 13.6809167861938 13.6832494735718 13.723708152771 13.6883335113525 13.5594167709351 13.3119583129883 13.3704166412354 13.4603328704834 13.580041885376 13.6282081604004 13.5989589691162 13.5765419006348 13.623083114624 13.6169586181641
14.9695415496826 14.9145832061768 14.8179578781128 14.7356252670288 14.6677083969116 14.6187915802002 14.728666305542 14.8193330764771 14.8490419387817 14.7738332748413 14.8757495880127 14.8689584732056 14.8224582672119 14.7336664199829 14.774582862854 14.7974576950073 14.8465414047241 14.8835420608521 14.885666847229 14.8905000686646 14.8908748626709 14.8621673583984 14.8363752365112 14.8707084655762 14.8017082214355 14.8192491531372 14.7682085037231 14.7146663665771 14.6184167861938 14.4108753204346 14.3208332061768 14.3312082290649 14.1832084655762 14.0780420303345 14.0035829544067 13.9861669540405 14.0667505264282 13.8552083969116 13.7215003967285 13.690333366394 13.7942504882812 13.648416519165 13.5909996032715 13.5383329391479 13.43274974823 13.4551668167114 13.7089586257935 13.8032913208008 13.7686252593994 13.726583480835 13.7040414810181 13.7669172286987
14.9378337860107 14.9275417327881 14.8137502670288 14.8810005187988 14.8029165267944 14.74391746521 14.7752914428711 14.8205833435059 14.8334169387817 14.7277498245239 14.7673749923706 14.8907918930054 14.7517499923706 14.7189168930054 14.7764577865601 14.8398752212524 14.8749170303345 14.9392919540405 14.9547500610352 14.9508752822876 14.9207496643066 14.8779163360596 14.8335828781128 14.8074169158936 14.7709169387817 14.7609996795654 14.6622915267944 14.5270004272461 14.4517917633057 14.3969583511353 14.3137083053589 14.30299949646 14.2692918777466 14.1276245117188 14.0492916107178 13.8882913589478 13.9836664199829 13.9010829925537 13.7872085571289 13.7331666946411 13.8424167633057 13.8970832824707 13.909083366394 13.7048330307007 13.4499578475952 13.5359163284302 13.8415422439575 13.9383754730225 13.8907079696655 13.8356246948242 13.9067916870117 13.9102916717529
14.9240837097168 14.8717498779297 14.8014583587646 14.8166246414185 14.761082649231 14.7857503890991 14.9144163131714 14.8812503814697 14.8611669540405 14.7708749771118 14.6858329772949 14.7157917022705 14.7032499313354 14.7083749771118 14.7452087402344 14.8604583740234 14.9717082977295 15.0092496871948 15.0609998703003 15.0450000762939 14.9897499084473 14.932541847229 14.8652496337891 14.8159580230713 14.7339162826538 14.6292085647583 14.5722913742065 14.4549169540405 14.3469171524048 -3.4e+38 -3.4e+38 -3.4e+38 -3.4e+38 -3.4e+38 -3.4e+38 -3.4e+38 -3.4e+38 -3.4e+38 -3.4e+38 -3.4e+38 -3.4e+38 -3.4e+38 -3.4e+38 -3.4e+38 -3.4e+38 -3.4e+38 -3.4e+38 -3.4e+38 -3.4e+38 -3.4e+38 -3.4e+38 -3.4e+38
14.8731670379639 14.852499961853 14.7642087936401 14.797833442688 14.811541557312 14.8962917327881 14.9187917709351 14.9907083511353 15.064624786377 14.9111671447754 14.8588333129883 14.6230421066284 14.621208190918 14.6960000991821 14.7339162826538 14.8480834960938 15.0019998550415 15.0775003433228 15.1082496643066 15.0967502593994 15.0367918014526 14.9471664428711 14.8641662597656 14.7897081375122 14.7449579238892 14.6522083282471 14.5307502746582 14.4943752288818 14.4091663360596 -3.4e+38 -3.4e+38 -3.4e+38 -3.4e+38 -3.4e+38 -3.4e+38 -3.4e+38 -3.4e+38 -3.4e+38 -3.4e+38 -3.4e+38 -3.4e+38 -3.4e+38 -3.4e+38 -3.4e+38 -3.4e+38 -3.4e+38 -3.4e+38 -3.4e+38 -3.4e+38 -3.4e+38 -3.4e+38 -3.4e+38
14.9614171981812 14.829083442688 14.8253755569458 14.7236251831055 14.8158330917358 14.8683748245239 14.8124170303345 14.9562911987305 15.1312503814697 14.9427080154419 14.7567081451416 14.6586666107178 14.6220417022705 14.6895418167114 14.7605829238892 14.8872499465942 14.9989585876465 15.1149578094482 15.1487503051758 15.1187915802002 15.0470418930054 14.9594163894653 14.8838748931885 14.8412494659424 14.8100414276123 14.7760829925537 14.7380418777466 14.5889167785645 14.3741664886475 -3.4e+38 -3.4e+38 -3.4e+38 -3.4e+38 -3.4e+38 -3.4e+38 -3.4e+38 -3.4e+38 -3.4e+38 -3.4e+38 -3.4e+38 -3.4e+38 -3.4e+38 -3.4e+38 -3.4e+38 -3.4e+38 -3.4e+38 -3.4e+38 -3.4e+38 -3.4e+38 -3.4e+38 -3.4e+38 -3.4e+38
15.0881662368774 15.0564165115356 14.8818330764771 14.7680006027222 14.8156242370605 14.8304996490479 14.9258337020874 14.973708152771 14.9207916259766 14.8853750228882 14.7563333511353 14.6940002441406 14.717583656311 14.7117500305176 14.7399168014526 14.8462915420532 15.034083366394 15.0869998931885 15.0832500457764 15.0757083892822 15.0095834732056 14.9402084350586 14.8817920684814 14.8852910995483 14.8392086029053 14.8664169311523 14.7629995346069 14.733208656311 14.5244169235229 -3.4e+38 -3.4e+38 -3.4e+38 -3.4e+38 -3.4e+38 -3.4e+38 -3.4e+38 -3.4e+38 -3.4e+38 -3.4e+38 -3.4e+38 -3.4e+38 -3.4e+38 -3.4e+38 -3.4e+38 -3.4e+38 -3.4e+38 -3.4e+38 -3.4e+38 -3.4e+38 -3.4e+38 -3.4e+38 -3.4e+38
15.1247501373291 15.0625419616699 14.9446668624878 14.813666343689 14.8411245346069 14.8960828781128 14.9049997329712 14.9099168777466 14.9213752746582 14.9378747940063 14.8331251144409 14.7369585037231 14.7210416793823 14.7411661148071 14.8477087020874 14.8474588394165 14.9534997940063 15.0267915725708 15.0565004348755 15.0451250076294 15.0015411376953 14.92799949646 14.8731670379639 14.860333442688 14.8129587173462 14.7513332366943 14.6779584884644 14.6237497329712 14.4225826263428 -3.4e+38 -3.4e+38 -3.4e+38 -3.4e+38 -3.4e+38 -3.4e+38 -3.4e+38 -3.4e+38 -3.4e+38 -3.4e+38 -3.4e+38 -3.4e+38 -3.4e+38 -3.4e+38 -3.4e+38 -3.4e+38 -3.4e+38 -3.4e+38 -3.4e+38 -3.4e+38 -3.4e+38 -3.4e+38 -3.4e+38
15.1849584579468 15.1030416488647 15.0060834884644 14.9150409698486 14.9250831604004 14.9252500534058 14.9131669998169 14.9348335266113 14.9279165267944 14.8882083892822 14.8535413742065 14.8482913970947 14.8151664733887 14.7832078933716 14.8394165039062 14.8899583816528 14.9411668777466 15.002124786377 14.9981250762939 14.9743747711182 14.9520835876465 14.8917083740234 14.8546667098999 14.8090829849243 14.7812910079956 14.686333656311 14.6300420761108 14.5563745498657 14.3518753051758 14.2457084655762 -3.4e+38 -3.4e+38 -3.4e+38 -3.4e+38 -3.4e+38 -3.4e+38 -3.4e+38 -3.4e+38 -3.4e+38 -3.4e+38 -3.4e+38 -3.4e+38 -3.4e+38 -3.4e+38 -3.4e+38 -3.4e+38 -3.4e+38 -3.4e+38 -3.4e+38 -3.4e+38 -3.4e+38 -3.4e+38
15.1822500228882 15.0868330001831 15.0334997177124 15.0480003356934 14.9858331680298 14.9518747329712 14.9155836105347 14.8737497329712 14.9027080535889 14.9747915267944 14.9516248703003 14.9135837554932 14.9114589691162 14.9613752365112 14.9307498931885 14.9544582366943 14.9827079772949 14.9962501525879 14.9565830230713 14.9192085266113 14.8392915725708 14.808500289917 14.8228750228882 14.7765836715698 14.7357082366943 14.7259168624878 14.7293748855591 14.6432495117188 14.3887920379639 14.2587080001831 -3.4e+38 -3.4e+38 -3.4e+38 -3.4e+38 -3.4e+38 -3.4e+38 -3.4e+38 -3.4e+38 -3.4e+38 -3.4e+38 -3.4e+38 -3.4e+38 -3.4e+38 -3.4e+38 -3.4e+38 -3.4e+38 -3.4e+38 -3.4e+38 -3.4e+38 -3.4e+38 -3.4e+38 -3.4e+38
15.2452917098999 15.2067918777466 15.1376247406006 15.0947494506836 15.080958366394 14.9912080764771 14.9352502822876 14.9345417022705 14.9939584732056 14.9724578857422 15.0020418167114 14.956000328064 15.0328750610352 14.9868745803833 14.9653339385986 14.9831247329712 14.9813747406006 14.9526672363281 14.923791885376 14.844708442688 14.8187913894653 14.7712917327881 14.806583404541 14.7929582595825 14.7773752212524 14.7529163360596 14.7255830764771 14.5186672210693 14.3595838546753 14.2269163131714 -3.4e+38 -3.4e+38 -3.4e+38 -3.4e+38 -3.4e+38 -3.4e+38 -3.4e+38 -3.4e+38 -3.4e+38 -3.4e+38 -3.4e+38 -3.4e+38 -3.4e+38 -3.4e+38 -3.4e+38 -3.4e+38 -3.4e+38 -3.4e+38 -3.4e+38 -3.4e+38 -3.4e+38 -3.4e+38
15.3647089004517 15.2377080917358 15.2001667022705 15.1559162139893 15.141749382019 15.1181669235229 15.0602083206177 15.079291343689 15.0943746566772 14.996958732605 15.1112909317017 15.0842914581299 15.0830001831055 15.085958480835 15.0586252212524 14.9992084503174 14.9654169082642 14.9165830612183 14.8535413742065 14.8562078475952 14.8351249694824 14.7420835494995 14.7309999465942 14.8640413284302 14.8404998779297 14.8245830535889 14.5990829467773 14.5376663208008 14.4795837402344 14.3185415267944 -3.4e+38 -3.4e+38 -3.4e+38 -3.4e+38 -3.4e+38 -3.4e+38 -3.4e+38 -3.4e+38 -3.4e+38 -3.4e+38 -3.4e+38 -3.4e+38 -3.4e+38 -3.4e+38 -3.4e+38 -3.4e+38 -3.4e+38 -3.4e+38 -3.4e+38 -3.4e+38 -3.4e+38 -3.4e+38
15.4637498855591 15.3222503662109 15.2429580688477 15.1964159011841 15.1824998855591 15.191291809082 15.2916669845581 15.223708152771 15.1597919464111 15.1006669998169 15.1614589691162 15.1101245880127 15.0398330688477 15.1649580001831 14.9885835647583 14.9527912139893 14.9205837249756 14.9027080535889 14.8623332977295 14.8091249465942 14.6753330230713 14.6598749160767 14.8597497940063 14.9734582901001 14.7405414581299 14.6462497711182 14.4966669082642 14.4605827331543 14.3472499847412 14.3743333816528 -3.4e+38 -3.4e+38 -3.4e+38 -3.4e+38 -3.4e+38 -3.4e+38 -3.4e+38 -3.4e+38 -3.4e+38 -3.4e+38 -3.4e+38 -3.4e+38 -3.4e+38 -3.4e+38 -3.4e+38 -3.4e+38 -3.4e+38 -3.4e+38 -3.4e+38 -3.4e+38 -3.4e+38 -3.4e+38
15.4876251220703 15.4347915649414 15.3133335113525 15.2089576721191 15.2522916793823 15.3341665267944 15.4451246261597 15.4350833892822 15.2547922134399 15.2379999160767 15.3258333206177 15.3223333358765 15.2871246337891 15.0082502365112 15.0238752365112 15.039249420166 14.9289579391479 14.8103332519531 14.8017501831055 14.7084999084473 14.7070417404175 14.8898334503174 14.7237501144409 14.6222915649414 14.6110000610352 14.6303749084473 14.6265420913696 14.4167499542236 14.3891668319702 14.4232082366943 14.3762922286987 -3.4e+38 -3.4e+38 -3.4e+38 -3.4e+38 -3.4e+38 -3.4e+38 -3.4e+38 -3.4e+38 -3.4e+38 -3.4e+38 -3.4e+38 -3.4e+38 -3.4e+38 -3.4e+38 -3.4e+38 -3.4e+38 -3.4e+38 -3.4e+38 -3.4e+38 -3.4e+38 -3.4e+38
15.4209995269775 15.3502912521362 15.4528331756592 15.3312911987305 15.2861251831055 15.383957862854 15.5269165039062 15.414083480835 15.3555002212524 15.3762922286987 15.3705835342407 15.41100025177 15.3185415267944 15.342999458313 15.204249382019 15.0869588851929 15.0085411071777 15.001916885376 14.9163331985474 14.8285417556763 14.6447916030884 14.9557085037231 14.7462921142578 14.7340831756592 14.6876668930054 14.8355836868286 14.6052913665771 14.5563745498657 14.5303335189819 14.4411668777466 14.4234170913696 -3.4e+38 -3.4e+38 -3.4e+38 -3.4e+38 -3.4e+38 -3.4e+38 -3.4e+38 -3.4e+38 -3.4e+38 -3.4e+38 -3.4e+38 -3.4e+38 -3.4e+38 -3.4e+38 -3.4e+38 -3.4e+38 -3.4e+38 -3.4e+38 -3.4e+38 -3.4e+38 -3.4e+38
15.2394161224365 15.3648748397827 15.4409589767456 15.4155416488647 15.390625 15.5222911834717 15.5924167633057 15.5252914428711 15.4761247634888 15.4737911224365 15.4298753738403 15.4210834503174 15.4441251754761 15.3508329391479 15.2857913970947 15.1940002441406 15.1284170150757 15.0525417327881 14.8436250686646 14.677791595459 14.5136251449585 14.7947082519531 15.0291662216187 14.7681255340576 14.9560413360596 14.9359169006348 14.8594160079956 14.6802082061768 14.602499961853 14.5222501754761 14.3795413970947 -3.4e+38 -3.4e+38 -3.4e+38 -3.4e+38 -3.4e+38 -3.4e+38 -3.4e+38 -3.4e+38 -3.4e+38 -3.4e+38 -3.4e+38 -3.4e+38 -3.4e+38 -3.4e+38 -3.4e+38 -3.4e+38 -3.4e+38 -3.4e+38 -3.4e+38 -3.4e+38 -3.4e+38
15.5036668777466 15.3146667480469 15.4094581604004 15.4480829238892 15.4588756561279 15.4712915420532 15.4878749847412 15.5652084350586 15.5967502593994 15.5773754119873 15.5191249847412 15.5317916870117 15.5499582290649 15.4875411987305 15.3867502212524 15.293083190918 15.1751670837402 15.0095834732056 14.8890409469604 14.7894992828369 14.8120002746582 14.981499671936 14.8755416870117 15.0052499771118 14.6420412063599 14.475625038147 14.6304998397827 14.6528749465942 14.6999998092651 14.5715417861938 14.5496253967285 -3.4e+38 -3.4e+38 -3.4e+38 -3.4e+38 -3.4e+38 -3.4e+38 -3.4e+38 -3.4e+38 -3.4e+38 -3.4e+38 -3.4e+38 -3.4e+38 -3.4e+38 -3.4e+38 -3.4e+38 -3.4e+38 -3.4e+38 -3.4e+38 -3.4e+38 -3.4e+38 -3.4e+38
15.7872495651245 15.5810413360596 15.4511251449585 15.4458332061768 15.476375579834 15.4726667404175 15.4601669311523 15.487208366394 15.5740003585815 15.6491250991821 15.6907920837402 15.6464996337891 15.5815830230713 15.5607500076294 15.2479581832886 15.0411252975464 14.986291885376 15.0361251831055 14.9546670913696 14.8343334197998 15.0084581375122 15.0502500534058 15.0138750076294 14.6811246871948 14.7162084579468 14.6479997634888 14.4147090911865 14.460750579834 14.6064577102661 14.5602912902832 14.4972085952759 -3.4e+38 -3.4e+38 -3.4e+38 -3.4e+38 -3.4e+38 -3.4e+38 -3.4e+38 -3.4e+38 -3.4e+38 -3.4e+38 -3.4e+38 -3.4e+38 -3.4e+38 -3.4e+38 -3.4e+38 -3.4e+38 -3.4e+38 -3.4e+38 -3.4e+38 -3.4e+38 -3.4e+38
15.6130418777466 15.4850416183472 15.4359998703003 15.4173336029053 15.4413747787476 15.4484167098999 15.4764165878296 15.4849996566772 15.4887914657593 15.524374961853 15.709041595459 15.7298755645752 15.5375833511353 15.4184579849243 15.0530834197998 15.0912084579468 15.2161664962769 15.2262086868286 14.8940420150757 14.9440832138062 14.9269161224365 15.1656246185303 14.8405828475952 15.0612506866455 14.9096250534058 14.7689161300659 14.6289587020874 14.4713745117188 14.4522075653076 14.5454578399658 14.4329996109009 -3.4e+38 -3.4e+38 -3.4e+38 -3.4e+38 -3.4e+38 -3.4e+38 -3.4e+38 -3.4e+38 -3.4e+38 -3.4e+38 -3.4e+38 -3.4e+38 -3.4e+38 -3.4e+38 -3.4e+38 -3.4e+38 -3.4e+38 -3.4e+38 -3.4e+38 -3.4e+38 -3.4e+38
