layers/tmin11.asc
NCOLS 421 
NROWS 354 
XLLCORNER -106.645833332895 
YLLCORNER 25.8541666666667 
CELLSIZE 0.0416666666669039 
NODATA_value -3.4e+38 
[rows 207 to 229 of 354, columns 104 to 155 of 421]
11.1805830001831 11.0745830535889 11.0463333129883 11.1188335418701 11.1665830612183 11.2260828018188 11.2900829315186 11.2644996643066 11.2154169082642 11.2080001831055 11.1961669921875 11.1611671447754 11.1269998550415 11.0354995727539 10.8764171600342 10.8656663894653 10.8497505187988 10.7629165649414 10.6284170150757 10.5625 10.5707502365112 10.5329999923706 10.5551662445068 10.543833732605 10.5095834732056 10.45924949646 10.3372497558594 10.1845836639404 10.0394163131714 9.91975021362305 9.96058368682861 10.0176668167114 10.1985836029053 10.2167501449585 10.0523328781128 10.0178327560425 9.97274971008301 10.009916305542 10.3803329467773 10.5409164428711 10.5708332061768 10.5387496948242 10.3731660842896 10.3989162445068 10.3677501678467 10.3092498779297 10.3090000152588 10.3457498550415 10.4399995803833 10.3648338317871 10.4611663818359 10.4291667938232
11.2465829849243 11.1680002212524 11.1086664199829 11.0769996643066 11.1468334197998 11.1949996948242 11.1564998626709 11.1980829238892 11.2019166946411 11.172082901001 11.1481666564941 11.1105833053589 11.0425004959106 10.9863338470459 10.894416809082 10.8292503356934 10.7426662445068 10.6266670227051 10.4455833435059 10.378833770752 10.3283338546753 10.3627500534058 10.4066667556763 10.4025001525879 10.3513336181641 10.2914161682129 10.185583114624 10.15149974823 10.0579996109009 10.0055828094482 9.96941661834717 10.1571664810181 10.1306667327881 10.0041666030884 9.67966651916504 9.59949970245361 9.50808334350586 9.85324954986572 10.2635831832886 10.3959999084473 10.4905834197998 10.5689163208008 10.5388336181641 10.5322504043579 10.4209995269775 10.3859996795654 10.4627504348755 10.5454998016357 10.6259164810181 10.6022500991821 10.6225004196167 10.7434997558594
11.2689161300659 11.2321662902832 11.1793336868286 11.1215000152588 11.1616668701172 11.1906671524048 11.1604995727539 11.1016664505005 11.1669998168945 11.0904998779297 11.0243330001831 11.047082901001 11.0103330612183 10.9028329849243 10.866250038147 10.7914161682129 10.7013330459595 10.5088329315186 10.35325050354 10.3100004196167 10.2493333816528 10.260666847229 10.2454166412354 10.2660837173462 10.1639165878296 10.1035003662109 10.0885829925537 10.0520000457764 9.98674964904785 9.99258327484131 9.87708282470703 9.93000030517578 9.85400009155273 9.79475021362305 9.33650016784668 9.12150001525879 9.04341697692871 9.23733329772949 9.58166694641113 9.96116638183594 10.1800832748413 10.3756666183472 10.5144166946411 10.6582498550415 10.7960834503174 10.6249170303345 10.7351665496826 10.8116664886475 10.8751668930054 10.8065004348755 10.8878335952759 10.9380836486816
11.2743330001831 11.2545003890991 11.2218332290649 11.1442499160767 11.1781663894653 11.1879997253418 11.1352500915527 11.0512504577637 11.0551671981812 10.9982500076294 10.9752502441406 10.9949998855591 10.9499998092651 10.8463335037231 10.8815832138062 10.7910003662109 10.6591663360596 10.4339170455933 10.3347501754761 10.2846670150757 10.2342500686646 10.2003335952759 10.1885833740234 10.1874170303345 10.0848331451416 10.0528335571289 10.0219163894653 10.017749786377 9.95691680908203 9.90416717529297 9.83141708374023 9.79383277893066 9.73775005340576 9.43166637420654 9.36999988555908 9.06266689300537 9.04808330535889 8.90683364868164 9.0180835723877 9.44050025939941 9.62333393096924 10.0376663208008 10.2174997329712 10.4004163742065 10.6577501296997 10.8210000991821 10.7851667404175 10.9420833587646 11.0477495193481 11.1134996414185 11.1210832595825 10.9460000991821
11.2165002822876 11.2310838699341 11.2509164810181 11.2567501068115 11.2330837249756 11.2235832214355 11.1222505569458 11.0301666259766 11.0006666183472 11.0403327941895 11.0120830535889 10.9564170837402 10.8424997329712 10.8705835342407 10.827917098999 10.7267503738403 10.5758333206177 10.4364995956421 10.3229169845581 10.251916885376 10.205249786377 10.1753330230713 10.1676664352417 10.1625833511353 10.0806665420532 10.0334167480469 9.99358367919922 9.99149990081787 9.97241687774658 9.92991638183594 9.84791660308838 9.73666667938232 9.57075023651123 9.72599983215332 9.75850009918213 9.40291690826416 9.35408306121826 9.00333309173584 8.89041709899902 8.993332862854 9.17991638183594 9.44775009155273 9.62199974060059 10.1744165420532 10.5091667175293 10.5129165649414 10.737416267395 10.6975002288818 10.8273334503174 11.0840835571289 11.2138328552246 11.1708335876465
11.2031669616699 11.2242498397827 11.2085838317871 11.2389163970947 11.2277498245239 11.2051668167114 11.171667098999 11.0726661682129 11.0876665115356 11.0930004119873 11.0305004119873 10.8489999771118 10.8062505722046 10.8220834732056 10.8248329162598 10.6791667938232 10.5540828704834 10.4598331451416 10.3582496643066 10.3048334121704 10.2617502212524 10.2355003356934 10.1753330230713 10.0715827941895 9.95600032806396 9.89158344268799 9.84441661834717 9.87808322906494 9.89116668701172 9.92991638183594 9.76325035095215 9.51016712188721 9.30641651153564 9.60649967193604 9.69700050354004 9.83591651916504 9.62874984741211 9.17575073242188 8.88074970245361 8.96399974822998 9.21158313751221 9.39141654968262 9.63033294677734 9.89841651916504 10.2596664428711 10.2955827713013 10.1681661605835 10.3060836791992 10.8553333282471 11.0705003738403 11.0932502746582 11.2775001525879
11.1783332824707 11.1795835494995 11.1843328475952 11.1849164962769 11.2065830230713 11.1771669387817 11.1363334655762 11.0770835876465 11.044750213623 10.9980001449585 10.9392499923706 10.8412494659424 10.8185834884644 10.7624168395996 10.7281665802002 10.6585836410522 10.5926666259766 10.5435838699341 10.4719161987305 10.4154996871948 10.3740835189819 10.2918329238892 10.2401666641235 10.0696668624878 9.89525032043457 9.80424976348877 9.83566665649414 9.8660831451416 9.87650012969971 9.83749961853027 9.53133392333984 9.21433353424072 9.25300025939941 9.31241607666016 9.52200031280518 9.81649971008301 9.86724948883057 9.49433326721191 9.26916694641113 9.18400001525879 9.34266662597656 9.65149974822998 9.85575008392334 9.65858364105225 9.76099967956543 9.99324989318848 9.81350040435791 10.2360000610352 10.7685832977295 10.8205003738403 10.9639167785645 11.1370830535889
11.1107501983643 11.1344165802002 11.1632499694824 11.1679162979126 11.1875829696655 11.2195835113525 11.1604995727539 11.1119165420532 10.9980001449585 10.9195003509521 10.85325050354 10.8028335571289 10.7657499313354 10.7158336639404 10.7230834960938 10.6452503204346 10.5687503814697 10.527416229248 10.4551668167114 10.4004163742065 10.3609170913696 10.263500213623 10.0998334884644 10.0051670074463 9.85641670227051 9.71433353424072 9.75099945068359 9.78400039672852 9.60958290100098 9.59441661834717 9.61666679382324 9.55350017547607 9.72391700744629 9.79641628265381 9.78383350372314 9.58325004577637 9.86141681671143 9.95366668701172 9.8864164352417 9.80841636657715 9.44341659545898 10.0449171066284 9.81391620635986 9.87049961090088 9.85408306121826 10.1828336715698 10.4200000762939 10.4464998245239 10.5640001296997 10.8159999847412 11.0494165420532 11.1808338165283
11.1077499389648 11.1850004196167 11.1654996871948 11.1730003356934 11.1829166412354 11.2131662368774 11.1928329467773 11.1158332824707 11.0452499389648 10.9101667404175 10.8174171447754 10.7798328399658 10.7501668930054 10.6620836257935 10.6479997634888 10.6784162521362 10.5902500152588 10.5065002441406 10.4587497711182 10.3946666717529 10.2752504348755 10.0920829772949 9.97774982452393 9.8754997253418 9.72150039672852 9.6118335723877 9.6163330078125 9.43074989318848 9.43708324432373 9.44058322906494 9.55591678619385 9.58133316040039 9.61275005340576 9.81116676330566 9.73008346557617 9.7609167098999 9.78583335876465 9.65408325195312 10.0863332748413 10.1995830535889 10.0595836639404 10.3889169692993 10.3149166107178 10.3417501449585 10.0968332290649 10.5353336334229 10.6754999160767 10.8413333892822 10.9079999923706 11.0044164657593 11.0261669158936 11.0961666107178
11.1762504577637 11.2438335418701 11.2809171676636 11.2867498397827 11.2925834655762 11.2166662216187 11.1818332672119 11.1736669540405 11.0807504653931 10.9574165344238 10.8459167480469 10.8035001754761 10.7384996414185 10.6798334121704 10.6652498245239 10.6575832366943 10.6470832824707 10.535249710083 10.4454164505005 10.320333480835 10.1949996948242 10.0401668548584 9.88650035858154 9.70275020599365 9.60658359527588 9.47000026702881 9.29574966430664 9.38866710662842 9.54991722106934 9.57058334350586 9.57266712188721 9.60941696166992 9.73291683197021 9.75533294677734 9.76133346557617 9.6758337020874 9.66899967193604 9.80275058746338 10.0310831069946 10.3680830001831 10.6177501678467 10.6989994049072 10.7067499160767 10.674916267395 10.5779161453247 10.8142499923706 10.9709167480469 11.0323333740234 11.1645002365112 11.1563329696655 11.2012500762939 11.1861667633057
11.3184995651245 11.2897500991821 11.2996664047241 11.3228330612183 11.3517503738403 11.3199167251587 11.2804164886475 11.2341661453247 11.138500213623 10.9939165115356 10.8941669464111 10.8249998092651 10.784083366394 10.7385835647583 10.7156667709351 10.7019166946411 10.6506662368774 10.549916267395 10.4514999389648 10.325249671936 10.1954164505005 10.0315837860107 9.85974979400635 9.6364164352417 9.4908332824707 9.34583282470703 9.24641704559326 9.40524959564209 9.66666698455811 9.59525012969971 9.56183338165283 9.65374946594238 9.8320837020874 9.96549987792969 9.87691688537598 9.97841644287109 10.0355834960938 9.85733318328857 9.9781665802002 10.2270832061768 10.6376667022705 10.8407497406006 10.9215002059937 10.8911666870117 10.9076671600342 10.9879169464111 11.1547498703003 11.2391662597656 11.3089160919189 11.3392505645752 11.3305006027222 11.2926664352417
11.5590000152588 11.4654169082642 11.3345832824707 11.3192501068115 11.3773336410522 11.4145002365112 11.3601665496826 11.3417501449585 11.2218332290649 11.0803327560425 11.0189170837402 10.9646663665771 10.9184999465942 10.8253335952759 10.7876663208008 10.7435836791992 10.6907501220703 10.5928335189819 10.4740839004517 10.4525833129883 10.2914161682129 10.087082862854 9.85649967193604 9.57958316802979 9.46399974822998 9.47258377075195 9.35200023651123 9.63933372497559 9.75441646575928 9.68333339691162 9.73766613006592 9.78041648864746 9.95241641998291 10.0867500305176 10.1468334197998 10.2937498092651 10.3022499084473 10.2737503051758 10.4133329391479 10.345666885376 10.5338335037231 10.8613328933716 11.0764169692993 11.1497497558594 11.2099170684814 11.2511672973633 11.2999172210693 11.4713335037231 11.4894161224365 11.3677501678467 11.3009996414185 11.2670831680298
11.7518329620361 11.6911668777466 11.5366659164429 11.4156665802002 11.3970832824707 11.4066667556763 11.3684167861938 11.3507499694824 11.2379999160767 11.157416343689 11.0934162139893 11.0585832595825 11.0050830841064 10.9154996871948 10.8187503814697 10.7475833892822 10.7091665267944 10.5913333892822 10.5354995727539 10.4884166717529 10.4219999313354 10.2189168930054 9.86033344268799 9.68400001525879 9.63383293151855 9.71966648101807 9.58516693115234 9.80291652679443 9.93383312225342 9.83866691589355 10.0040836334229 10.0543336868286 10.0890836715698 10.2466669082642 10.1894998550415 10.2886667251587 10.5263338088989 10.7104997634888 10.746000289917 10.7838335037231 10.7352495193481 10.9790000915527 11.0972499847412 11.2054166793823 11.434666633606 11.5024995803833 11.570333480835 11.6002502441406 11.4917497634888 11.4297504425049 11.3835830688477 11.3439168930054
11.8621664047241 11.7788333892822 11.6414995193481 11.5182504653931 11.4375829696655 11.4322500228882 11.3664999008179 11.3777503967285 11.2463331222534 11.2115831375122 11.1901664733887 11.1622495651245 11.1160831451416 11.0225830078125 10.9035005569458 10.8434162139893 10.7725830078125 10.6365003585815 10.5618333816528 10.5006666183472 10.4119167327881 10.28600025177 10.0847501754761 9.99366664886475 9.95158290863037 9.86366653442383 9.89366722106934 9.98700046539307 10.0172500610352 10.1612501144409 10.3844995498657 10.3166666030884 10.289249420166 10.3683338165283 10.5468330383301 10.7065830230713 10.7335004806519 10.803750038147 10.9624996185303 11.0570831298828 11.1499996185303 11.1340837478638 11.0990839004517 11.3415002822876 11.4425830841064 11.4335832595825 11.4914999008179 11.561333656311 11.5365839004517 11.4954166412354 11.4101667404175 11.3597497940063
11.7509164810181 11.7118330001831 11.7151670455933 11.5932502746582 11.4968328475952 11.5495834350586 11.5282497406006 11.4504165649414 11.3394165039062 11.2961664199829 11.2913331985474 11.2464170455933 11.1604166030884 11.1021671295166 11.0199165344238 10.936333656311 10.8404998779297 10.7501668930054 10.6802501678467 10.6327495574951 10.543833732605 10.4729166030884 10.2814168930054 10.2240839004517 10.1381664276123 10.1100835800171 10.0532503128052 10.0885000228882 10.0251665115356 10.1299171447754 10.3543329238892 10.6116666793823 10.6440000534058 10.6778335571289 10.6378335952759 10.5520000457764 10.571249961853 10.7236671447754 10.8280000686646 10.9714164733887 11.3304996490479 11.376166343689 11.3404169082642 11.4086666107178 11.4701662063599 11.4838333129883 11.5372495651245 11.623083114624 11.5914163589478 11.4871664047241 11.4104995727539 11.3791666030884
11.6288328170776 11.6197500228882 11.5900001525879 11.5030832290649 11.535249710083 11.6154165267944 11.6772499084473 11.5722503662109 11.4895830154419 11.410249710083 11.3880834579468 11.2873334884644 11.2445001602173 11.1994171142578 11.1082496643066 11.0068330764771 10.9166669845581 10.8491668701172 10.8035831451416 10.7510833740234 10.7138338088989 10.6219167709351 10.4719161987305 10.3610830307007 10.2726669311523 10.1897497177124 10.1195001602173 10.1254167556763 10.1660003662109 10.1115837097168 10.1280002593994 10.4309167861938 10.3999996185303 10.470666885376 10.499249458313 10.6765832901001 10.9559164047241 11.099666595459 11.2714996337891 11.362250328064 11.4260835647583 11.421667098999 11.4387502670288 11.5195837020874 11.5374164581299 11.5069999694824 11.5966672897339 11.5822496414185 11.4532499313354 11.4155836105347 11.3894996643066 11.3119163513184
11.5898332595825 11.3424997329712 11.3620004653931 11.16100025177 11.5527496337891 11.5920829772949 11.643666267395 11.6090831756592 11.532000541687 11.4851665496826 11.4392499923706 11.3725004196167 11.2876663208008 11.2169160842896 11.0951671600342 11.0159168243408 10.9336671829224 10.9136667251587 10.8691663742065 10.8430004119873 10.8201665878296 10.7868337631226 10.6805830001831 10.5172500610352 10.3717498779297 10.3015003204346 10.2409162521362 10.2581663131714 10.1423330307007 10.1958332061768 10.2164163589478 10.4115829467773 10.2309999465942 10.2923336029053 10.501916885376 10.7826671600342 11.0165004730225 11.0093336105347 11.0055837631226 11.2319164276123 11.4612503051758 11.3155002593994 11.3710832595825 11.4578332901001 11.4158334732056 11.3640003204346 11.443416595459 11.408332824707 11.3219995498657 11.3040838241577 11.2500829696655 11.2124166488647
11.8066663742065 11.6358337402344 11.1879997253418 11.2408332824707 11.5896663665771 11.6689167022705 11.5696668624878 11.6217498779297 11.5818328857422 11.5710830688477 11.5417499542236 11.3891668319702 11.2699995040894 11.2025833129883 10.9928331375122 10.9475002288818 10.8894166946411 10.8787498474121 10.8847503662109 10.935583114624 10.9520835876465 10.9090003967285 10.8004169464111 10.6564168930054 10.4381666183472 10.4208335876465 10.4570837020874 10.3361663818359 10.2290000915527 10.2707500457764 10.3529167175293 10.229416847229 10.2334995269775 10.4389162063599 10.4772500991821 10.7580833435059 10.8760004043579 10.7446670532227 11.0073337554932 11.2231664657593 11.2190837860107 11.2702503204346 11.3613338470459 11.4149169921875 11.2633333206177 11.2806663513184 11.1905832290649 11.0959167480469 11.0209999084473 11.140832901001 11.0250005722046 11.094916343689
11.8581666946411 11.426833152771 11.3493328094482 11.4455833435059 11.7998332977295 11.8225831985474 11.6907501220703 11.7683334350586 11.6868333816528 11.535249710083 11.4674167633057 11.3755836486816 11.215916633606 11.0834169387817 10.9078330993652 10.8524169921875 10.8155832290649 10.8450002670288 10.9130830764771 10.9966669082642 11.0320835113525 10.9619998931885 10.8722496032715 10.6490001678467 10.5484170913696 10.5713338851929 10.6049165725708 10.4366664886475 10.3036670684814 10.2588329315186 10.3386669158936 10.3454170227051 10.4094161987305 10.4655828475952 10.6816663742065 10.8367500305176 10.6177501678467 10.7566661834717 11.0503330230713 10.9078330993652 10.8323335647583 11.0575838088989 11.0868330001831 11.2691669464111 10.9329166412354 11.1417503356934 11.0895833969116 10.8641662597656 10.8930835723877 10.8594169616699 10.6975831985474 10.9001665115356
11.9907503128052 11.97350025177 11.9504165649414 11.9011669158936 11.9252500534058 11.8860836029053 11.7931671142578 11.8036661148071 11.6643333435059 11.4645004272461 11.3147497177124 11.1837501525879 11.1532497406006 11.0362501144409 10.9445829391479 10.8199996948242 10.7243328094482 10.7562503814697 10.8689165115356 10.9984169006348 11.0401668548584 10.931583404541 10.7921667098999 10.6580829620361 10.6251668930054 10.6605834960938 10.6630830764771 10.4342498779297 10.3675832748413 10.3457498550415 10.4292497634888 10.4498338699341 10.5249996185303 10.7185831069946 10.7053337097168 10.5196666717529 10.6285829544067 10.875 10.8017501831055 10.7658338546753 10.6635828018188 10.7980833053589 10.99524974823 11.2779998779297 11.1304168701172 10.9764165878296 11.1091661453247 11.0069160461426 10.7558336257935 10.5477504730225 10.6658334732056 10.799750328064
12.0778331756592 12.1024169921875 12.1270837783813 12.0329170227051 11.9827499389648 11.9079170227051 11.7530832290649 11.6763334274292 11.6033334732056 11.2289171218872 11.3658332824707 11.1584997177124 11.1155004501343 11.1400833129883 11.0315828323364 10.8653335571289 10.6510000228882 10.6206665039062 10.7181663513184 10.8240003585815 10.9117498397827 10.8029165267944 10.6997499465942 10.6498336791992 10.6514167785645 10.6925830841064 10.6390829086304 10.5559167861938 10.5023336410522 10.5318336486816 10.5322504043579 10.5936670303345 10.6123332977295 10.623833656311 10.4567499160767 10.5493335723877 10.7750835418701 10.751166343689 10.5525827407837 10.4984169006348 10.7366666793823 10.9764995574951 11.0872497558594 11.2334995269775 11.1820831298828 11.0874166488647 10.8870000839233 10.7790002822876 10.6365003585815 10.639666557312 10.7035837173462 10.8376665115356
12.140832901001 12.1307497024536 12.189582824707 12.0994167327881 11.6822500228882 11.8401670455933 11.7257499694824 11.6213331222534 11.5555000305176 11.3619165420532 11.262749671936 11.2065000534058 11.1980829238892 11.1871671676636 11.0984163284302 10.7861661911011 10.6206665039062 10.5787496566772 10.6439170837402 10.8003330230713 10.8410835266113 10.7735834121704 10.6794166564941 10.6281671524048 10.6160831451416 10.632833480835 10.6270837783813 10.5149164199829 10.4982500076294 10.4894170761108 10.441333770752 10.524582862854 10.5185832977295 10.5374164581299 10.4619169235229 10.5084171295166 10.6592502593994 10.6502494812012 10.5149164199829 10.6077499389648 10.8249168395996 10.9599161148071 10.9664163589478 11.1043329238892 11.0001668930054 10.9571666717529 10.8459997177124 10.622166633606 10.5021667480469 10.6382503509521 10.6578330993652 10.6351661682129
12.0974168777466 12.1824998855591 12.246166229248 12.1625003814697 11.9749164581299 11.886833190918 11.722583770752 11.5909996032715 11.6304998397827 11.3359994888306 11.2124166488647 11.1966667175293 11.2357501983643 11.2221670150757 11.0819997787476 10.9564170837402 10.771333694458 10.6471662521362 10.6606664657593 10.7232494354248 10.8109998703003 10.7194166183472 10.6490831375122 10.6277494430542 10.6509170532227 10.6301670074463 10.6205835342407 10.5200834274292 10.4916667938232 10.4934997558594 10.5089998245239 10.4773330688477 10.46875 10.4999160766602 10.460916519165 10.4734163284302 10.6172494888306 10.5096664428711 10.405083656311 10.4809169769287 10.5920829772949 10.7384166717529 10.9836664199829 11.1307497024536 10.8115835189819 10.7304162979126 10.6376667022705 10.5690002441406 10.506667137146 10.4901666641235 10.554666519165 10.5624170303345
