layers/tmin9.asc
NCOLS 421 
NROWS 354 
XLLCORNER -106.645833332895 
YLLCORNER 25.8541666666667 
CELLSIZE 0.0416666666669039 
NODATA_value -3.4e+38 
[rows 115 to 137 of 354, columns 156 to 207 of 421]
6.51975011825562 6.56458330154419 6.61133337020874 6.63166666030884 6.59633350372314 6.66800022125244 6.75658321380615 6.83075046539307 6.96925020217896 7.00650024414062 7.0259165763855 7.1674165725708 7.19424962997437 7.24249982833862 7.30900001525879 7.45516633987427 7.39783334732056 7.3549165725708 7.35299968719482 7.45650005340576 7.54091691970825 7.58299970626831 7.55808353424072 7.47883367538452 7.44366693496704 7.42058324813843 7.44708347320557 7.3714165687561 7.34291648864746 7.49508333206177 7.55583333969116 7.55399990081787 7.6051664352417 7.64583301544189 7.70041656494141 7.72691679000854 7.73999977111816 7.82474994659424 8.10958385467529 8.17208290100098 8.24216651916504 8.30216693878174 8.35225009918213 8.3725004196167 8.42083358764648 8.42125034332275 8.42566680908203 8.47033309936523 8.51049995422363 8.56166648864746 8.65166664123535 8.71399974822998
6.48566675186157 6.60308313369751 6.68924951553345 6.72883367538452 6.79208326339722 6.86016654968262 6.97033309936523 6.98675012588501 7.00874996185303 7.2185001373291 7.2776665687561 7.33441638946533 7.35758352279663 7.44591665267944 7.54008340835571 7.57941675186157 7.57108354568481 7.53800010681152 7.49200010299683 7.53524971008301 7.60708332061768 7.70125007629395 7.63466644287109 7.55808353424072 7.56166648864746 7.56508350372314 7.60591650009155 7.53700017929077 7.4283332824707 7.45174980163574 7.6230001449585 7.66666650772095 7.71574974060059 7.73066663742065 7.75658321380615 7.83266687393188 7.89716672897339 7.89949989318848 8.06216716766357 8.31941699981689 8.3132495880127 8.42266654968262 8.47441673278809 8.49933338165283 8.49983310699463 8.5223331451416 8.47591686248779 8.52266693115234 8.56008338928223 8.56174945831299 8.60400009155273 8.78841686248779
6.63749980926514 6.63175010681152 6.63949966430664 6.71408319473267 6.77708339691162 6.9064998626709 7.0089168548584 7.02675008773804 7.15208339691162 7.39424991607666 7.46933317184448 7.55900001525879 7.60216665267944 7.59233331680298 7.5714168548584 7.59458351135254 7.54591655731201 7.56524991989136 7.59458303451538 7.6138334274292 7.66458368301392 7.73258352279663 7.67458343505859 7.62949991226196 7.58358335494995 7.54266691207886 7.55599975585938 7.5917501449585 7.64383316040039 7.60683345794678 7.66633319854736 7.74858331680298 7.78416681289673 7.83300018310547 7.81058311462402 7.88483333587646 7.95633316040039 7.96658325195312 8.05249977111816 8.23050022125244 8.40225028991699 8.50316619873047 8.60533332824707 8.66466617584229 8.65466690063477 8.61050033569336 8.61208343505859 8.66658306121826 8.63083362579346 8.60783386230469 8.63749980926514 8.82016658782959
6.61899995803833 6.6671667098999 6.64691638946533 6.61999988555908 6.7756667137146 6.92616701126099 7.08641672134399 7.18983316421509 7.34008312225342 7.46108341217041 7.51633310317993 7.65749979019165 7.67525005340576 7.63583326339722 7.55833339691162 7.5627498626709 7.56216669082642 7.57466650009155 7.55883312225342 7.61533355712891 7.65916681289673 7.69558334350586 7.67875003814697 7.61258316040039 7.56974983215332 7.51324987411499 7.48133325576782 7.53508329391479 7.51399993896484 7.59108352661133 7.76283311843872 7.76283311843872 7.86816644668579 7.92974996566772 7.93616676330566 7.96425008773804 8.03299999237061 8.05124950408936 8.1961669921875 8.22433376312256 8.40925025939941 8.57908344268799 8.7383337020874 8.80258369445801 8.81533336639404 8.77158355712891 8.75133323669434 8.73466682434082 8.70858287811279 8.71066665649414 8.76350021362305 8.87558364868164
6.604416847229 6.64983320236206 6.74158334732056 6.79491662979126 6.8495831489563 6.8730001449585 7.0571665763855 7.19916677474976 7.40433359146118 7.54358339309692 7.71683311462402 7.73383331298828 7.67466688156128 7.63558340072632 7.61983346939087 7.56216669082642 7.56125020980835 7.64833307266235 7.70016670227051 7.69041681289673 7.66608333587646 7.70458316802979 7.69166707992554 7.62108325958252 7.56383323669434 7.49483299255371 7.42508316040039 7.35108327865601 7.35174989700317 7.48324966430664 7.73508358001709 7.93708324432373 7.99033355712891 8.07124996185303 8.09916687011719 8.12841701507568 8.15458297729492 8.18033313751221 8.23474979400635 8.31408309936523 8.43833351135254 8.62074947357178 8.74841690063477 8.90374946594238 8.9196662902832 8.85333347320557 8.80091667175293 8.73091697692871 8.68716621398926 8.69349956512451 8.68325042724609 8.78866672515869
6.63175010681152 6.7075834274292 6.82016658782959 6.87416696548462 6.85166645050049 6.80983352661133 7.06516695022583 7.3102502822876 7.44775009155273 7.5957498550415 7.69024991989136 7.72358322143555 7.78299999237061 7.7042498588562 7.62599992752075 7.54333305358887 7.58566665649414 7.64025020599365 7.67733335494995 7.70074987411499 7.69541645050049 7.70924997329712 7.71108341217041 7.71399974822998 7.63833332061768 7.53116655349731 7.41424989700317 7.32491636276245 7.28366661071777 7.43291664123535 7.67750024795532 7.97525024414062 8.09091663360596 8.16950035095215 8.22574996948242 8.23600006103516 8.24666690826416 8.25133323669434 8.36000061035156 8.50374984741211 8.50316619873047 8.64000034332275 8.76641654968262 8.87666606903076 8.87641716003418 8.8325834274292 8.76274967193604 8.71024990081787 8.66749954223633 8.70075035095215 8.74199962615967 8.81958293914795
6.89491653442383 6.92208337783813 6.88649988174438 6.82033348083496 6.82541656494141 6.85766649246216 7.12949991226196 7.3325834274292 7.37674999237061 7.61950016021729 7.7165002822876 7.82266664505005 7.82499980926514 7.74574995040894 7.67791652679443 7.64141654968262 7.63108348846436 7.63024997711182 7.69024991989136 7.75999975204468 7.7901668548584 7.81949996948242 7.77508354187012 7.7594165802002 7.72200012207031 7.64633321762085 7.51125001907349 7.43849992752075 7.40616703033447 7.48274993896484 7.70541667938232 7.90491676330566 8.19600009918213 8.27124977111816 8.33566665649414 8.32783317565918 8.31900024414062 8.36283302307129 8.35141658782959 8.47974967956543 8.59000015258789 8.68733310699463 8.75524997711182 8.75558376312256 8.73616695404053 8.70008277893066 8.70141696929932 8.67066669464111 8.67508316040039 8.75291633605957 8.833083152771 8.85200023651123
7.07550001144409 7.10283327102661 7.04166650772095 7.08550024032593 7.05883312225342 7.06033372879028 7.20958375930786 7.45683336257935 7.58200025558472 7.66008329391479 7.73266696929932 7.86008310317993 7.85908317565918 7.81408309936523 7.78591680526733 7.722083568573 7.68408298492432 7.67616653442383 7.72516632080078 7.83300018310547 7.96600008010864 7.9375 7.88266658782959 7.85675001144409 7.80883312225342 7.77575016021729 7.69533348083496 7.61658334732056 7.63183307647705 7.68424987792969 7.81658315658569 7.95574998855591 8.22125053405762 8.41125011444092 8.37766647338867 8.3097505569458 8.28258323669434 8.28308296203613 8.32933330535889 8.42175006866455 8.52741718292236 8.58783340454102 8.64383316040039 8.65299987792969 8.62341690063477 8.58475017547607 8.61691665649414 8.6569995880127 8.72408294677734 8.83558368682861 8.84074974060059 8.84949970245361
7.09391689300537 7.19483327865601 7.24791669845581 7.25225019454956 7.27825021743774 7.35741662979126 7.38899993896484 7.53983306884766 7.63291692733765 7.65191650390625 7.65058326721191 7.6618332862854 7.71066665649414 7.7698335647583 7.75866651535034 7.73324966430664 7.77841663360596 7.82674980163574 7.80266666412354 7.97849988937378 8.03625011444092 8.06849956512451 8.02416706085205 7.92366695404053 7.92924976348877 7.90024995803833 7.84958362579346 7.83450031280518 7.81108331680298 7.85683345794678 7.916916847229 8.05616664886475 8.19558334350586 8.31316661834717 8.35499954223633 8.34249973297119 8.295166015625 8.3459997177124 8.38049983978271 8.35816669464111 8.44408321380615 8.53649997711182 8.60891628265381 8.6135835647583 8.63350009918213 8.63774967193604 8.67983341217041 8.76774978637695 8.86275005340576 8.90225028991699 8.9055004119873 8.91324996948242
7.15950012207031 7.26125001907349 7.26433324813843 7.31458330154419 7.45316696166992 7.5220832824707 7.59383344650269 7.64349985122681 7.59641647338867 7.63191652297974 7.6051664352417 7.59025001525879 7.63824987411499 7.67058324813843 7.71083307266235 7.77883338928223 7.83599996566772 7.9042501449585 7.91191673278809 8.04925060272217 8.16333293914795 8.17150020599365 8.12658309936523 8.0823335647583 8.07466697692871 8.02641677856445 7.97483348846436 7.94575023651123 7.96274995803833 7.97974967956543 8.08391666412354 8.12208366394043 8.17449951171875 8.23133373260498 8.25516700744629 8.34466648101807 8.33566665649414 8.3444995880127 8.37008380889893 8.36033344268799 8.43133354187012 8.45741653442383 8.5200834274292 8.5084171295166 8.54941654205322 8.61116695404053 8.66125011444092 8.7792501449585 8.86908340454102 8.96116638183594 8.99766635894775 9.06583309173584
7.26025009155273 7.36616659164429 7.40799999237061 7.37441682815552 7.53350019454956 7.61175012588501 7.64716672897339 7.67024993896484 7.57649993896484 7.60383319854736 7.5510835647583 7.57250022888184 7.57224988937378 7.60983324050903 7.6509165763855 7.70741653442383 7.80516672134399 7.93349981307983 7.9941668510437 8.07791614532471 8.21983337402344 8.26799964904785 8.26483345031738 8.22749996185303 8.18508338928223 8.04749965667725 7.93433332443237 7.98283338546753 8.04408359527588 8.04758358001709 8.06400012969971 8.11549949645996 8.1984167098999 8.26974964141846 8.25883293151855 8.29099941253662 8.31983375549316 8.32383346557617 8.34291648864746 8.32299995422363 8.33333301544189 8.38700008392334 8.51358318328857 8.5175838470459 8.51783275604248 8.56750011444092 8.63983345031738 8.79733371734619 8.88233280181885 8.92933368682861 8.9980001449585 9.05616664886475
7.35174989700317 7.36958312988281 7.39191675186157 7.54300022125244 7.63308334350586 7.56966638565063 7.6341667175293 7.58091688156128 7.59783315658569 7.60408353805542 7.56058311462402 7.61241674423218 7.65058326721191 7.68758344650269 7.64191675186157 7.7296667098999 7.80708360671997 7.8930835723877 7.98741674423218 8.09408378601074 8.29083347320557 8.38233375549316 8.34491634368896 8.32441711425781 8.23025035858154 8.19683361053467 8.18299961090088 8.11016654968262 8.0510835647583 7.99483346939087 8.04283332824707 8.18291664123535 8.23691654205322 8.29166698455811 8.28491687774658 8.21958351135254 8.26574993133545 8.38491630554199 8.3844165802002 8.34766674041748 8.3415002822876 8.45741653442383 8.51574993133545 8.5406665802002 8.54116630554199 8.57883358001709 8.6783332824707 8.77833366394043 8.81833362579346 8.92175006866455 9.05258369445801 9.12049961090088
7.45516681671143 7.47058343887329 7.52024984359741 7.58150005340576 7.63791656494141 7.61633348464966 7.62816667556763 7.61324977874756 7.63024997711182 7.65566682815552 7.57233333587646 7.6046667098999 7.68499994277954 7.71483325958252 7.71449995040894 7.76666641235352 7.84891653060913 7.96200037002563 8.09108352661133 8.14750003814697 8.28433322906494 8.34500026702881 8.40066719055176 8.35908317565918 8.38325023651123 8.33366680145264 8.19649982452393 8.11075019836426 8.12283325195312 8.17708301544189 8.14491653442383 8.21074962615967 8.26999950408936 8.27491664886475 8.31916618347168 8.29208374023438 8.31875038146973 8.41258335113525 8.48099994659424 8.44541645050049 8.43633365631104 8.48058319091797 8.53608322143555 8.59275054931641 8.6428337097168 8.70391654968262 8.73341655731201 8.80366706848145 8.84558296203613 8.95891666412354 9.11975002288818 9.13383293151855
7.42283344268799 7.44416666030884 7.47625017166138 7.49683332443237 7.5111665725708 7.53375005722046 7.56508350372314 7.56583309173584 7.62183332443237 7.63075017929077 7.61708307266235 7.65116691589355 7.67883348464966 7.76325035095215 7.79341650009155 7.78008317947388 7.85391664505005 8.07549953460693 8.2165002822876 8.27383327484131 8.3430004119873 8.30533313751221 8.31624984741211 8.34808349609375 8.28683280944824 8.19983386993408 8.14424991607666 8.13049983978271 8.10808277130127 8.13199996948242 8.24266624450684 8.30866622924805 8.31908321380615 8.32299995422363 8.32358360290527 8.31566619873047 8.33841705322266 8.41483306884766 8.46408367156982 8.52400016784668 8.54641628265381 8.51041698455811 8.54833316802979 8.60050010681152 8.69099998474121 8.7055835723877 8.74658298492432 8.79833316802979 8.87916660308838 8.95925045013428 9.05341625213623 9.10700035095215
7.40408325195312 7.56008338928223 7.55100011825562 7.4888334274292 7.50016689300537 7.51149988174438 7.50883340835571 7.551833152771 7.62341642379761 7.60925006866455 7.61249971389771 7.63091659545898 7.68008327484131 7.84941673278809 7.96891689300537 7.91599988937378 7.94149971008301 8.13916683197021 8.25508308410645 8.24733352661133 8.29349994659424 8.32108306884766 8.30675029754639 8.26875019073486 8.23866653442383 8.23050022125244 8.21883296966553 8.17708301544189 8.15491676330566 8.2725830078125 8.36333274841309 8.35141658782959 8.31441688537598 8.3551664352417 8.36824989318848 8.40341663360596 8.39949989318848 8.41883373260498 8.44983291625977 8.58475017547607 8.57250022888184 8.58683300018311 8.58933353424072 8.66733360290527 8.6765832901001 8.71991634368896 8.71541690826416 8.73283290863037 8.85433292388916 8.95108318328857 9.00874996185303 9.08691692352295
7.53541660308838 7.57175016403198 7.66883325576782 7.63791656494141 7.52908325195312 7.52850008010864 7.46099996566772 7.52391672134399 7.57033348083496 7.57591676712036 7.59616661071777 7.65999984741211 7.80841684341431 8.04733276367188 8.11649990081787 8.17266654968262 8.17266654968262 8.11724948883057 8.24125003814697 8.21391677856445 8.24224948883057 8.23791694641113 8.23408317565918 8.23158359527588 8.18458366394043 8.23433303833008 8.2631664276123 8.31166648864746 8.33625030517578 8.31099987030029 8.30375003814697 8.31075000762939 8.31116676330566 8.37441635131836 8.4821662902832 8.49016666412354 8.47808361053467 8.47175025939941 8.51108360290527 8.56066703796387 8.57891654968262 8.57708358764648 8.6135835647583 8.67449951171875 8.71308326721191 8.63283348083496 8.70491695404053 8.71991634368896 8.80875015258789 8.88899993896484 8.93658351898193 9.03275012969971
7.70800018310547 7.67916679382324 7.63666677474976 7.69383335113525 7.63583326339722 7.60191679000854 7.64441680908203 7.57466650009155 7.58366680145264 7.72625017166138 7.88133335113525 7.91699981689453 8.01824951171875 8.13408279418945 8.1344165802002 8.15250015258789 8.23900032043457 8.24024963378906 8.21391677856445 8.20075035095215 8.21300029754639 8.20583343505859 8.20258331298828 8.19225025177002 8.19341659545898 8.19674968719482 8.24791622161865 8.28041648864746 8.32158374786377 8.35908317565918 8.32383346557617 8.30224990844727 8.3323335647583 8.54416656494141 8.62249946594238 8.5625 8.53883361816406 8.48658275604248 8.48183345794678 8.52241706848145 8.58899974822998 8.59758377075195 8.66133308410645 8.61766719818115 8.66458320617676 8.61425018310547 8.60208320617676 8.73641681671143 8.74075031280518 8.87233352661133 8.96833324432373 9.10433292388916
7.65833330154419 7.73958349227905 7.69775009155273 7.69141674041748 7.78358364105225 7.70041656494141 7.74233341217041 7.68025016784668 7.78291654586792 7.7390832901001 7.80725002288818 7.92558336257935 7.9949164390564 8.2165002822876 8.2207498550415 8.11499977111816 8.18341636657715 8.23999977111816 8.28858375549316 8.28241729736328 8.29874992370605 8.26408386230469 8.2524995803833 8.20666694641113 8.16191673278809 8.13458347320557 8.22924995422363 8.27441692352295 8.3219165802002 8.34383296966553 8.33966636657715 8.37933349609375 8.44283294677734 8.59224987030029 8.51624965667725 8.50366687774658 8.54599952697754 8.52299976348877 8.53016662597656 8.68008327484131 8.7075834274292 8.60016632080078 8.59516620635986 8.57824993133545 8.62266635894775 8.56116676330566 8.583083152771 8.65775012969971 8.75633335113525 8.91141700744629 9.05124950408936 9.13175010681152
7.79974985122681 7.81416654586792 7.77250003814697 7.81883335113525 7.8810830116272 7.81241655349731 7.87608337402344 7.73416662216187 7.89716672897339 7.95466661453247 7.94274997711182 7.99275016784668 8.12775039672852 8.18033313751221 8.17800045013428 8.15341663360596 8.21841621398926 8.28499984741211 8.31774997711182 8.32149982452393 8.27041625976562 8.28749942779541 8.25275039672852 8.2100830078125 8.1780834197998 8.12233352661133 8.11200046539307 8.13449954986572 8.24391651153564 8.25349998474121 8.31758308410645 8.40516662597656 8.51266670227051 8.43424987792969 8.47924995422363 8.57025051116943 8.60933303833008 8.63449954986572 8.69016647338867 8.72016620635986 8.73824977874756 8.74300003051758 8.82925033569336 8.75008392333984 8.67891693115234 8.70491695404053 8.7614164352417 8.80141639709473 8.95041656494141 8.99641704559326 9.13041687011719 9.25791645050049
7.82049989700317 7.84700012207031 7.85624980926514 7.91624975204468 7.87008333206177 7.94000005722046 7.98624992370605 7.97358322143555 8.00858306884766 8.01458358764648 8.08174991607666 8.0843334197998 8.10591697692871 8.1755838394165 8.06866645812988 8.06833362579346 8.12166690826416 8.17650032043457 8.30900001525879 8.41899967193604 8.40716648101807 8.35750007629395 8.30841636657715 8.26299953460693 8.20766639709473 8.06691646575928 7.99358320236206 8.02933311462402 8.12950038909912 8.25325012207031 8.33600044250488 8.44375038146973 8.52983283996582 8.53683376312256 8.50600051879883 8.53200054168701 8.61775016784668 8.645583152771 8.67208290100098 8.72933387756348 8.7405834197998 8.79308319091797 8.82299995422363 8.85274982452393 8.86524963378906 8.76641654968262 8.8841667175293 8.8343334197998 8.97850036621094 9.06266689300537 9.1542501449585 9.22041702270508
7.95308351516724 7.9154167175293 7.871666431427 7.88499975204468 7.95125007629395 7.9689998626709 7.9631667137146 8.04141712188721 8.07016658782959 8.10474967956543 8.16208362579346 8.15616703033447 8.18691635131836 8.22408294677734 8.20775032043457 8.19474983215332 8.24458312988281 8.1557502746582 8.34933280944824 8.50716686248779 8.51450061798096 8.45266628265381 8.35766696929932 8.25016689300537 8.18875026702881 8.09749984741211 8.04425048828125 8.10658359527588 8.22758388519287 8.36616706848145 8.37241649627686 8.42724990844727 8.50633335113525 8.51875019073486 8.55291652679443 8.56291675567627 8.60824966430664 8.59983348846436 8.65383338928223 8.70524978637695 8.76183319091797 8.80824947357178 8.82124996185303 8.89008331298828 8.96283340454102 9.01016712188721 8.98741626739502 8.9865837097168 9.09641647338867 9.06116676330566 9.06283378601074 9.07916641235352
7.95591688156128 7.97374963760376 7.95083332061768 7.93983316421509 7.98166656494141 7.97366666793823 7.87408304214478 7.90083312988281 7.88266658782959 7.95900011062622 7.99725008010864 8.09000015258789 7.95608329772949 8.00800037384033 8.18733310699463 8.26958274841309 8.2944164276123 8.31741714477539 8.34908294677734 8.46525001525879 8.46691703796387 8.45358371734619 8.36216640472412 8.31458377838135 8.32558345794678 8.22483348846436 8.14141654968262 8.15516662597656 8.23258304595947 8.32824993133545 8.3953332901001 8.41241645812988 8.43516635894775 8.46508312225342 8.47166633605957 8.48674964904785 8.52691650390625 8.62216663360596 8.7055835723877 8.76725006103516 8.79775047302246 8.84375 8.8754997253418 8.90283298492432 9.02649974822998 9.02866649627686 9.0629997253418 9.13158321380615 9.09441661834717 9.04650020599365 9.04008293151855 8.99166679382324
8.03283309936523 8.00816631317139 7.99941682815552 8.01424980163574 8.03166675567627 8.07083320617676 7.97583341598511 7.91383361816406 7.98741674423218 8.09666633605957 8.12441730499268 8.0647497177124 8.00266647338867 8.0307502746582 8.1783332824707 8.22683334350586 8.11324977874756 8.17125034332275 8.36541652679443 8.41216659545898 8.38983345031738 8.49258327484131 8.41091632843018 8.43983364105225 8.41041660308838 8.36083316802979 8.29608345031738 8.27691650390625 8.2594165802002 8.26466655731201 8.34833335876465 8.41241645812988 8.42358303070068 8.40100002288818 8.4067497253418 8.604416847229 8.68350028991699 8.6894998550415 8.75741672515869 8.81141662597656 8.81641674041748 8.854416847229 8.92949962615967 8.91174983978271 8.95300006866455 8.99433326721191 8.93324947357178 9.00275039672852 9.02400016784668 9.03708362579346 9.02025032043457 9.03824996948242
