layers/tmin11.asc
NCOLS 421 
NROWS 354 
XLLCORNER -106.645833332895 
YLLCORNER 25.8541666666667 
CELLSIZE 0.0416666666669039 
NODATA_value -3.4e+38 
[rows 230 to 252 of 354, columns 104 to 155 of 421]
12.0342502593994 12.1155834197998 12.14674949646 12.1459999084473 12.0260000228882 11.8860836029053 11.732250213623 11.6347503662109 11.5862503051758 11.3505001068115 11.2631664276123 11.2443332672119 11.2966661453247 11.198166847229 11.198166847229 10.9788331985474 10.8421669006348 10.5839166641235 10.6067495346069 10.6584997177124 10.8104162216187 10.6569995880127 10.6769170761108 10.6623334884644 10.6531667709351 10.6212501525879 10.6027498245239 10.5178337097168 10.5153331756592 10.514666557312 10.485333442688 10.501916885376 10.4905834197998 10.4957504272461 10.460000038147 10.4670829772949 10.5131664276123 10.3660831451416 10.4729166030884 10.6254997253418 10.799750328064 10.9426670074463 10.9077501296997 11.043833732605 10.9640836715698 10.7738332748413 10.5815830230713 10.6264162063599 10.6000833511353 10.6515836715698 10.617166519165 10.7051668167114
12.1931667327881 12.2130002975464 12.1374168395996 12.0115833282471 11.9613332748413 11.9095001220703 11.8026666641235 11.7145004272461 11.6705837249756 11.7076663970947 11.6464166641235 11.2217493057251 11.2415828704834 11.2851667404175 11.2681665420532 11.1761665344238 10.8693332672119 10.6599998474121 10.7112503051758 10.6985836029053 10.8625001907349 10.7127504348755 10.717583656311 10.6987504959106 10.6140003204346 10.5791664123535 10.6067495346069 10.5454168319702 10.5285835266113 10.5574998855591 10.543999671936 10.5895833969116 10.5487499237061 10.4914169311523 10.4840002059937 10.4145002365112 10.3942499160767 10.3882503509521 10.503999710083 10.5854167938232 10.7548332214355 10.9471664428711 10.8790836334229 10.9280834197998 10.8963327407837 10.7231664657593 10.6007499694824 10.6393337249756 10.6864995956421 10.7318334579468 10.6360836029053 10.7504997253418
12.2610836029053 12.2635831832886 11.9792499542236 11.8304996490479 11.8109169006348 11.8848333358765 11.9035835266113 11.8403329849243 11.7272500991821 11.6411666870117 11.6885833740234 11.5528335571289 11.1498336791992 11.2315835952759 11.2503337860107 11.2143335342407 11.0131664276123 10.7855005264282 10.6844167709351 10.8878335952759 10.925666809082 10.8109169006348 10.6306667327881 10.5666666030884 10.5768327713013 10.577917098999 10.5485830307007 10.5607500076294 10.5950002670288 10.6243333816528 10.6339998245239 10.6269998550415 10.5768337249756 10.5505828857422 10.5059995651245 10.4568328857422 10.4304170608521 10.5164165496826 10.6222496032715 10.7405834197998 10.8925838470459 10.9722499847412 10.8457498550415 10.8061666488647 10.7808332443237 10.7642498016357 10.7030000686646 10.7327499389648 10.8164167404175 10.8070001602173 10.7030000686646 10.6969165802002
12.3535003662109 12.3140001296997 12.1945829391479 11.9010000228882 11.9905834197998 11.9126663208008 11.7928333282471 11.8513336181641 11.5845832824707 11.4891672134399 11.6242504119873 11.5244169235229 11.1551666259766 11.0808334350586 11.3049163818359 11.3055830001831 11.1228332519531 10.976583480835 10.9460830688477 11.0797500610352 10.8639993667603 10.6101665496826 10.5111665725708 10.5769996643066 10.551833152771 10.5311670303345 10.5828332901001 10.5736665725708 10.6083335876465 10.6245002746582 10.6820001602173 10.6754169464111 10.6283330917358 10.5907497406006 10.5693330764771 10.5380001068115 10.5623331069946 10.5932502746582 10.6520833969116 10.7413330078125 10.8273334503174 10.884916305542 10.825249671936 10.8140830993652 10.8196668624878 10.8363332748413 10.8911666870117 10.8327503204346 10.7710838317871 10.8450832366943 10.7948331832886 10.7454996109009
12.1414165496826 12.1636667251587 12.1535005569458 12.0503330230713 11.972749710083 11.9099168777466 11.8811664581299 11.7681665420532 11.3841667175293 11.358416557312 11.419750213623 11.597749710083 11.3457498550415 11.2466669082642 11.323166847229 11.3385829925537 11.1549167633057 11.0840835571289 11.0740003585815 11.1689167022705 10.8589162826538 10.605583190918 10.6857500076294 10.6364164352417 10.6034164428711 10.5942497253418 10.6286668777466 10.6316661834717 10.6163330078125 10.6168336868286 10.6601667404175 10.7115001678467 10.7171669006348 10.642749786377 10.6082496643066 10.5964164733887 10.6067495346069 10.614333152771 10.7030839920044 10.791166305542 10.8079166412354 10.8273334503174 10.8495836257935 10.8479995727539 10.8417501449585 10.8540000915527 10.7377500534058 10.8269166946411 10.7451667785645 10.7425003051758 10.7670001983643 10.8478336334229
11.8401670455933 11.9247493743896 11.9156665802002 11.8131666183472 11.6612501144409 11.6642503738403 11.6204166412354 11.7563333511353 11.7427501678467 11.6866664886475 11.7085828781128 11.6325836181641 11.5963335037231 11.3880834579468 11.485333442688 11.4235000610352 11.3021669387817 11.110333442688 10.9974164962769 11.2474164962769 10.9908332824707 10.8082494735718 10.8310832977295 10.6070003509521 10.507833480835 10.5912504196167 10.7242498397827 10.683666229248 10.6484994888306 10.6662502288818 10.6423330307007 10.6198329925537 10.6920833587646 10.7645835876465 10.6588335037231 10.6696662902832 10.666166305542 10.6573333740234 10.742166519165 10.8017501831055 10.7951669692993 10.7985830307007 10.8332500457764 10.8179998397827 10.7840003967285 10.7383337020874 10.6797504425049 10.6349172592163 10.7031669616699 10.7539167404175 10.7790832519531 10.7732496261597
11.6062498092651 11.6215000152588 11.74524974823 11.7545833587646 11.8161668777466 11.7708330154419 11.7749166488647 11.7214164733887 11.683666229248 11.6485004425049 11.674750328064 11.625 11.578332901001 11.455249786377 11.5410003662109 11.6267499923706 11.3402500152588 11.219916343689 11.0437498092651 11.1700000762939 11.0412502288818 10.9266662597656 10.6622505187988 10.5240001678467 10.4780836105347 10.5894994735718 10.8569164276123 10.7003335952759 10.6152496337891 10.6263332366943 10.6643333435059 10.7432498931885 10.6541662216187 10.7901668548584 10.8337497711182 10.6975002288818 10.7051668167114 10.7404165267944 10.8097505569458 10.8245000839233 10.7564163208008 10.7555837631226 10.748083114624 10.7226667404175 10.6873331069946 10.6856670379639 10.6925830841064 10.7157497406006 10.7216663360596 10.6531667709351 10.6688327789307 10.753833770752
11.8464164733887 11.8695831298828 11.8793334960938 11.9175834655762 11.940333366394 11.8380002975464 11.6877498626709 11.6426668167114 11.5376663208008 11.5354166030884 11.5561666488647 11.5580835342407 11.5887498855591 11.5902500152588 11.657000541687 11.5240831375122 11.3221664428711 11.2161664962769 11.1462497711182 11.141583442688 11.2541666030884 11.096583366394 10.8724164962769 10.6458330154419 10.4969997406006 10.607250213623 10.7036666870117 10.59375 10.5515832901001 10.5799169540405 10.5904998779297 10.7084999084473 10.8514165878296 10.8575830459595 10.9733333587646 10.8223333358765 10.7624168395996 10.736499786377 10.8672494888306 10.8227500915527 10.7660837173462 10.7418336868286 10.6937503814697 10.6813335418701 10.6821670532227 10.6760835647583 10.668083190918 10.6454162597656 10.6817502975464 10.6285829544067 10.634916305542 10.7164163589478
11.898250579834 11.945333480835 11.8695831298828 11.8708333969116 11.8916664123535 11.7822504043579 11.7248334884644 11.6456670761108 11.566499710083 11.5570831298828 11.5813331604004 11.5842504501343 11.5542497634888 11.6477499008179 11.7714996337891 11.6486663818359 11.3921670913696 11.3312501907349 11.3304996490479 11.299750328064 11.3234996795654 11.0071668624878 10.7425832748413 10.7401666641235 10.514666557312 10.4381666183472 10.6298332214355 10.4420003890991 10.4776668548584 10.5786666870117 10.5849170684814 10.6439170837402 10.7700834274292 11.0021667480469 11.049916267395 10.9225835800171 10.7326669692993 10.7493333816528 10.831166267395 10.9200830459595 10.8611669540405 10.7725830078125 10.7184171676636 10.6772499084473 10.6533336639404 10.6964168548584 10.720666885376 10.7362499237061 10.7567501068115 10.7829170227051 10.8125829696655 10.8482494354248
11.8734169006348 12.0413331985474 12.078332901001 12.042332649231 12.0281667709351 11.9340000152588 11.7778329849243 11.679666519165 11.6147499084473 11.5889167785645 11.5456666946411 11.59375 11.6050834655762 11.6583337783813 11.7100830078125 11.884916305542 11.5380830764771 11.397500038147 11.4639167785645 11.28125 11.3882503509521 10.9515838623047 10.7580003738403 10.5754165649414 10.4873332977295 10.4944171905518 10.7290830612183 10.640832901001 10.5945835113525 10.6218328475952 10.6530838012695 10.6487503051758 10.7539167404175 10.8350830078125 11.0930004119873 10.9720001220703 10.9046669006348 10.8725004196167 10.861499786377 10.9512500762939 10.9610834121704 10.8899164199829 10.7649173736572 10.7269172668457 10.7457504272461 10.7900829315186 10.8731670379639 10.8512496948242 10.8554162979126 10.9218330383301 10.8747501373291 10.8684997558594
11.8928327560425 12.0336666107178 12.0442504882812 12.0176668167114 12.09850025177 12.0402498245239 11.8825836181641 11.804666519165 11.7364168167114 11.7274169921875 11.6806669235229 11.5548334121704 11.5791664123535 11.7064170837402 11.7849998474121 11.8865833282471 11.7220001220703 11.5174999237061 11.5081663131714 11.4341669082642 11.3750829696655 10.9330835342407 10.7534999847412 10.7059164047241 10.5803337097168 10.5490837097168 10.7693338394165 10.9339170455933 10.6890001296997 10.6815004348755 10.8495826721191 10.7165832519531 10.9371671676636 10.867166519165 11.1619997024536 11.08899974823 10.9622497558594 11.0027503967285 10.9489994049072 11.0394163131714 11.075083732605 10.9397497177124 10.8695831298828 10.8403329849243 10.8221664428711 10.8899164199829 10.8745002746582 10.863166809082 10.9087505340576 10.9595832824707 10.9890832901001 11.0262498855591
11.8785829544067 11.9497499465942 12.0612497329712 12.1037502288818 12.0549163818359 12.0443334579468 11.9379997253418 11.8654165267944 11.8777503967285 11.8755836486816 11.829083442688 11.7783336639404 11.7600831985474 11.7251663208008 11.789999961853 12.0415830612183 11.9020833969116 11.6748332977295 11.5080833435059 11.4700832366943 11.3439168930054 11.0868330001831 10.9496669769287 10.9106664657593 10.6761665344238 10.6552505493164 10.666166305542 10.9226665496826 10.7481670379639 10.7022495269775 10.8795003890991 10.8262500762939 11.0189170837402 11.0651664733887 11.2472496032715 11.0115833282471 11.0502500534058 11.1129999160767 11.0845832824707 11.2189168930054 11.1031665802002 11.0295829772949 10.9489164352417 10.9265003204346 10.9636669158936 10.9162502288818 10.8715000152588 10.8734998703003 10.9531669616699 10.9875001907349 11.1557502746582 11.0821666717529
11.5677499771118 11.8870000839233 11.9891662597656 12.071249961853 12.0929164886475 12.0336666107178 11.9340000152588 11.9343328475952 11.9969167709351 11.9954996109009 12.0640830993652 11.9718332290649 11.9343328475952 11.9852504730225 12.0072498321533 11.9565000534058 11.8545837402344 11.7183332443237 11.6469163894653 11.6383333206177 11.3857498168945 11.2829999923706 11.1979169845581 10.8532495498657 10.7150001525879 10.7602500915527 10.9340829849243 11.0864162445068 10.9009170532227 10.8023328781128 10.9456663131714 10.855583190918 11.0129165649414 11.2429170608521 11.139666557312 11.0402498245239 11.2384996414185 11.2448329925537 11.1944169998169 11.249249458313 11.1779165267944 11.1268329620361 11.0676670074463 11.0142498016357 10.9771661758423 10.9362497329712 10.916916847229 10.8684997558594 10.8890829086304 10.9551668167114 10.9854164123535 10.9385004043579
11.5924167633057 11.839916229248 12.0280828475952 12.0723333358765 12.0504169464111 12.0014162063599 12.0428333282471 12.0749168395996 12.1035833358765 12.0989999771118 12.060583114624 12.1521663665771 12.1798334121704 12.263500213623 12.260666847229 12.0356664657593 11.9564170837402 11.8120002746582 11.8091669082642 11.7177505493164 11.7652502059937 11.3583335876465 11.1815004348755 10.983416557312 10.9359998703003 11.0894165039062 11.1811666488647 11.0513334274292 10.8181667327881 10.9080839157104 11.003833770752 10.9804162979126 10.9777498245239 11.1967496871948 11.0184164047241 11.1070003509521 11.3232498168945 11.3667497634888 11.3159170150757 11.2370834350586 11.1923332214355 11.1005001068115 11.0465002059937 11.0089168548584 10.9758329391479 10.9300003051758 10.9305830001831 10.9254169464111 10.916916847229 10.9167499542236 10.8695831298828 10.9202499389648
11.8839168548584 12.0104169845581 12.081916809082 12.1077499389648 12.0841665267944 12.0419998168945 12.0689163208008 12.1203336715698 12.0837497711182 12.141583442688 12.1793336868286 12.1002502441406 12.1040000915527 12.2598333358765 12.3325004577637 12.1035003662109 12.0207500457764 11.9333333969116 11.942666053772 12.0083332061768 11.8210830688477 11.4895830154419 11.3239164352417 11.0874996185303 11.2054166793823 11.277250289917 11.3222503662109 11.126916885376 10.9187498092651 11.0314168930054 11.0156660079956 11.2073335647583 11.1800003051758 11.327166557312 11.0988330841064 11.4030828475952 11.5621671676636 11.4934167861938 11.3955001831055 11.2960834503174 11.2981662750244 11.2251672744751 11.1392498016357 11.0664167404175 11.0162496566772 11.0062503814697 11.0275001525879 10.904167175293 10.8379163742065 10.8787498474121 10.9475002288818 11.0328330993652
11.7589998245239 12.0150833129883 12.251916885376 12.3144998550415 12.1894998550415 12.1646671295166 12.1325836181641 12.1172494888306 12.1166667938232 12.1551666259766 12.1501665115356 12.0444164276123 12.1028337478638 12.201000213623 12.4046669006348 12.3398332595825 12.2130832672119 12.1044998168945 12.0927495956421 12.1111669540405 12.0041666030884 11.7385835647583 11.5490837097168 11.2615833282471 11.3210000991821 11.4795837402344 11.2152500152588 11.2233333587646 11.0609998703003 10.9923334121704 11.0569162368774 11.1506671905518 11.4131669998169 11.3926668167114 11.53125 11.485333442688 11.568416595459 11.5705003738403 11.3805828094482 11.4241666793823 11.3971662521362 11.2880001068115 11.1850833892822 11.1649169921875 11.1794166564941 11.1447505950928 11.0905838012695 11.0482501983643 11.114333152771 11.0884160995483 11.1414165496826 11.1197500228882
11.8405838012695 12.0458335876465 12.1631669998169 12.2418336868286 12.1944999694824 12.2121667861938 12.3090000152588 12.2119998931885 12.145583152771 12.1839170455933 12.2660837173462 12.2822504043579 12.1631669998169 12.3548336029053 12.4429168701172 12.3736667633057 12.1639995574951 12.1711664199829 12.2399168014526 12.1733331680298 11.9436664581299 11.7465839385986 11.585000038147 11.3781661987305 11.3360004425049 11.5845003128052 11.4085836410522 11.3190832138062 11.1911668777466 11.2270832061768 11.183500289917 11.4008331298828 11.6298332214355 11.6430835723877 11.3959999084473 11.4223337173462 11.487416267395 11.519416809082 11.4093332290649 11.4322500228882 11.3972501754761 11.3995838165283 11.2922496795654 11.2718334197998 11.2854995727539 11.2444171905518 11.2114162445068 11.2023334503174 11.259916305542 11.2713327407837 11.2808332443237 11.2426662445068
12.1794166564941 12.2125835418701 12.3406667709351 12.3632497787476 12.3190002441406 12.3439998626709 12.3389167785645 12.3602495193481 12.2275838851929 12.1934995651245 12.2535839080811 12.2623329162598 12.3223333358765 12.573166847229 12.3180837631226 12.2597494125366 12.2034168243408 12.2533330917358 12.4109163284302 12.0800828933716 11.9055004119873 11.6868333816528 11.5760831832886 11.5458335876465 11.5690002441406 11.7425832748413 11.4857501983643 11.3454999923706 11.3197498321533 11.4836664199829 11.5699996948242 11.5812501907349 11.8072500228882 11.6690835952759 11.5560836791992 11.5085830688477 11.569167137146 11.5585832595825 11.4425830841064 11.4178333282471 11.4026670455933 11.4250831604004 11.4248332977295 11.3558330535889 11.3484163284302 11.3215837478638 11.2569999694824 11.2927503585815 11.3892498016357 11.4160003662109 11.3759164810181 11.4095830917358
12.4190835952759 12.5450830459595 12.5643329620361 12.5726661682129 12.5695829391479 12.5310001373291 12.5143337249756 12.4930000305176 12.3287496566772 12.2217502593994 12.1322498321533 12.1418333053589 12.2197504043579 12.3242502212524 12.5109996795654 12.5230836868286 12.354416847229 12.3414163589478 12.3304996490479 12.2468328475952 12.0950832366943 11.8441667556763 11.7240829467773 11.5340003967285 11.6760835647583 11.9167499542236 11.5570001602173 11.4914999008179 11.6134996414185 11.6842498779297 11.9207496643066 11.8315000534058 12.0987501144409 11.8616666793823 11.8663330078125 11.833083152771 11.7652502059937 11.6830835342407 11.595666885376 11.5339164733887 11.5649995803833 11.5363330841064 11.5062503814697 11.4425830841064 11.4603328704834 11.390417098999 11.3435001373291 11.3815002441406 11.5682497024536 11.5361671447754 11.6240835189819 11.3597497940063
12.233416557312 12.3799161911011 12.672833442688 12.8201665878296 12.7991666793823 12.7325830459595 12.6329164505005 12.5765838623047 12.5053329467773 12.3683338165283 12.1040000915527 12.0578336715698 12.143666267395 12.2598333358765 12.2982501983643 12.4899168014526 12.6519994735718 12.4106664657593 12.4473333358765 12.2239999771118 12.0769166946411 11.9253330230713 11.7215003967285 11.705249786377 11.7565832138062 12.0249996185303 11.7403335571289 11.8610830307007 11.876166343689 11.8823337554932 12.0971670150757 12.1513338088989 12.1417503356934 12.0976667404175 11.9785003662109 11.929666519165 11.800666809082 11.7072496414185 11.5836668014526 11.6547498703003 11.7026672363281 11.6406669616699 11.6450834274292 11.6509170532227 11.632833480835 11.6370000839233 11.5540838241577 11.5235004425049 11.6473331451416 11.590916633606 11.5839996337891 11.6331663131714
12.137749671936 12.5393333435059 12.8436670303345 13.0045833587646 13.0544996261597 12.97350025177 12.8785829544067 12.7067499160767 12.6257495880127 12.5115833282471 12.2200832366943 12.0886669158936 12.0729169845581 12.2039165496826 12.306583404541 12.3668336868286 12.4174165725708 12.7420835494995 12.5482501983643 12.2776670455933 12.1516666412354 12.0788335800171 12.0510835647583 11.787917137146 11.9396667480469 12.1224994659424 12.282416343689 12.1817502975464 12.1765832901001 12.321249961853 12.3110837936401 12.2392501831055 12.1099996566772 12.0456666946411 12.0215835571289 11.9691667556763 11.8824996948242 11.7585000991821 11.7231664657593 11.7559995651245 11.7968330383301 11.7469997406006 11.7426671981812 11.7582502365112 11.8078336715698 11.9340829849243 11.9598331451416 11.8277502059937 11.6798334121704 11.8804168701172 11.9322500228882 11.8551664352417
12.5966663360596 13.0469169616699 13.217583656311 13.3372497558594 13.2262496948242 13.117166519165 13.0032501220703 12.9514999389648 12.7564172744751 12.7099170684814 12.448166847229 12.2614994049072 12.2068328857422 12.1821670532227 12.3194169998169 12.4570837020874 12.6051664352417 12.7638330459595 12.7355833053589 12.5814161300659 12.3652496337891 12.4819164276123 12.2319164276123 11.8814172744751 11.862416267395 12.1005830764771 12.0909996032715 12.4484167098999 12.6090002059937 12.277250289917 11.9883337020874 11.9314165115356 11.9329996109009 11.9967498779297 12.0624170303345 11.9729166030884 11.9732503890991 11.9138336181641 12.0220832824707 12.0404996871948 11.8734998703003 11.8055830001831 11.8305006027222 11.9004163742065 12.0063333511353 12.1172494888306 12.1235828399658 12.0075836181641 11.941333770752 12.0609169006348 11.9850835800171 11.8091669082642
13.1835832595825 13.4804162979126 13.6102504730225 13.6999998092651 13.604416847229 13.405499458313 13.1678333282471 13.0383329391479 12.9738330841064 12.8816661834717 12.6557502746582 12.5104169845581 12.4194164276123 12.4574165344238 12.3931665420532 12.5010833740234 12.6557502746582 12.5383338928223 12.6225833892822 12.9153327941895 12.5610837936401 12.380916595459 12.3081665039062 12.0452499389648 11.9375 12.1619997024536 12.3638334274292 12.4761667251587 12.4954996109009 12.3195829391479 12.0535831451416 11.8834171295166 11.971583366394 12.1609163284302 12.2417497634888 12.2771663665771 12.2859163284302 12.3039169311523 12.4084997177124 12.3494167327881 12.1724166870117 12.1094169616699 12.0913333892822 12.141583442688 12.1720838546753 12.0770835876465 12.2411670684814 12.282416343689 12.2289171218872 12.2482500076294 12.0886669158936 12.0893335342407
