layers/tmin9.asc
NCOLS 421 
NROWS 354 
XLLCORNER -106.645833332895 
YLLCORNER 25.8541666666667 
CELLSIZE 0.0416666666669039 
NODATA_value -3.4e+38 
[rows 69 to 91 of 354, columns 364 to 415 of 421]
5.52733325958252 5.76200008392334 5.94583320617676 6.28783369064331 6.40474987030029 5.7720832824707 5.33016681671143 5.85750007629395 6.18616676330566 5.84375 5.77383327484131 6.21241664886475 6.34483337402344 6.06016683578491 6.25075006484985 5.80008363723755 5.38383340835571 5.35975027084351 5.78183317184448 5.76574993133545 5.78983306884766 5.79050016403198 5.92983341217041 5.84491682052612 5.81383323669434 5.86758327484131 5.98141670227051 5.96033334732056 5.89608335494995 6.11191654205322 6.0859169960022 6.08666658401489 6.14849996566772 6.14991664886475 6.23600006103516 6.26166677474976 6.27675008773804 6.29391670227051 6.40508317947388 6.51849985122681 6.59875011444092 6.77075004577637 6.88091659545898 6.94766664505005 7.02274990081787 7.09716653823853 -3.4e+38 -3.4e+38 -3.4e+38 -3.4e+38 -3.4e+38 -3.4e+38
5.93225002288818 5.66575002670288 5.86458349227905 6.10966682434082 6.34341669082642 5.7167501449585 5.676833152771 6.06949996948242 6.40124988555908 6.32874965667725 6.19124984741211 6.08416652679443 6.04591655731201 6.0114164352417 6.18183326721191 6.09474992752075 5.9140830039978 5.69058322906494 5.5647497177124 5.65233325958252 5.58774995803833 5.66258335113525 5.73175001144409 5.64650011062622 5.73166656494141 5.722083568573 5.84533309936523 5.74449968338013 5.80574989318848 6.07133340835571 6.07358312606812 6.05875015258789 5.99833345413208 6.04941654205322 6.12291669845581 6.20033311843872 6.14408349990845 6.12933349609375 6.22633361816406 6.38341665267944 6.57866668701172 6.76125001907349 6.87841653823853 6.89958333969116 6.99550008773804 7.08383321762085 7.14816665649414 -3.4e+38 -3.4e+38 -3.4e+38 -3.4e+38 -3.4e+38
6.10975027084351 5.85266637802124 6.08974981307983 6.17958354949951 6.28733348846436 5.94291639328003 5.91025018692017 5.98216676712036 6.4314169883728 6.25216674804688 5.83741664886475 5.74008321762085 5.69133329391479 5.82066679000854 6.20158338546753 5.98383331298828 5.81816673278809 5.73724985122681 5.87766647338867 5.39033317565918 5.25266647338867 5.44449996948242 5.32383346557617 5.32766675949097 5.52258348464966 5.85116672515869 5.78200006484985 5.55975008010864 5.61299991607666 5.80741691589355 5.63916635513306 5.78391647338867 5.86949968338013 5.97958326339722 6.02283334732056 6.01933336257935 6.01383352279663 6.08400011062622 6.24658346176147 6.44416666030884 6.60933351516724 6.77524995803833 6.90333366394043 6.99149990081787 7.05875015258789 7.17816638946533 7.24108362197876 -3.4e+38 -3.4e+38 -3.4e+38 -3.4e+38 -3.4e+38
6.31125020980835 6.18633317947388 5.9225001335144 6.22683334350586 6.47258329391479 6.33274984359741 6.17341661453247 6.09525012969971 6.21691656112671 5.94600009918213 5.81900024414062 5.82641649246216 5.52250003814697 5.41900014877319 5.6930832862854 5.60050010681152 5.69416666030884 5.96199989318848 5.73099994659424 5.19733333587646 4.95025014877319 5.03958320617676 5.22450017929077 5.28191661834717 5.42024993896484 5.4067497253418 5.5404167175293 5.55558347702026 5.49983310699463 5.55066633224487 5.60150003433228 5.58466672897339 5.81750011444092 5.94358348846436 6.03433322906494 6.13549995422363 6.08241653442383 6.12358331680298 6.27799987792969 6.5254168510437 6.7238335609436 6.86191654205322 6.95374965667725 7.0058331489563 7.09141683578491 7.13600015640259 7.19633340835571 7.3066668510437 -3.4e+38 -3.4e+38 -3.4e+38 -3.4e+38
6.426833152771 6.34600019454956 6.11366653442383 6.42008304595947 6.31500005722046 5.91508340835571 5.864333152771 5.81108331680298 5.9026665687561 5.99391651153564 5.82391691207886 5.53674983978271 5.32866668701172 5.20658349990845 5.51399993896484 5.44925022125244 5.63350009918213 5.88966655731201 5.68858337402344 5.37791681289673 5.20358324050903 5.44941663742065 5.50475025177002 5.5734167098999 5.40474987030029 5.34866666793823 5.38275003433228 5.49658346176147 5.47658348083496 5.48699998855591 5.48799991607666 5.60158348083496 5.75133323669434 5.86708354949951 5.93633317947388 6.09358310699463 6.2848334312439 6.28133344650269 6.30908346176147 6.50183343887329 6.69774961471558 6.79400014877319 6.93608331680298 6.95233345031738 7.01149988174438 7.18641662597656 7.15466690063477 -3.4e+38 -3.4e+38 -3.4e+38 -3.4e+38 -3.4e+38
6.30208349227905 6.39466667175293 6.33291673660278 6.36633348464966 6.13841676712036 6.09591674804688 5.79633331298828 5.62991666793823 5.55616664886475 5.54783344268799 5.61958312988281 5.67399978637695 5.54500007629395 5.16300010681152 5.2134165763855 5.09058332443237 5.37216663360596 5.64441680908203 5.39591646194458 5.4011664390564 5.39808320999146 5.32399988174438 5.77383327484131 5.71783351898193 5.32925033569336 5.42708349227905 5.55866670608521 5.76600027084351 5.57983350753784 5.65891695022583 5.63983345031738 5.61766672134399 5.72358322143555 5.78416681289673 5.89966678619385 6.14341688156128 6.17333316802979 6.33958339691162 6.51658344268799 6.57783317565918 6.63091659545898 6.78691673278809 6.94141674041748 6.99399995803833 6.95133352279663 7.12491655349731 7.14691638946533 7.20524978637695 -3.4e+38 -3.4e+38 -3.4e+38 -3.4e+38
6.17466640472412 6.00349998474121 5.80283355712891 5.99383306503296 5.7408332824707 5.93783330917358 6.13358306884766 5.96533346176147 5.80200004577637 5.79158306121826 5.62916660308838 5.38049983978271 5.38133335113525 5.42283344268799 4.99725008010864 4.9176664352417 5.15900039672852 5.45650005340576 5.30208349227905 5.40166664123535 5.45550012588501 5.23091650009155 5.32091665267944 5.42058324813843 5.49275016784668 5.59124994277954 5.93158340454102 5.78116655349731 5.597083568573 5.59516668319702 5.72350025177002 5.73258352279663 5.69483327865601 5.77616691589355 5.75674962997437 6.03066682815552 6.2664999961853 6.46616649627686 6.6082501411438 6.68066692352295 6.61616659164429 6.63241672515869 6.66366672515869 6.77291679382324 6.80166673660278 6.82783317565918 7.02708339691162 7.30858325958252 -3.4e+38 -3.4e+38 -3.4e+38 -3.4e+38
5.78600025177002 5.59316682815552 5.7614164352417 5.67341661453247 5.65150022506714 5.94425010681152 5.99324989318848 6.02174997329712 5.99033355712891 5.97308349609375 5.82950019836426 5.72291660308838 5.54150009155273 5.65466690063477 5.37558317184448 4.97191667556763 5.16025018692017 5.33291673660278 5.10233354568481 5.36950016021729 5.35666656494141 5.39616680145264 5.48824977874756 5.38583326339722 5.39608335494995 5.68008375167847 5.49874973297119 5.53591680526733 5.44883346557617 5.49708318710327 5.62283325195312 5.77658367156982 5.6933331489563 5.73008346557617 5.69008350372314 5.91858339309692 6.36116695404053 6.42866659164429 6.52016687393188 6.67916679382324 6.61516666412354 6.55483341217041 6.45116662979126 6.51300001144409 6.66274976730347 6.96224975585938 7.15341663360596 7.28858327865601 7.43308305740356 -3.4e+38 -3.4e+38 -3.4e+38
5.71624994277954 5.49808311462402 5.3439998626709 5.57966661453247 5.84875011444092 5.81508350372314 5.78125 5.86666679382324 5.86191654205322 6.01558303833008 5.90591669082642 5.68033313751221 5.65724992752075 5.65233325958252 5.64200019836426 5.05700016021729 5.0276665687561 5.2669997215271 5.05425024032593 5.28933334350586 5.33833312988281 5.21950006484985 5.32049989700317 5.35258340835571 5.3658332824707 5.46191644668579 5.46441650390625 5.47133350372314 5.47616672515869 5.50691652297974 5.66466665267944 5.79358339309692 5.70616626739502 5.80474996566772 5.8531665802002 6.05966663360596 6.15666675567627 6.29658317565918 6.46408319473267 6.63191652297974 6.67649984359741 6.55516672134399 6.46458339691162 6.39816665649414 6.54974985122681 6.83174991607666 7.15533351898193 7.32200002670288 7.61791658401489 -3.4e+38 -3.4e+38 -3.4e+38
5.17816638946533 5.32025003433228 5.385666847229 5.64575004577637 5.59174966812134 5.9064998626709 5.95158338546753 5.8839168548584 5.74000024795532 5.91950035095215 5.85199975967407 5.69350004196167 5.5035834312439 5.29008340835571 5.35308313369751 5.19441652297974 4.93050003051758 5.03266668319702 5.21633338928223 5.06333351135254 5.29716682434082 5.25116682052612 5.34658336639404 5.40741634368896 5.50058317184448 5.32116651535034 5.37249994277954 5.42533302307129 5.5957498550415 5.60474967956543 5.79675006866455 5.67966651916504 5.6542501449585 5.91758346557617 6.27225017547607 6.36008310317993 6.42899990081787 6.40333318710327 6.42649984359741 6.60341691970825 6.77258348464966 6.72958326339722 6.69925022125244 6.69058322906494 6.81408357620239 6.96708345413208 7.19466638565063 7.42799997329712 -3.4e+38 -3.4e+38 -3.4e+38 -3.4e+38
5.60566663742065 5.23758316040039 5.44466638565063 5.44124984741211 5.62933349609375 5.9194164276123 5.77458333969116 5.94483327865601 5.68200016021729 5.76324987411499 5.79374980926514 5.59233331680298 5.47875022888184 5.4524998664856 5.16608333587646 5.30208349227905 5.02708339691162 5.11566686630249 5.27333307266235 5.21325016021729 5.32124996185303 5.47450017929077 5.53758335113525 5.41674995422363 5.58991670608521 5.48233318328857 5.35475015640259 5.28025007247925 5.53625011444092 5.79741668701172 5.81991672515869 5.61791658401489 5.52174997329712 5.78550004959106 6.23633337020874 6.51933336257935 6.72424983978271 6.65925025939941 6.70916652679443 6.72316646575928 6.89691638946533 6.9835000038147 7.00250005722046 7.01824998855591 7.09100008010864 7.18374967575073 7.31216669082642 -3.4e+38 -3.4e+38 -3.4e+38 -3.4e+38 -3.4e+38
5.52174997329712 5.61216688156128 5.49941682815552 5.29874992370605 5.39449977874756 5.83500003814697 5.66166687011719 5.93708324432373 5.78541660308838 5.70258331298828 5.58024978637695 5.5109167098999 5.36183309555054 5.38124990463257 5.43483352661133 5.29625034332275 5.37441682815552 5.31416654586792 5.42158317565918 5.45008325576782 5.46183300018311 5.42266654968262 5.42183351516724 5.56258344650269 5.70966672897339 5.47625017166138 5.3345832824707 5.46883344650269 5.64641666412354 5.9428334236145 6.19966650009155 5.7957501411438 5.81708335876465 5.95050001144409 6.25749969482422 6.30116653442383 6.48366689682007 6.67574977874756 6.82849979400635 7.03608322143555 7.15008306503296 7.2151665687561 7.21708297729492 7.21333312988281 7.28900003433228 7.39474964141846 7.52375030517578 7.66408348083496 -3.4e+38 -3.4e+38 -3.4e+38 -3.4e+38
6.02225017547607 5.97783327102661 5.89016675949097 5.46350002288818 5.56391668319702 5.72133350372314 5.75174999237061 5.81949996948242 5.93000030517578 5.82224988937378 5.77816677093506 5.79341650009155 5.67033338546753 5.62091684341431 5.58733320236206 5.60408353805542 5.60416698455811 5.54533338546753 5.55758333206177 5.62583351135254 5.66816663742065 5.70841646194458 5.78358316421509 5.81891679763794 5.63483333587646 5.32375001907349 5.52083349227905 5.64799976348877 5.61999988555908 6.01933336257935 6.28816652297974 5.9040002822876 6.23333358764648 6.22375011444092 6.30124998092651 6.60458326339722 6.60741662979126 6.77266693115234 6.93924999237061 7.14800024032593 7.30866670608521 7.41908311843872 7.39983320236206 7.42816686630249 7.50624990463257 7.57758331298828 7.67049980163574 7.83366680145264 -3.4e+38 -3.4e+38 -3.4e+38 -3.4e+38
5.91141653060913 5.67158317565918 5.59824991226196 5.50125026702881 5.56725025177002 5.87200021743774 5.80533361434937 5.80283355712891 5.85566663742065 5.90333318710327 5.76608324050903 5.81316661834717 5.74583339691162 5.77649974822998 5.81591653823853 5.85249996185303 5.88583326339722 5.81491661071777 5.85400009155273 5.81941652297974 5.68266677856445 5.7776665687561 5.86133337020874 6.04816675186157 5.95916652679443 5.5848331451416 5.35524988174438 5.81916666030884 5.95233345031738 6.21075010299683 6.39624977111816 6.4924168586731 6.67641639709473 6.76883363723755 6.66091680526733 6.83024978637695 6.98250007629395 7.02558326721191 7.08533334732056 7.19875001907349 7.38199996948242 7.48450040817261 7.55958318710327 7.61958312988281 7.75174999237061 7.78725004196167 7.86108350753784 8.02525043487549 8.11699962615967 -3.4e+38 -3.4e+38 -3.4e+38
6.09166669845581 6.10741662979126 5.93074989318848 5.86166667938232 5.93958330154419 6.08566665649414 6.01300001144409 5.79925012588501 5.83358335494995 5.76416683197021 5.81874990463257 5.81675004959106 5.77250003814697 5.833083152771 5.92749977111816 5.99733352661133 5.98358345031738 6.12783336639404 6.0200834274292 5.69608306884766 5.63775014877319 5.666916847229 5.8691668510437 6.04691648483276 6.14575004577637 5.73983335494995 5.45158338546753 5.74258327484131 5.9854998588562 6.00500011444092 6.08550024032593 6.37575006484985 6.49416637420654 6.85658311843872 6.97508335113525 7.07658338546753 7.1087498664856 7.11674976348877 7.16291666030884 7.29908323287964 7.40324974060059 7.53983306884766 7.62991666793823 7.70916652679443 7.80383348464966 7.8785834312439 7.99216651916504 8.04924964904785 8.14933300018311 8.27933311462402 -3.4e+38 -3.4e+38
6.50033330917358 6.26591634750366 6.37949991226196 6.28900003433228 6.38191652297974 6.26700019836426 6.18900012969971 6.09049987792969 6.03058338165283 5.99275016784668 5.93916654586792 5.96141672134399 5.88516664505005 5.83666658401489 5.81233358383179 5.87633323669434 5.9835000038147 6.11350011825562 6.19374990463257 5.83266687393188 5.78833341598511 5.76125001907349 5.91466665267944 5.99066686630249 6.2388334274292 6.08449983596802 5.86841678619385 6.11166667938232 6.23816680908203 6.19425010681152 6.63249969482422 6.89424991607666 7.03233337402344 7.09491682052612 7.13141679763794 7.13358306884766 7.16483354568481 7.19883346557617 7.29841661453247 7.43558311462402 7.47158336639404 7.62000036239624 7.72833347320557 7.8033332824707 7.96375036239624 8.00591659545898 8.03950023651123 8.14116668701172 8.21433353424072 8.31908321380615 -3.4e+38 -3.4e+38
6.79583358764648 6.70241641998291 6.61008310317993 6.63899993896484 6.51875019073486 6.43433332443237 6.3361668586731 6.18050003051758 6.03408336639404 5.98891639709473 6.09216690063477 6.10683345794678 6.1308331489563 5.88024997711182 5.70033311843872 5.77308320999146 5.84091663360596 5.93383312225342 6.12758350372314 6.3272500038147 6.16358327865601 5.96466684341431 6.20300006866455 5.92258310317993 6.21575021743774 6.57000017166138 6.27816677093506 6.59916639328003 6.70900011062622 6.61299991607666 7.08949995040894 7.30933332443237 7.39300012588501 7.35841655731201 7.2979998588562 7.2357497215271 7.26858329772949 7.409583568573 7.50974988937378 7.61566638946533 7.6852502822876 7.79449987411499 7.92049980163574 7.98125028610229 8.04566669464111 8.13249969482422 8.18716716766357 8.22591686248779 8.26508331298828 8.34483337402344 8.46816635131836 -3.4e+38
6.90608358383179 6.84158325195312 6.75508308410645 6.59466695785522 6.48133325576782 6.35633373260498 6.33266687393188 6.31141662597656 6.22166681289673 6.11150026321411 6.17541694641113 6.18874979019165 6.22983312606812 5.98758316040039 5.77325010299683 5.7480001449585 5.86100006103516 6.0736665725708 6.2662501335144 6.458083152771 6.61633348464966 6.24141645431519 6.28900003433228 6.36800003051758 6.55633306503296 6.72016668319702 6.84525012969971 7.01483297348022 6.79383325576782 6.9542498588562 7.25008344650269 7.52091646194458 7.48983335494995 7.39366674423218 7.4026665687561 7.54358339309692 7.5218334197998 7.52575016021729 7.43516683578491 7.7906665802002 7.87083339691162 7.93941688537598 8.02950000762939 8.10066699981689 8.15608310699463 8.2594165802002 8.30449962615967 8.28308296203613 8.27458381652832 8.34975051879883 8.51033306121826 8.68241691589355
6.87025022506714 6.77733325958252 6.70333337783813 6.71641635894775 6.63641691207886 6.4539999961853 6.36058330535889 6.27916669845581 6.18383359909058 6.08341646194458 6.18674993515015 6.38024997711182 6.33466672897339 6.34141683578491 6.00183343887329 5.67624998092651 5.77508354187012 5.88850021362305 5.95641660690308 6.23208332061768 6.51108360290527 6.74700021743774 6.79650020599365 6.51950025558472 6.57000017166138 6.79383325576782 6.92008352279663 7.06858348846436 6.98591661453247 7.24508333206177 7.48133325576782 7.45074987411499 7.46808338165283 7.51824998855591 7.41833353042603 7.53991651535034 7.73183345794678 7.78249979019165 7.77533340454102 8.03116703033447 8.09791660308838 8.1428337097168 8.19375038146973 8.25975036621094 8.27366638183594 8.32658290863037 8.33625030517578 8.35616683959961 8.32858371734619 8.42099952697754 8.52641677856445 8.64258289337158
6.83249998092651 6.82783365249634 6.73991680145264 6.7352499961853 6.69983339309692 6.56216669082642 6.38133335113525 6.34133338928223 6.35200023651123 6.30599975585938 6.17366647720337 6.27433300018311 6.44516658782959 6.59291648864746 6.38483333587646 5.91825008392334 5.72350025177002 5.84441661834717 5.99583339691162 6.24924993515015 6.43283319473267 6.44574975967407 6.71683359146118 6.98408317565918 6.885666847229 6.71183347702026 6.92799997329712 7.01908349990845 7.2497501373291 7.57466697692871 7.45766687393188 7.39991664886475 7.51608324050903 7.62466669082642 7.62291669845581 7.62949991226196 7.72424983978271 7.70699977874756 7.6618332862854 8.07383346557617 8.21333312988281 8.26875019073486 8.33300018310547 8.34650039672852 8.31366634368896 8.33266639709473 8.3325834274292 8.32975006103516 8.31983375549316 8.40433311462402 8.50300025939941 8.57658290863037
6.84283351898193 6.85716676712036 6.80833339691162 6.69575023651123 6.55633354187012 6.56524991989136 6.49774980545044 6.39466667175293 6.36508321762085 6.36341667175293 6.28783321380615 6.19075012207031 6.52691650390625 6.73366689682007 6.29458332061768 6.05858325958252 5.9123330116272 5.9629168510437 6.12841653823853 6.1855001449585 6.37666654586792 6.75141668319702 6.63666677474976 6.85416698455811 7.28299999237061 7.06416654586792 7.21133327484131 7.27524995803833 7.48766660690308 7.67549991607666 7.72216653823853 7.6930832862854 7.75149965286255 7.84858322143555 7.79533338546753 7.84666681289673 7.77516651153564 7.86249971389771 8.04024982452393 8.30049991607666 8.3663330078125 8.39449977874756 8.42208385467529 8.4243335723877 8.41058349609375 8.39124965667725 8.33450031280518 8.34041690826416 8.35200023651123 8.39741706848145 8.45349979400635 8.52316665649414
6.70183324813843 6.74275016784668 6.635666847229 6.61716651916504 6.53358316421509 6.54125022888184 6.52408313751221 6.42341661453247 6.39716672897339 6.40083312988281 6.66774988174438 6.49749994277954 6.74700021743774 6.64650011062622 6.23616647720337 6.25258350372314 6.26183319091797 6.08750009536743 6.21700000762939 6.40691661834717 6.77391672134399 6.81541681289673 7.04474973678589 7.01866674423218 7.32425022125244 7.40166664123535 7.36541652679443 7.45699977874756 7.71000003814697 7.88883352279663 7.8881664276123 7.94716691970825 8.02541637420654 8.09233283996582 8.03441715240479 7.89249992370605 7.96016645431519 8.36108303070068 8.53733348846436 8.51058292388916 8.4913330078125 8.47774982452393 8.48958301544189 8.50450038909912 8.50033378601074 8.44791698455811 8.44099998474121 8.39816665649414 8.43875026702881 8.43283367156982 8.42675018310547 8.46333312988281
6.75425004959106 6.70433330535889 6.6961669921875 6.53708362579346 6.54675006866455 6.55116653442383 6.55900001525879 6.50274991989136 6.3674168586731 6.3046669960022 6.46583318710327 6.74766683578491 7.04250001907349 6.63291645050049 6.31983327865601 6.24100017547607 6.48000001907349 6.35575008392334 6.4265832901001 6.729416847229 6.82200002670288 7.06983327865601 7.21833324432373 7.1615834236145 7.25666666030884 7.36783313751221 7.59366655349731 7.68966674804688 7.87516689300537 7.92591667175293 7.96299982070923 8.09549999237061 8.16458320617676 8.19008350372314 8.16341686248779 8.13675022125244 8.42216682434082 8.59083366394043 8.59933280944824 8.56508350372314 8.55350017547607 8.55200004577637 8.510666847229 8.51599979400635 8.51866626739502 8.48141670227051 8.53391647338867 8.56350040435791 8.54749965667725 8.52833366394043 8.50691699981689 8.50591659545898
