layers/tmin9.asc
NCOLS 421 
NROWS 354 
XLLCORNER -106.645833332895 
YLLCORNER 25.8541666666667 
CELLSIZE 0.0416666666669039 
NODATA_value -3.4e+38 
[rows 69 to 91 of 354, columns 208 to 259 of 421]
6.76991653442383 6.70524978637695 6.70949983596802 6.83083343505859 7.04299974441528 6.86424970626831 6.80541658401489 6.74024963378906 6.81408309936523 6.90733337402344 7.01125001907349 7.08158349990845 7.07033348083496 7.02850008010864 7.01666688919067 6.99350023269653 6.9850001335144 6.95158338546753 6.90075016021729 6.8714165687561 6.79650020599365 6.78566694259644 6.79666662216187 6.81891679763794 6.72091674804688 6.61041641235352 6.47391700744629 6.44491672515869 6.46833324432373 6.4542498588562 6.48258352279663 6.51399993896484 6.57375001907349 6.71558332443237 6.76525020599365 6.77441644668579 6.62916660308838 6.57850027084351 6.55541658401489 6.56433343887329 6.64966678619385 6.74341630935669 6.7614164352417 6.75633335113525 6.72574996948242 6.5716667175293 6.56508350372314 6.59100008010864 6.73983335494995 6.87808322906494 6.89433336257935 6.92983341217041
6.87266683578491 6.90633344650269 6.86683320999146 6.85624980926514 6.99174976348877 7.03866672515869 6.90175008773804 6.87083339691162 6.92266654968262 6.94266653060913 6.99983310699463 7.08558320999146 7.07775020599365 7.04900026321411 7.04558372497559 7.00933313369751 6.9908332824707 6.99424982070923 7.01249980926514 7.07591676712036 7.04274988174438 6.9555835723877 6.87066650390625 7.0276665687561 6.90308332443237 6.71250009536743 6.60666656494141 6.56349992752075 6.55541658401489 6.6069164276123 6.64491653442383 6.69241666793823 6.73608350753784 6.76949977874756 6.75608348846436 6.75675010681152 6.64216661453247 6.54225015640259 6.5792498588562 6.58024978637695 6.49608325958252 6.51824998855591 6.60658359527588 6.61975002288818 6.63466691970825 6.81516647338867 6.65858316421509 6.55383348464966 6.59191703796387 6.76908349990845 7.00283336639404 7.07375001907349
6.76383352279663 6.9629168510437 7.07816648483276 7.02408313751221 7.04833316802979 7.15216684341431 7.04850006103516 6.99949979782104 7.04516649246216 6.98466682434082 7.00383329391479 7.06949996948242 7.07308340072632 7.04366683959961 7.04808330535889 7.06408357620239 6.98499965667725 7.01966667175293 7.04166650772095 7.0457501411438 7.04150009155273 6.99958324432373 6.9885835647583 6.96583318710327 6.81174993515015 6.83475017547607 6.69999980926514 6.62708330154419 6.60791635513306 6.62274980545044 6.65758371353149 6.69191646575928 6.74033355712891 6.77258348464966 6.73141670227051 6.73466682434082 6.55791664123535 6.50975036621094 6.52791690826416 6.46274995803833 6.44008350372314 6.53266668319702 6.58366680145264 6.62766647338867 6.67016649246216 6.81041669845581 6.90149974822998 6.85416698455811 6.71133327484131 6.66941690444946 6.84766674041748 7.00649976730347
6.87733364105225 6.98808336257935 7.10375022888184 7.15700006484985 7.20791673660278 7.21983337402344 7.19358348846436 7.11716651916504 7.12016677856445 7.03158330917358 7.01100015640259 7.05166673660278 7.06841659545898 7.07149982452393 7.13383340835571 7.1138334274292 7.03466653823853 7.04766654968262 7.07583332061768 7.06616687774658 7.06974983215332 7.01033353805542 6.99424982070923 6.97866678237915 6.9011664390564 6.78983306884766 6.65450000762939 6.58833312988281 6.58699989318848 6.62316656112671 6.63150024414062 6.61258316040039 6.67024993896484 6.71533346176147 6.53866672515869 6.50058317184448 6.50958299636841 6.35699987411499 6.45141696929932 6.42024993896484 6.48658323287964 6.48925018310547 6.59291648864746 6.54966640472412 6.45558309555054 6.60066652297974 6.77666664123535 6.92499971389771 6.9852499961853 6.83375024795532 6.97333335876465 7.10908317565918
6.86683320999146 7.06558322906494 7.14049959182739 7.20300006866455 7.24674987792969 7.24100017547607 7.25091648101807 7.24650001525879 7.24016666412354 7.18433332443237 7.11133337020874 7.1196665763855 7.14791679382324 7.10791683197021 7.09224987030029 7.05141639709473 7.03408336639404 7.06325006484985 7.05299997329712 7.03433322906494 7.03166675567627 7.05241680145264 7.02891683578491 7.01991653442383 6.87166690826416 6.78066682815552 6.70475006103516 6.71741676330566 6.67966651916504 6.59591674804688 6.59849977493286 6.63233327865601 6.66291666030884 6.62191677093506 6.44683313369751 6.41858339309692 6.49825000762939 6.52500009536743 6.53216648101807 6.48600006103516 6.56300020217896 6.56516647338867 6.55199956893921 6.52724981307983 6.56675004959106 6.72924995422363 6.74091672897339 6.74766683578491 6.99558305740356 7.15116691589355 7.18475008010864 7.16108322143555
7.03158330917358 7.15391683578491 7.12674999237061 7.22641658782959 7.25225019454956 7.25449991226196 7.24116659164429 7.22975015640259 7.2299165725708 7.28499984741211 7.23808336257935 7.15358352661133 7.11766672134399 7.06033325195312 7.05816650390625 7.01266670227051 6.97308349609375 7.02408361434937 7.03266668319702 7.05875015258789 7.03116655349731 7.02199983596802 7.08166646957397 7.03275012969971 6.89433336257935 6.76791667938232 6.75449991226196 6.75624990463257 6.7350001335144 6.68650007247925 6.72091674804688 6.85400009155273 6.82641649246216 6.69600009918213 6.62283372879028 6.44150018692017 6.31450033187866 6.48316669464111 6.62750005722046 6.58116674423218 6.62208318710327 6.68091678619385 6.61275005340576 6.47183322906494 6.38266658782959 6.53249979019165 6.60608339309692 6.53891658782959 6.7720832824707 6.99558353424072 7.09691619873047 7.05399990081787
7.10408353805542 7.20716667175293 7.23166656494141 7.24125003814697 7.23741674423218 7.24066686630249 7.24249982833862 7.23591661453247 7.31191682815552 7.30858325958252 7.28791666030884 7.17933320999146 7.10949993133545 7.06616687774658 7.00391674041748 6.99766683578491 6.95316696166992 6.94000005722046 7.01108360290527 7.03291702270508 7.07358360290527 7.09100008010864 7.1395001411438 7.12575006484985 7.08216667175293 6.88908338546753 6.7814998626709 6.76791667938232 6.76274967193604 6.80350017547607 6.85458374023438 6.88525009155273 6.92850017547607 6.88916683197021 6.68608331680298 6.39108324050903 6.35866641998291 6.49408340454102 6.65166664123535 6.7078332901001 6.72874975204468 6.73558330535889 6.63600015640259 6.59375 6.57508325576782 6.66558313369751 6.84224987030029 6.74674987792969 6.63491678237915 6.85133361816406 6.99983310699463 7.0223331451416
7.14616680145264 7.21366691589355 7.27358341217041 7.25908327102661 7.23641681671143 7.2274169921875 7.23950004577637 7.30749988555908 7.32049989700317 7.3013334274292 7.2834997177124 7.24300003051758 7.15483331680298 7.10241651535034 7.07491683959961 7.02600002288818 7.01049995422363 6.98558330535889 7.01324987411499 7.10666656494141 7.10541677474976 7.09366655349731 7.15974998474121 7.19000005722046 7.02866649627686 6.93900012969971 6.89650011062622 6.84841632843018 6.81916666030884 6.8658332824707 6.89041662216187 6.90899991989136 6.92866659164429 6.99499988555908 6.89274978637695 6.62158346176147 6.62058305740356 6.59333324432373 6.64441680908203 6.65733337402344 6.69024991989136 6.73266649246216 6.76466655731201 6.63458347320557 6.72016668319702 6.72466659545898 6.9430832862854 6.76258325576782 6.68016672134399 6.89083337783813 6.95916652679443 7.04024982452393
7.08808374404907 7.20883321762085 7.31233310699463 7.30291652679443 7.29333305358887 7.29333305358887 7.2993335723877 7.27708339691162 7.29200029373169 7.28691673278809 7.26683330535889 7.24216651916504 7.16108322143555 7.15516662597656 7.17933320999146 7.15275001525879 7.15208339691162 7.16016674041748 7.18258333206177 7.23791646957397 7.16633319854736 7.17391681671143 7.277916431427 7.22633361816406 7.06316661834717 7.07083320617676 6.97275018692017 6.93283319473267 6.91424989700317 6.90899991989136 6.93766641616821 6.96708345413208 6.98583316802979 6.99049997329712 6.86524963378906 6.75150012969971 6.70041656494141 6.6582498550415 6.60966682434082 6.66308355331421 6.69850015640259 6.6710000038147 6.75624990463257 6.81941652297974 6.7960000038147 6.989333152771 7.02741670608521 6.8968334197998 6.68666648864746 6.79716682434082 7.07149982452393 6.9949164390564
7.16016674041748 7.22583341598511 7.32358360290527 7.39258337020874 7.35841703414917 7.37208366394043 7.35125017166138 7.32474994659424 7.29199981689453 7.26599979400635 7.2039999961853 7.15950012207031 7.12125015258789 7.13258361816406 7.16200017929077 7.15858316421509 7.16333341598511 7.20283317565918 7.34333324432373 7.3844165802002 7.33883333206177 7.28958320617676 7.41100025177002 7.24699974060059 7.13066673278809 7.06258344650269 6.98941659927368 6.92399978637695 6.93074989318848 6.93050003051758 6.9629168510437 7.03533315658569 6.87650012969971 6.80258321762085 6.90941667556763 6.82241678237915 6.823166847229 6.71891641616821 6.63625001907349 6.62650012969971 6.6069164276123 6.57216691970825 6.54491662979126 6.55266666412354 6.53500032424927 6.65508317947388 6.85925006866455 7.05275011062622 6.98841667175293 7.01483345031738 7.16375017166138 6.98099994659424
7.14324998855591 7.18791675567627 7.23233318328857 7.33174991607666 7.33608341217041 7.36149978637695 7.34133338928223 7.3694167137146 7.35325002670288 7.31916666030884 7.24533319473267 7.15974998474121 7.14699983596802 7.20841646194458 7.17474985122681 7.16650009155273 7.17116689682007 7.23600006103516 7.32474994659424 7.42549991607666 7.48358345031738 7.38250017166138 7.48291683197021 7.24949979782104 7.17291688919067 7.04283332824707 6.97825002670288 6.95258331298828 6.96608352661133 6.95749998092651 7.01566648483276 7.02024984359741 6.8825831413269 6.84983348846436 6.94166660308838 6.89599990844727 6.90416669845581 6.82216691970825 6.70608329772949 6.62458324432373 6.50191688537598 6.54683351516724 6.40850019454956 6.45283317565918 6.63641691207886 6.78283309936523 6.90108346939087 6.89758348464966 7.10658311843872 7.19900035858154 7.10899972915649 6.98241662979126
7.13541650772095 7.16400003433228 7.26191663742065 7.30408334732056 7.37066698074341 7.39441680908203 7.37650012969971 7.38158369064331 7.43891668319702 7.41116666793823 7.34100008010864 7.25883340835571 7.25583362579346 7.31683301925659 7.2921667098999 7.28116655349731 7.36658334732056 7.40358352661133 7.39424991607666 7.49091672897339 7.50641679763794 7.42866659164429 7.33700037002563 7.39383316040039 7.25549983978271 7.11625003814697 7.05458307266235 7.0482497215271 7.00649976730347 6.99099969863892 7.04508352279663 6.94766664505005 6.90224981307983 6.94208335876465 6.96700000762939 7.05041646957397 7.00691652297974 6.89100027084351 6.84258317947388 6.68674993515015 6.60383319854736 6.54366683959961 6.68274974822998 6.57774972915649 6.61266660690308 6.53999996185303 6.74291658401489 6.79366683959961 6.93758344650269 7.11283349990845 7.25675010681152 7.30141687393188
7.17466688156128 7.16900014877319 7.20916652679443 7.26683330535889 7.34791660308838 7.35233306884766 7.40249967575073 7.40933322906494 7.45483350753784 7.42724990844727 7.39333343505859 7.31816673278809 7.25816679000854 7.2591667175293 7.30850028991699 7.38791656494141 7.49749994277954 7.55016660690308 7.60149955749512 7.57708358764648 7.67599964141846 7.54833316802979 7.40124988555908 7.38100004196167 7.3745002746582 7.29374980926514 7.04199981689453 7.05583333969116 6.87899971008301 6.91074991226196 7.09100008010864 7.05566692352295 6.97033357620239 7.09616661071777 7.09366655349731 7.16799974441528 7.05000019073486 6.91125011444092 6.78633308410645 6.69566679000854 6.63875007629395 6.40008354187012 6.49550008773804 6.69658327102661 6.71441650390625 6.62400007247925 6.62741661071777 6.90258359909058 6.94608354568481 7.05208349227905 7.19158315658569 7.26033353805542
7.20483303070068 7.24408340454102 7.26241683959961 7.31650018692017 7.35808324813843 7.40916681289673 7.395583152771 7.38233327865601 7.43049955368042 7.43633317947388 7.40450000762939 7.40574979782104 7.38208341598511 7.36724996566772 7.34874963760376 7.29466676712036 7.44474983215332 7.61341667175293 7.68316650390625 7.68116664886475 7.69649982452393 7.56433343887329 7.50799989700317 7.40533351898193 7.48191690444946 7.17575025558472 7.17566680908203 7.0935001373291 7.06791639328003 7.2095832824707 7.15549993515015 7.08741664886475 7.03125 7.10716676712036 7.14225006103516 7.22300004959106 7.13433361053467 7.09649991989136 7.00783348083496 6.75416660308838 6.67716693878174 6.4598331451416 6.38399982452393 6.35725021362305 6.77216672897339 6.82100009918213 6.64441680908203 7.0035834312439 7.06691646575928 7.20974969863892 7.21366691589355 7.32950019836426
7.3033332824707 7.34641647338867 7.38433313369751 7.38850021362305 7.43633317947388 7.47033357620239 7.4450831413269 7.44908332824707 7.47866630554199 7.53216648101807 7.52650022506714 7.48950004577637 7.46816635131836 7.45708322525024 7.37266635894775 7.34525012969971 7.30816650390625 7.39541673660278 7.59666681289673 7.68641662597656 7.78591680526733 7.57258319854736 7.48841667175293 7.46991682052612 7.54816675186157 7.46483325958252 7.38266658782959 7.23991680145264 7.36075019836426 7.29091644287109 7.30949974060059 7.16433334350586 7.1399998664856 7.22425031661987 7.25258350372314 7.23250007629395 7.20500040054321 7.17491674423218 7.07499980926514 6.91016674041748 6.63333368301392 6.59816646575928 6.60249996185303 6.61883354187012 6.6230001449585 6.92899990081787 6.92150020599365 7.02741670608521 7.32049989700317 7.24691677093506 7.24533319473267 7.32066679000854
7.33858346939087 7.39391660690308 7.48433303833008 7.48974990844727 7.50241661071777 7.51158332824707 7.52825021743774 7.58325004577637 7.51916646957397 7.56124973297119 7.65724992752075 7.63175010681152 7.56800031661987 7.57224988937378 7.5736665725708 7.53166675567627 7.4850001335144 7.45541667938232 7.4850001335144 7.57616662979126 7.68866634368896 7.78333330154419 7.73899984359741 7.71225023269653 7.53766679763794 7.40700006484985 7.55516672134399 7.53550004959106 7.3287501335144 7.25966644287109 7.24874973297119 7.31924962997437 7.31216669082642 7.2756667137146 7.28275012969971 7.30008316040039 7.2667498588562 7.21058320999146 7.11258363723755 6.98266649246216 6.72416639328003 6.58099985122681 6.44466686248779 6.59549999237061 6.84133338928223 6.93083333969116 7.19991636276245 7.2957501411438 7.35774993896484 7.3950834274292 7.3587498664856 7.35925006866455
7.267249584198 7.354416847229 7.45616674423218 7.50408315658569 7.54491662979126 7.57991695404053 7.59074974060059 7.65466690063477 7.7136664390564 7.72874975204468 7.74991703033447 7.81291675567627 7.75649976730347 7.71175003051758 7.75575017929077 7.64991664886475 7.67183351516724 7.67499971389771 7.60650014877319 7.48225021362305 7.62066698074341 7.74216651916504 7.84375 7.83683347702026 7.81883335113525 7.78125 7.75174999237061 7.65000009536743 7.59416675567627 7.53275012969971 7.56649971008301 7.67008352279663 7.63458347320557 7.54899978637695 7.43683338165283 7.38208341598511 7.35866689682007 7.31433343887329 7.26466655731201 7.08241653442383 6.99674987792969 6.87200021743774 6.69150018692017 6.76725006103516 6.92008304595947 7.0932502746582 7.21416664123535 7.35791683197021 7.44991683959961 7.49516677856445 7.41375017166138 7.3256664276123
7.41941690444946 7.48716640472412 7.56325006484985 7.56483316421509 7.61666679382324 7.64216661453247 7.66299962997437 7.66791677474976 7.64925003051758 7.76833343505859 7.81275033950806 7.83300018310547 7.86849975585938 7.78766679763794 7.85391664505005 7.7761664390564 7.70208358764648 7.80283355712891 7.77575016021729 7.63116645812988 7.65083312988281 7.72608327865601 7.75833320617676 7.77400016784668 7.84791660308838 7.88724994659424 7.8089165687561 7.77916669845581 7.74558353424072 7.72666692733765 7.72333335876465 7.7111668586731 7.68691682815552 7.62616682052612 7.50775003433228 7.49341630935669 7.41533327102661 7.38966703414917 7.35408353805542 7.31291675567627 7.26216650009155 7.25349998474121 7.17000007629395 7.16674995422363 7.22758340835571 7.29675006866455 7.34108352661133 7.37558317184448 7.6450834274292 7.58883333206177 7.4857497215271 7.50808334350586
7.55341672897339 7.59700012207031 7.60675001144409 7.6359167098999 7.68366670608521 7.67758321762085 7.63716697692871 7.53524971008301 7.53791666030884 7.61083316802979 7.70183372497559 7.74016666412354 7.88324975967407 7.90799999237061 7.90374994277954 7.85241651535034 7.80858373641968 7.90933322906494 7.86633348464966 7.67724990844727 7.65008306503296 7.74174976348877 7.81699991226196 7.86391687393188 7.96508312225342 7.93175029754639 7.87891674041748 7.87449979782104 7.83400011062622 7.77449989318848 7.75608348846436 7.73808336257935 7.72566652297974 7.67883348464966 7.5825834274292 7.47908353805542 7.43133354187012 7.43241691589355 7.45949983596802 7.4319167137146 7.44600009918213 7.37866640090942 7.409583568573 7.41116666793823 7.43091630935669 7.47149991989136 7.47141695022583 7.53449964523315 7.70391654968262 7.74000024795532 7.69758319854736 7.64524984359741
7.66516637802124 7.64641666412354 7.64991664886475 7.68633317947388 7.71141672134399 7.74733304977417 7.71416711807251 7.60058355331421 7.57583332061768 7.6470832824707 7.66791677474976 7.67399978637695 7.74541664123535 7.79116678237915 7.8953332901001 7.92583322525024 7.90858316421509 7.92958307266235 7.72666692733765 7.70725011825562 7.78574991226196 7.84566640853882 7.89849996566772 7.98833322525024 7.98791646957397 7.94324970245361 7.91558313369751 7.90733337402344 7.88233327865601 7.83599996566772 7.79083299636841 7.74424982070923 7.73416662216187 7.70158338546753 7.56683349609375 7.55500030517578 7.55625009536743 7.56099987030029 7.57991647720337 7.60583305358887 7.60358333587646 7.57450008392334 7.53608322143555 7.59149980545044 7.614333152771 7.61275005340576 7.70466661453247 7.74091672897339 7.77899980545044 7.75349998474121 7.64225006103516 7.55425024032593
7.69825029373169 7.69350004196167 7.71866655349731 7.73166704177856 7.76366662979126 7.78691673278809 7.79866647720337 7.73316669464111 7.67516660690308 7.69974994659424 7.78033351898193 7.76950025558472 7.76100015640259 7.80574989318848 7.84816646575928 7.95641660690308 7.98033332824707 7.99674987792969 7.90641689300537 7.86691665649414 7.88574981689453 7.97900009155273 7.9763331413269 8.02458381652832 8.02075004577637 7.98308324813843 7.97133350372314 7.97825002670288 7.91391658782959 7.88691663742065 7.81341648101807 7.76424980163574 7.71591663360596 7.73425006866455 7.74574995040894 7.67466640472412 7.65341711044312 7.64233350753784 7.68608331680298 7.68933343887329 7.80008363723755 7.79641675949097 7.77741670608521 7.7075834274292 7.70216703414917 7.73075008392334 7.77166652679443 7.80149984359741 7.89366674423218 7.85908365249634 7.73158311843872 7.71583318710327
7.71608304977417 7.69591665267944 7.708083152771 7.73741674423218 7.74758338928223 7.75166654586792 7.83049964904785 7.88250017166138 7.87383317947388 7.82683324813843 7.83391666412354 7.88066673278809 7.83575010299683 7.82608366012573 7.83099985122681 7.91074991226196 7.99699974060059 8.02866649627686 7.99891662597656 8.05141639709473 8.02941703796387 8.06575012207031 7.99833297729492 7.98850011825562 7.94933319091797 8.01608371734619 8.03999996185303 8.03024959564209 7.97924995422363 7.97308301925659 7.86924982070923 7.84133338928223 7.8549165725708 7.89333343505859 7.81424999237061 7.72083330154419 7.70283317565918 7.71983337402344 7.73750019073486 7.73416662216187 7.80166673660278 7.84025001525879 7.87241697311401 7.89750003814697 7.89650011062622 7.85274982452393 7.81908321380615 7.8582501411438 7.9011664390564 7.90816640853882 7.92483329772949 7.91066694259644
7.70291662216187 7.67799997329712 7.66641664505005 7.67733335494995 7.68250036239624 7.69983339309692 7.80758333206177 7.8861665725708 7.93599987030029 7.97125005722046 7.94391632080078 7.92283344268799 7.90816688537598 7.91575002670288 7.97316694259644 8.00191688537598 8.02408313751221 8.08141708374023 8.12391662597656 8.15066719055176 8.15075016021729 8.16358280181885 8.13966655731201 8.06149959564209 8.0533332824707 8.01358318328857 8.01841640472412 7.98658323287964 8.00666618347168 8.05741691589355 8.02216720581055 8.0019998550415 7.96241664886475 7.91783332824707 7.84133338928223 7.75758361816406 7.76816654205322 7.78224992752075 7.78866672515869 7.82124996185303 7.85191679000854 7.87650012969971 7.92474985122681 7.91475009918213 7.9537501335144 7.97808313369751 7.91025018692017 7.92741680145264 7.92775011062622 7.93916654586792 8.06341648101807 8.26208305358887
