layers/tmin9.asc
NCOLS 421 
NROWS 354 
XLLCORNER -106.645833332895 
YLLCORNER 25.8541666666667 
CELLSIZE 0.0416666666669039 
NODATA_value -3.4e+38 
[rows 253 to 275 of 354, columns 208 to 259 of 421]
12.9281663894653 13.0251665115356 13.0942497253418 13.1087503433228 13.0970830917358 13.0886669158936 13.0930833816528 13.1624164581299 13.070333480835 13.1286668777466 13.1014165878296 12.960000038147 12.8196668624878 12.7826671600342 12.8892498016357 12.9589166641235 12.904167175293 12.8177499771118 12.6905832290649 12.7507495880127 12.7969999313354 12.8914165496826 13.0616664886475 13.2883338928223 13.3549165725708 13.3414163589478 13.3870830535889 13.4679164886475 13.515417098999 13.6280832290649 13.5450839996338 13.4637498855591 13.4410829544067 13.3611669540405 13.3183336257935 13.466833114624 13.4755001068115 13.4019165039062 13.5074167251587 13.6505002975464 13.7299995422363 13.7714996337891 13.7621669769287 13.7707500457764 13.9340829849243 13.9362497329712 13.9408330917358 13.9166669845581 13.9034996032715 13.9431667327881 13.9381666183472 13.9914999008179
12.9387502670288 13.0380001068115 13.1029167175293 13.1075830459595 13.1054162979126 13.0745830535889 13.0836668014526 13.1668329238892 13.1028327941895 13.1115837097168 12.9619169235229 12.7234172821045 12.6029996871948 12.8979167938232 12.9838333129883 13.0150003433228 12.9718332290649 12.8380832672119 12.8148336410522 12.7237501144409 12.8319997787476 13.0031671524048 13.1215829849243 13.3308334350586 13.4517498016357 13.4945831298828 13.5346670150757 13.5714168548584 13.666916847229 13.7084169387817 13.6276664733887 13.5709161758423 13.5575828552246 13.5280828475952 13.4153337478638 13.4522495269775 13.543999671936 13.6132497787476 13.5867500305176 13.7041664123535 13.8690004348755 13.9264163970947 13.9957494735718 14.128833770752 14.1840000152588 14.1718330383301 14.1019163131714 14.0450000762939 14.013500213623 14.0628328323364 14.0557498931885 14.2402496337891
12.8234167098999 12.9400005340576 12.9035835266113 12.9014167785645 13.0240831375122 13.0819997787476 13.0775003433228 13.1192502975464 13.0631666183472 13.0403337478638 12.8937501907349 12.7992496490479 12.9654169082642 13.0500001907349 13.0239162445068 13.0148334503174 13.0115003585815 12.9685001373291 12.8858337402344 12.8417501449585 13.0064163208008 13.1206665039062 13.2804164886475 13.4097499847412 13.5214166641235 13.5831661224365 13.6200838088989 13.5813331604004 13.7386665344238 13.7608327865601 13.703332901001 13.6849994659424 13.6419162750244 13.6979169845581 13.6520004272461 13.5700836181641 13.5640001296997 13.6858329772949 13.7388334274292 13.8663330078125 14.0221662521362 14.1130828857422 14.2264995574951 14.3454170227051 14.4329166412354 14.3770837783813 14.264666557312 14.1687498092651 14.1896667480469 14.1744165420532 14.2980833053589 14.4398336410522
12.6082496643066 12.6758337020874 12.821249961853 12.9165830612183 12.9858331680298 13.0757503509521 13.1152505874634 13.0688333511353 13.118332862854 13.2047500610352 13.1358337402344 13.0761671066284 12.998833656311 12.829083442688 12.9047498703003 13.0244998931885 13.0033330917358 13.1041669845581 13.1031665802002 13.1264171600342 13.1989164352417 13.3324165344238 13.4661664962769 13.5675001144409 13.5963335037231 13.6272497177124 13.7082500457764 13.6941661834717 13.7296667098999 13.7834167480469 13.8045835494995 13.7876663208008 13.6585836410522 13.7011661529541 13.8165836334229 13.8071670532227 13.7854166030884 13.8325834274292 13.9032497406006 14.0530004501343 14.3007497787476 14.3753337860107 14.3450832366943 14.4036664962769 14.601583480835 14.5665836334229 14.4592504501343 14.3676662445068 14.301833152771 14.3304996490479 14.4939165115356 14.5625
12.4974164962769 12.527250289917 12.7604999542236 12.9514999389648 13.0958337783813 13.1599168777466 13.2249994277954 13.2966661453247 13.3488330841064 13.2894172668457 13.2508335113525 13.1514167785645 12.8579998016357 12.8080005645752 12.9680004119873 12.992166519165 13.0621662139893 13.2283334732056 13.3772497177124 13.426833152771 13.4356670379639 13.5180835723877 13.6195831298828 13.7189998626709 13.726583480835 13.6871671676636 13.68274974823 13.7494163513184 13.7379999160767 13.7331666946411 13.8089170455933 13.8139171600342 13.7285003662109 13.7084999084473 13.8031663894653 13.8986673355103 13.9113330841064 14.0691661834717 14.0389995574951 14.1389169692993 14.3361663818359 14.5441665649414 14.6673336029053 14.8109169006348 14.890417098999 14.8090000152588 14.6764163970947 14.5310831069946 14.4773330688477 14.516583442688 14.5793333053589 14.6168327331543
12.6497497558594 12.6465835571289 12.8360004425049 12.9723329544067 13.1354999542236 13.2554168701172 13.3657503128052 13.4619998931885 13.4744167327881 13.4244165420532 13.3821668624878 13.2284164428711 13.0115833282471 13.1222496032715 13.1321668624878 13.19225025177 13.387749671936 13.476749420166 13.5729169845581 13.6284170150757 13.6525001525879 13.6791667938232 13.7414999008179 13.7908334732056 13.8135833740234 13.7970838546753 13.8043336868286 13.8135004043579 13.7465829849243 13.6954164505005 13.6923332214355 13.7609996795654 13.8020830154419 13.6172504425049 13.7264165878296 13.8400831222534 13.9797496795654 14.0410833358765 14.1113328933716 14.2244167327881 14.4164161682129 14.6082496643066 14.7921667098999 14.9740829467773 15.1052494049072 14.9840831756592 14.7945833206177 14.5994997024536 14.5725831985474 14.6781663894653 14.6330833435059 14.6305828094482
12.9725828170776 12.9770832061768 13.0504169464111 13.1506662368774 13.3151664733887 13.4549999237061 13.5680828094482 13.6125001907349 13.609582901001 13.5839996337891 13.513500213623 13.3724164962769 13.3155002593994 13.3719997406006 13.3272495269775 13.477499961853 13.5669164657593 13.7027502059937 13.7582502365112 13.820333480835 13.866250038147 13.8581666946411 13.8991670608521 13.9095001220703 13.8993330001831 13.8824996948242 13.859167098999 13.8707494735718 13.8570003509521 13.6905832290649 13.5900001525879 13.604416847229 13.7579164505005 13.6988334655762 13.5675001144409 13.7785835266113 13.9650831222534 14.0126667022705 14.1478328704834 14.3412504196167 14.5366668701172 14.7685832977295 14.9471664428711 15.0911664962769 15.1151666641235 15.0469999313354 14.9114999771118 14.7909164428711 14.7081661224365 14.7404165267944 14.7160835266113 14.7204999923706
13.3629169464111 13.3508329391479 13.4570837020874 13.4820833206177 13.5279169082642 13.6266670227051 13.7141666412354 13.7864170074463 13.7439994812012 13.7232503890991 13.611499786377 13.5037498474121 13.5286664962769 13.5570831298828 13.5733337402344 13.6680002212524 13.7952499389648 13.9031667709351 13.9415836334229 14.05774974823 14.0874996185303 14.0697498321533 14.1440830230713 14.0142498016357 13.9277496337891 13.9303331375122 13.9098329544067 13.9155836105347 13.967583656311 13.9423332214355 13.8344993591309 13.5531663894653 13.6356658935547 13.635666847229 13.6137504577637 13.7455835342407 13.9130830764771 14.0374164581299 14.2266664505005 14.4433336257935 14.643500328064 14.8620834350586 15.0108337402344 15.1062498092651 15.1507501602173 15.0242500305176 14.9217500686646 14.8303337097168 14.7712497711182 14.7226667404175 14.7355833053589 14.7340002059937
13.7420835494995 13.7309999465942 13.7257499694824 13.7744169235229 13.7849168777466 13.818416595459 13.9084167480469 13.9461669921875 13.9704170227051 13.8590831756592 13.7573337554932 13.7167501449585 13.739333152771 13.78600025177 13.7846670150757 13.7842502593994 13.8713331222534 13.9868335723877 13.9747505187988 14.0365829467773 14.1918334960938 14.3499164581299 14.1700000762939 14.0048332214355 13.9327507019043 13.9815835952759 13.935583114624 13.9438333511353 14.1100835800171 14.061333656311 13.9826669692993 13.8245000839233 13.736499786377 13.7117500305176 13.7170829772949 13.7832498550415 13.9071664810181 14.1033334732056 14.2766666412354 14.4954166412354 14.6127500534058 14.7405004501343 14.8925838470459 14.9804162979126 15.0387496948242 15.0170831680298 14.8906669616699 14.7670831680298 14.7408332824707 14.7319993972778 14.7675838470459 14.7764167785645
14.0219993591309 13.9525833129883 13.8706665039062 13.8815002441406 13.9006671905518 13.8826665878296 13.9289169311523 14.0088329315186 13.9855003356934 13.9030828475952 13.8367500305176 13.8201665878296 13.9013338088989 13.9318332672119 13.9748334884644 13.9395837783813 13.9636669158936 14.0454168319702 14.0250835418701 14.1080837249756 14.4425830841064 14.3358335494995 14.1984167098999 14.0795001983643 13.9773330688477 13.989333152771 13.9435005187988 13.9791669845581 14.1125831604004 14.105583190918 14.0520830154419 13.9355001449585 13.8062496185303 13.7506666183472 13.7284164428711 13.7844161987305 13.873083114624 14.07200050354 14.2430839538574 14.4273328781128 14.5255002975464 14.6275835037231 14.75 14.8155002593994 14.8253335952759 14.8957500457764 14.8011665344238 14.7562494277954 14.7657499313354 14.8071670532227 14.8205833435059 14.8345003128052
14.327166557312 14.3032503128052 14.1781663894653 14.0144996643066 13.9324169158936 13.8920001983643 13.8307495117188 13.9294996261597 13.9289999008179 13.9265003204346 13.9475831985474 13.9527502059937 13.8915004730225 13.9381666183472 13.9817495346069 14.081000328064 14.0504999160767 14.0936670303345 14.1024169921875 14.2169170379639 14.3791666030884 14.3250007629395 14.2524166107178 14.0819997787476 14.0549163818359 14.0301666259766 13.9974164962769 14.02174949646 14.0929164886475 14.0785837173462 14.0739164352417 13.9963331222534 13.8509998321533 13.7589168548584 13.7674999237061 13.8256664276123 13.9454164505005 14.1034164428711 14.2027502059937 14.3600835800171 14.4162502288818 14.5041666030884 14.5748329162598 14.634916305542 14.6591663360596 14.6674165725708 14.6954164505005 14.7104997634888 14.660083770752 14.8289995193481 14.8789167404175 14.9342498779297
14.5829162597656 14.5210838317871 14.3906669616699 14.1889162063599 14.0524997711182 13.9425001144409 13.8900833129883 13.8587503433228 13.9285831451416 14.0565004348755 14.0735836029053 14.0375003814697 14.0238332748413 14.011833190918 14.0659999847412 14.0791664123535 14.1418333053589 14.1174163818359 14.0964164733887 14.1475830078125 14.1652498245239 14.1742496490479 14.1482496261597 14.1011667251587 14.1119165420532 14.0967502593994 14.0895833969116 14.0908336639404 14.1098337173462 14.0904169082642 14.0504169464111 14.0199165344238 13.9938335418701 13.9784164428711 13.9392499923706 14.0120830535889 14.1005830764771 14.1418333053589 14.205249786377 14.3176670074463 14.3218336105347 14.3742504119873 14.4240837097168 14.4802503585815 14.5264167785645 14.5795831680298 14.6160831451416 14.581916809082 14.6135835647583 14.7729997634888 14.8537502288818 14.8664169311523
14.7796669006348 14.6815004348755 14.4719171524048 14.2826662063599 14.1823329925537 14.0184164047241 13.9577503204346 13.9670000076294 14.0145826339722 14.0519170761108 14.15149974823 14.2068328857422 14.0673332214355 14.0428333282471 14.1008329391479 14.1777496337891 14.1623334884644 14.1062498092651 14.071249961853 14.0919170379639 14.0776662826538 14.0710830688477 14.0986661911011 14.1006669998169 14.1215829849243 14.1499166488647 14.2121667861938 14.1689167022705 14.1460838317871 14.1134996414185 14.0641670227051 14.034083366394 14.0944995880127 14.0920000076294 14.0662498474121 14.0896663665771 14.1284170150757 14.1695003509521 14.2037496566772 14.2623338699341 14.2971668243408 14.3069162368774 14.386833190918 14.4299173355103 14.4767503738403 14.553750038147 14.6004161834717 14.5705003738403 14.6038331985474 14.7849168777466 14.8120832443237 14.8235836029053
14.6639995574951 14.5635833740234 14.3929166793823 14.2369165420532 14.1446666717529 14.1098327636719 14.0413331985474 14.1225833892822 14.1365833282471 14.1525001525879 14.1400833129883 14.2310829162598 14.1843338012695 14.1088333129883 14.0961666107178 14.2178335189819 14.1589164733887 14.0255832672119 14.0062503814697 14.0258331298828 14.0403337478638 14.0519170761108 14.0894165039062 14.1806669235229 14.1745834350586 14.2654161453247 14.2845001220703 14.2366666793823 14.1872501373291 14.1821670532227 14.1477499008179 14.1166667938232 14.1445837020874 14.1619997024536 14.1351671218872 14.1490001678467 14.1620836257935 14.1851663589478 14.2650833129883 14.2731666564941 14.3208332061768 14.3380002975464 14.3864164352417 14.4239168167114 14.476583480835 14.5374164581299 14.5884170532227 14.5780000686646 14.65149974823 14.6909170150757 14.7545833587646 14.7961664199829
14.5082502365112 14.3327503204346 14.2244997024536 14.1706666946411 14.1373338699341 14.1233329772949 14.1014995574951 14.12024974823 14.1420001983643 14.1054172515869 14.2245836257935 14.2544164657593 14.2203330993652 14.2003335952759 14.148416519165 14.1746664047241 14.1149168014526 13.8770837783813 13.8614168167114 14.029167175293 14.102499961853 14.1276664733887 14.2242498397827 14.285083770752 14.3295831680298 14.2983331680298 14.3184995651245 14.3158330917358 14.2665004730225 14.2647504806519 14.2075834274292 14.1963338851929 14.2115001678467 14.2355833053589 14.2101669311523 14.1869993209839 14.2029161453247 14.2369165420532 14.2807493209839 14.2515830993652 14.3128328323364 14.2767496109009 14.3339166641235 14.3648328781128 14.4306669235229 14.4811668395996 14.55299949646 14.6482496261597 14.6696662902832 14.6715002059937 14.6800003051758 14.6498336791992
14.4341669082642 14.3395833969116 14.2102499008179 14.1905002593994 14.1707496643066 14.16100025177 14.1391668319702 14.0961666107178 14.1850004196167 14.1970834732056 14.206000328064 14.1875829696655 14.1572494506836 14.1350831985474 14.2090835571289 14.2703332901001 14.2371673583984 14.0140829086304 13.9867496490479 14.1929998397827 14.269416809082 14.2804164886475 14.3689165115356 14.4118337631226 14.3889999389648 14.4382495880127 14.3667497634888 14.3309164047241 14.2935838699341 14.2839164733887 14.2279167175293 14.22825050354 14.2545833587646 14.2424163818359 14.2308330535889 14.2624998092651 14.243332862854 14.2379999160767 14.2484998703003 14.2591667175293 14.2510833740234 14.2598333358765 14.2974996566772 14.3400001525879 14.3707494735718 14.4724168777466 14.5826663970947 14.6485834121704 14.6491670608521 14.6545000076294 14.6835832595825 14.7296667098999
14.3870000839233 14.383749961853 14.2580003738403 14.2316665649414 14.2514162063599 14.2603330612183 14.2474164962769 14.2165002822876 14.2404165267944 14.2577495574951 14.2205829620361 14.1920003890991 14.1700000762939 14.1897497177124 14.2683334350586 14.2556667327881 14.4335832595825 14.2888336181641 14.0666666030884 14.1845836639404 14.2969169616699 14.4316663742065 14.4414167404175 14.4691667556763 14.4875831604004 14.5147495269775 14.4575834274292 14.4501667022705 14.4009170532227 14.3511667251587 14.3414163589478 14.3503332138062 14.3138332366943 14.2914171218872 14.2876663208008 14.3192501068115 14.273416519165 14.212833404541 14.2079162597656 14.2146663665771 14.2197494506836 14.2039995193481 14.2363328933716 14.2682504653931 14.323166847229 14.5098333358765 14.574333190918 14.6212501525879 14.6424169540405 14.6594171524048 14.7296667098999 14.7861661911011
14.3642501831055 14.3451671600342 14.2806663513184 14.2545003890991 14.2450828552246 14.2777500152588 14.2816667556763 14.2609996795654 14.2311668395996 14.19225025177 14.2262496948242 14.1881666183472 14.291916847229 14.2979164123535 14.4171667098999 14.4609994888306 14.4457502365112 14.1240005493164 14.1677503585815 14.2444162368774 14.3760833740234 14.4869995117188 14.5159997940063 14.5220832824707 14.5069169998169 14.5837497711182 14.5448331832886 14.4930000305176 14.4898328781128 14.4759998321533 14.4558334350586 14.4155836105347 14.3900833129883 14.3569164276123 14.2595834732056 14.282416343689 14.2687501907349 14.2378330230713 14.2180833816528 14.1814165115356 14.1406669616699 14.1142501831055 14.1035003662109 14.1549167633057 14.3197498321533 14.4607496261597 14.5241670608521 14.5727500915527 14.6347503662109 14.698166847229 14.7599172592163 14.7834167480469
14.3281669616699 14.3210000991821 14.1954164505005 14.2683334350586 14.2895002365112 14.2884168624878 14.2657499313354 14.2077503204346 14.1973333358765 14.1905002593994 14.2317495346069 14.376916885376 14.3954172134399 14.3441667556763 14.3701667785645 14.6207494735718 14.385666847229 14.3554172515869 14.3577499389648 14.4827499389648 14.4451665878296 14.5200004577637 14.594916343689 14.6730003356934 14.6290836334229 14.6295003890991 14.6564168930054 14.5983333587646 14.511082649231 14.5174999237061 14.5150833129883 14.4079999923706 14.3839998245239 14.3725004196167 14.3689165115356 14.3307504653931 14.3340835571289 14.3114166259766 14.2504167556763 14.1759166717529 14.1175832748413 14.045916557312 14.0169172286987 14.090916633606 14.2700004577637 14.3770837783813 14.4662504196167 14.5515832901001 14.6317501068115 14.7364168167114 14.7594995498657 14.810583114624
14.369083404541 14.3964996337891 14.2767496109009 14.2554168701172 14.2671670913696 14.2720832824707 14.2554998397827 14.1950836181641 14.2508335113525 14.3057498931885 14.4289999008179 14.4766664505005 14.5163335800171 14.3468332290649 14.3863334655762 14.671667098999 14.6161661148071 14.5083332061768 14.4614162445068 14.4868335723877 14.5846662521362 14.5990829467773 14.6540832519531 14.7249164581299 14.7749996185303 14.7197504043579 14.7390832901001 14.7456665039062 14.59375 14.5464162826538 14.5515003204346 14.4790000915527 14.4431667327881 14.4078330993652 14.4068336486816 14.4016666412354 14.3941669464111 14.3599996566772 14.2971668243408 14.2092504501343 14.1057500839233 14.018666267395 14.0032501220703 14.1254167556763 14.279333114624 14.3680830001831 14.4779167175293 14.5707502365112 14.688666343689 14.7241668701172 14.751166343689 14.8069171905518
14.3959999084473 14.4119997024536 14.2781667709351 14.2468338012695 14.2668333053589 14.2810831069946 14.2785835266113 14.3028335571289 14.3330001831055 14.3892498016357 14.3833332061768 14.4465827941895 14.6172494888306 14.5817499160767 14.506667137146 14.7298336029053 14.7921667098999 14.6389999389648 14.5258331298828 14.5987501144409 14.5465831756592 14.5701665878296 14.6892499923706 14.7493333816528 14.8213329315186 14.8348331451416 14.8013334274292 14.7981662750244 14.7167501449585 14.7171669006348 14.6425838470459 14.5808334350586 14.5280828475952 14.514666557312 14.4758329391479 14.5074167251587 14.4460830688477 14.4198331832886 14.3915004730225 14.2990837097168 14.1470832824707 14.0695829391479 14.1350831985474 14.2483329772949 14.3546667098999 14.471583366394 14.5237503051758 14.5904998779297 14.7035837173462 14.732250213623 14.7808332443237 14.8276662826538
14.3124170303345 14.3804998397827 14.3379993438721 14.2481670379639 14.2410001754761 14.2991666793823 14.3296670913696 14.2449998855591 14.1995000839233 14.2684164047241 14.3039999008179 14.2752504348755 14.4577503204346 14.7585830688477 14.8520832061768 14.830249786377 14.8970832824707 14.662917137146 14.6584167480469 14.5454168319702 14.6240005493164 14.6717500686646 14.7609167098999 14.7705001831055 14.7926664352417 14.8239164352417 14.9273338317871 14.8454170227051 14.824333190918 14.8348331451416 14.7530002593994 14.722583770752 14.7441673278809 14.7782497406006 14.7562503814697 14.7457494735718 14.6979999542236 14.6157503128052 14.5239162445068 14.456166267395 14.373083114624 14.3395004272461 14.3850831985474 14.409083366394 14.4519996643066 14.5455837249756 14.6637496948242 14.6588335037231 14.7510004043579 14.793999671936 14.8380832672119 14.8599996566772
14.2799997329712 14.3181667327881 14.369083404541 14.3210830688477 14.3400831222534 14.3119163513184 14.2749166488647 14.1047496795654 14.0433330535889 14.1367502212524 14.2490005493164 14.4750833511353 14.6470003128052 14.6409168243408 14.8512496948242 14.9671669006348 14.9417505264282 14.7009162902832 14.7612495422363 14.5954170227051 14.5934162139893 14.6085004806519 14.688666343689 14.7908334732056 14.903416633606 14.9175834655762 14.9745006561279 15 14.9691667556763 14.9513330459595 14.8545837402344 14.7945003509521 14.8531665802002 14.9311666488647 14.9213333129883 14.8716669082642 14.8543329238892 14.7755832672119 14.7560834884644 14.6540832519531 14.6030836105347 14.5662498474121 14.5659170150757 14.5564165115356 14.581166267395 14.6772499084473 14.7445831298828 14.783166885376 14.8385829925537 14.8590831756592 14.8857498168945 14.9119997024536
