layers/tmin11.asc
NCOLS 421 
NROWS 354 
XLLCORNER -106.645833332895 
YLLCORNER 25.8541666666667 
CELLSIZE 0.0416666666669039 
NODATA_value -3.4e+38 
[rows 184 to 206 of 354, columns 260 to 311 of 421]
12.0475835800171 11.9524164199829 11.8426666259766 11.9306669235229 12.0811672210693 12.231499671936 12.1206665039062 12.1719999313354 12.2722501754761 12.1888332366943 12.2392501831055 12.1194162368774 12.1557502746582 12.1542501449585 12.0035829544067 11.9542503356934 11.9447498321533 12.0017499923706 12.1258335113525 12.2449998855591 12.2961664199829 12.4216661453247 12.5262498855591 12.6767501831055 12.793083190918 13.0834999084473 13.002833366394 12.7201662063599 12.7224998474121 12.6213331222534 12.4666662216187 12.2325830459595 12.2655000686646 12.277250289917 12.318416595459 12.3103332519531 12.2028331756592 12.2321672439575 12.287166595459 12.3625831604004 12.3785829544067 12.2856664657593 -3.4e+38 -3.4e+38 -3.4e+38 -3.4e+38 -3.4e+38 -3.4e+38 -3.4e+38 -3.4e+38 -3.4e+38 -3.4e+38
12.0279998779297 12.0625829696655 11.9832496643066 11.9754161834717 12.0454998016357 12.2605829238892 12.2464170455933 12.3612499237061 12.2605829238892 12.1984996795654 12.2379999160767 11.9783334732056 12.1639995574951 12.019416809082 11.9702501296997 11.8549995422363 11.8616666793823 11.9152498245239 12.0015001296997 12.1687498092651 12.2868328094482 12.3098335266113 12.4284162521362 12.6129169464111 12.5405836105347 12.8225831985474 13.0419998168945 12.85325050354 12.8078336715698 12.6880836486816 12.5700836181641 12.3957500457764 12.4079170227051 12.3586664199829 12.4369163513184 12.4487495422363 12.3823328018188 12.3534164428711 12.4285001754761 12.5211668014526 12.5638332366943 12.589916229248 -3.4e+38 -3.4e+38 -3.4e+38 -3.4e+38 -3.4e+38 -3.4e+38 -3.4e+38 -3.4e+38 -3.4e+38 -3.4e+38
11.9395837783813 11.8218336105347 12.0072498321533 12.1605834960938 12.1443328857422 12.2366666793823 12.3950834274292 12.5051670074463 12.2826671600342 12.1880836486816 12.159083366394 11.9457502365112 11.8819999694824 11.9735832214355 11.9580001831055 11.7699165344238 11.7870836257935 11.7698335647583 11.8095836639404 11.9750833511353 12.194167137146 12.2786664962769 12.3076667785645 12.4300003051758 12.4910001754761 12.7014999389648 12.8541669845581 12.8478336334229 12.7548332214355 12.6287498474121 12.4806671142578 12.4910001754761 12.4538335800171 12.2698335647583 12.3387498855591 12.4149169921875 12.4322500228882 12.4307498931885 12.4854164123535 12.4879999160767 12.5808334350586 12.6750001907349 -3.4e+38 -3.4e+38 -3.4e+38 -3.4e+38 -3.4e+38 -3.4e+38 -3.4e+38 -3.4e+38 -3.4e+38 -3.4e+38
11.8304166793823 11.8715829849243 11.9097499847412 12.1220836639404 12.3279161453247 12.4442501068115 12.2641668319702 12.0835838317871 12.0520830154419 12.1488332748413 12.1268329620361 11.9711666107178 11.8146667480469 11.8381662368774 11.8596668243408 11.7290830612183 11.6646661758423 11.5585832595825 11.5649166107178 11.7663335800171 12.0492496490479 12.2247495651245 12.2887496948242 12.4354162216187 12.5179166793823 12.6111669540405 12.691499710083 12.6955833435059 12.6820831298828 12.5108337402344 12.4399166107178 12.4638338088989 12.5006666183472 12.4355001449585 12.2526664733887 12.2754163742065 12.3960828781128 12.5534172058105 12.5682497024536 12.5983333587646 12.6195831298828 12.6002502441406 -3.4e+38 -3.4e+38 -3.4e+38 -3.4e+38 -3.4e+38 -3.4e+38 -3.4e+38 -3.4e+38 -3.4e+38 -3.4e+38
11.9419164657593 11.8105001449585 11.7340831756592 11.8580837249756 12.1074161529541 12.3833332061768 12.4514999389648 12.2302503585815 11.7719163894653 11.7987499237061 12.1892499923706 12.1536664962769 11.8716669082642 11.7341661453247 11.8450832366943 11.7137498855591 11.5814161300659 11.4052495956421 11.4458332061768 11.7349996566772 12.1026668548584 12.3385829925537 12.484582901001 12.534083366394 12.5548334121704 12.5922498703003 12.7117500305176 12.6651668548584 12.6272497177124 12.6656665802002 12.380916595459 12.3080835342407 12.3683338165283 12.2285833358765 12.2388334274292 12.2461671829224 12.3363332748413 12.3928337097168 12.6031665802002 12.5669164657593 12.5764169692993 12.6012496948242 -3.4e+38 -3.4e+38 -3.4e+38 -3.4e+38 -3.4e+38 -3.4e+38 -3.4e+38 -3.4e+38 -3.4e+38 -3.4e+38
12.3110828399658 12.1909999847412 11.9549169540405 11.8627500534058 11.6944169998169 11.7801666259766 12.0349998474121 12.3450832366943 11.6586666107178 11.5034170150757 11.6441669464111 11.9033336639404 12.1186666488647 11.9661664962769 11.7592496871948 11.846583366394 11.7150001525879 11.627833366394 11.7130002975464 11.9309167861938 12.2913331985474 12.4800834655762 12.565333366394 12.6595001220703 12.6760835647583 12.594916343689 12.6772499084473 12.7417497634888 12.7825002670288 12.7579164505005 12.6080837249756 12.4954996109009 12.3836669921875 12.5262498855591 12.345832824707 12.2735004425049 12.5221662521362 12.5085830688477 12.5110836029053 12.5081663131714 12.5512504577637 12.5811672210693 -3.4e+38 -3.4e+38 -3.4e+38 -3.4e+38 -3.4e+38 -3.4e+38 -3.4e+38 -3.4e+38 -3.4e+38 -3.4e+38
12.6188335418701 12.5443334579468 12.0920829772949 11.9204168319702 11.7329168319702 11.5629167556763 11.4355001449585 11.4202499389648 11.5928335189819 11.8134994506836 11.4541664123535 12.0587501525879 11.94225025177 12.0629997253418 11.9457502365112 11.8889169692993 11.910083770752 11.967583656311 12.0299167633057 12.2489166259766 12.4672498703003 12.6033334732056 12.6791667938232 12.6859998703003 12.6996669769287 12.6970834732056 12.6878328323364 12.6807498931885 12.7351665496826 12.7880830764771 12.7408332824707 12.5168333053589 12.3763332366943 12.4770002365112 12.5057497024536 12.6898336410522 12.7034997940063 12.5746669769287 12.6411666870117 12.6505002975464 12.5283336639404 12.5659160614014 -3.4e+38 -3.4e+38 -3.4e+38 -3.4e+38 -3.4e+38 -3.4e+38 -3.4e+38 -3.4e+38 -3.4e+38 -3.4e+38
12.753999710083 12.3740835189819 12.1462497711182 12.2985000610352 11.9168329238892 11.9179162979126 11.3552503585815 11.1485834121704 11.2293329238892 11.6639165878296 11.6444997787476 11.6812496185303 12.0434169769287 11.8931665420532 12.0328330993652 11.9585838317871 12.0191669464111 12.1333332061768 12.1686668395996 12.3141670227051 12.4601669311523 12.601749420166 12.6499166488647 12.6554164886475 12.6966667175293 12.7383337020874 12.7308330535889 12.6425838470459 12.6300001144409 12.6758327484131 12.6035833358765 12.4275827407837 12.5606670379639 12.7146663665771 12.7741670608521 12.8554162979126 12.7447500228882 12.6571664810181 12.7954168319702 12.6878337860107 12.744833946228 12.8193330764771 -3.4e+38 -3.4e+38 -3.4e+38 -3.4e+38 -3.4e+38 -3.4e+38 -3.4e+38 -3.4e+38 -3.4e+38 -3.4e+38
12.5730829238892 12.4959163665771 12.4550838470459 12.347583770752 12.2378330230713 11.9186668395996 12.0247497558594 11.8280000686646 11.7389163970947 11.7518329620361 11.6964998245239 11.6304168701172 11.5758333206177 11.7241668701172 11.9496669769287 11.8949165344238 12.078332901001 12.0588331222534 12.2391662597656 12.2926664352417 12.4274168014526 12.5207500457764 12.6216669082642 12.6461668014526 12.6949996948242 12.753833770752 12.7477502822876 12.700249671936 12.7369165420532 12.7430000305176 12.744083404541 12.7609996795654 13.0383338928223 13.0502500534058 12.8970003128052 13.0245838165283 12.9458332061768 12.8316669464111 13.0275001525879 12.7481670379639 12.8956670761108 12.9510831832886 -3.4e+38 -3.4e+38 -3.4e+38 -3.4e+38 -3.4e+38 -3.4e+38 -3.4e+38 -3.4e+38 -3.4e+38 -3.4e+38
12.6609163284302 12.9533338546753 12.7926664352417 12.7211666107178 12.585000038147 12.4505834579468 12.8823337554932 12.513500213623 12.1234998703003 12.3652496337891 12.4411668777466 12.0385837554932 12.0974998474121 12.2065830230713 11.9942502975464 11.9815835952759 12.0694999694824 12.077166557312 12.1745834350586 12.3030834197998 12.4428329467773 12.5069169998169 12.5482501983643 12.5915832519531 12.68274974823 12.6840829849243 12.7119998931885 12.7494163513184 12.8155002593994 12.8889999389648 12.9479999542236 13.041166305542 13.0163335800171 13.037166595459 13.168833732605 13.0270004272461 12.9402503967285 13.1275835037231 13.0840005874634 13.0825834274292 12.9755830764771 12.8840837478638 -3.4e+38 -3.4e+38 -3.4e+38 -3.4e+38 -3.4e+38 -3.4e+38 -3.4e+38 -3.4e+38 -3.4e+38 -3.4e+38
12.9949169158936 13.0199995040894 12.7229166030884 12.5500831604004 12.5263328552246 12.5985832214355 12.7501668930054 13.0764169692993 12.5960836410522 12.9124994277954 12.6920833587646 12.3253335952759 12.7371664047241 12.4191665649414 12.3277502059937 12.2230005264282 12.2541666030884 12.4494171142578 12.4165830612183 12.4440832138062 12.455249786377 12.5132503509521 12.5559167861938 12.6133337020874 12.647500038147 12.6267499923706 12.7334995269775 12.7830829620361 12.8587493896484 12.8795833587646 12.7360830307007 12.9050827026367 12.7693328857422 12.9826669692993 13.0628337860107 12.7869997024536 12.7349996566772 13.0784168243408 13.1876668930054 13.0500831604004 12.9641666412354 12.9840002059937 -3.4e+38 -3.4e+38 -3.4e+38 -3.4e+38 -3.4e+38 -3.4e+38 -3.4e+38 -3.4e+38 -3.4e+38 -3.4e+38
13.1459169387817 13.0682497024536 12.9763336181641 12.9142503738403 12.5972499847412 12.3732500076294 12.4650001525879 12.9539165496826 12.9665832519531 12.6906661987305 12.8888330459595 12.6530828475952 12.7347497940063 12.583083152771 12.3804998397827 12.259916305542 12.4467496871948 12.5104999542236 12.4433336257935 12.4787502288818 12.5167503356934 12.6020832061768 12.5810832977295 12.6110000610352 12.5969161987305 12.6407499313354 12.7102499008179 12.808500289917 12.8530836105347 12.793833732605 12.7855834960938 12.7396669387817 12.8430833816528 12.6271667480469 12.9351663589478 12.7470836639404 12.8339996337891 13.0365829467773 13.1002502441406 13.0068330764771 12.9785833358765 13.0658330917358 -3.4e+38 -3.4e+38 -3.4e+38 -3.4e+38 -3.4e+38 -3.4e+38 -3.4e+38 -3.4e+38 -3.4e+38 -3.4e+38
13.0957498550415 12.9226665496826 13.2633333206177 13.1605834960938 12.891583442688 12.8282499313354 12.6894998550415 12.6658334732056 12.9267501831055 12.801833152771 13.1618328094482 13.1106672286987 12.9984169006348 12.8111667633057 12.4385833740234 12.3151664733887 12.4911670684814 12.6400003433228 12.5782499313354 12.7063331604004 12.7502498626709 12.7364168167114 12.6929998397827 12.7527503967285 12.8413333892822 12.8727502822876 12.8722496032715 12.8315830230713 12.7895832061768 12.6669998168945 12.6611671447754 12.6954164505005 12.6909170150757 12.513500213623 12.7239999771118 12.6638336181641 12.6853332519531 12.9826669692993 13.2915830612183 13.0675830841064 12.9928331375122 13.0557498931885 -3.4e+38 -3.4e+38 -3.4e+38 -3.4e+38 -3.4e+38 -3.4e+38 -3.4e+38 -3.4e+38 -3.4e+38 -3.4e+38
12.8750829696655 12.7391662597656 12.8859996795654 12.9390001296997 12.7258329391479 13.1057500839233 13.2039165496826 12.8048334121704 12.7076663970947 13.1781663894653 13.208833694458 13.1516666412354 13.1076669692993 13.1529169082642 12.6434164047241 12.5882501602173 12.7925834655762 12.7848329544067 12.8396663665771 12.7138328552246 12.7195835113525 12.7063331604004 12.765417098999 12.8589162826538 12.991250038147 13.1444997787476 13.1098337173462 12.9635000228882 12.9169998168945 12.8357496261597 12.7603330612183 12.7068338394165 12.4479999542236 12.2786664962769 12.3905839920044 12.5075836181641 12.8468332290649 12.8712501525879 13.1979169845581 13.0216665267944 12.971583366394 12.9947500228882 -3.4e+38 -3.4e+38 -3.4e+38 -3.4e+38 -3.4e+38 -3.4e+38 -3.4e+38 -3.4e+38 -3.4e+38 -3.4e+38
12.8180837631226 12.6149168014526 12.7345838546753 12.6166667938232 12.5718336105347 12.674750328064 12.8782501220703 12.8888330459595 12.6325836181641 13.2864170074463 13.2074165344238 13.4027500152588 13.5008335113525 13.3119163513184 13.0418329238892 12.8795003890991 12.8958339691162 12.8307495117188 12.9654169082642 12.7869167327881 12.7143335342407 12.8204164505005 12.8539171218872 12.9077501296997 12.9412498474121 13.0020837783813 12.9440002441406 13.0947504043579 12.9840831756592 12.998083114624 12.9869995117188 13.0159168243408 12.8215837478638 12.3610000610352 12.2064170837402 12.3678331375122 12.6560831069946 12.8944997787476 13.0025835037231 13.0680837631226 12.9543333053589 12.938250541687 -3.4e+38 -3.4e+38 -3.4e+38 -3.4e+38 -3.4e+38 -3.4e+38 -3.4e+38 -3.4e+38 -3.4e+38 -3.4e+38
13.0223331451416 12.8819999694824 12.8658332824707 12.748083114624 12.7705001831055 13.0445833206177 12.6770000457764 12.4244995117188 12.5535001754761 13.1271667480469 13.2084999084473 13.4151668548584 13.3715000152588 13.4689168930054 13.2980003356934 12.8857498168945 12.8855838775635 12.9459161758423 13.0298328399658 12.8653335571289 12.7880830764771 12.9099168777466 12.8099164962769 12.7673330307007 12.7320833206177 12.8297500610352 13.0515832901001 13.1049995422363 13.1074161529541 13.0615835189819 12.8532495498657 12.8772497177124 12.6263332366943 12.6345834732056 12.5225830078125 12.3570833206177 12.427583694458 12.690333366394 13.0479164123535 13.1824169158936 12.9176664352417 12.8656663894653 -3.4e+38 -3.4e+38 -3.4e+38 -3.4e+38 -3.4e+38 -3.4e+38 -3.4e+38 -3.4e+38 -3.4e+38 -3.4e+38
12.9289169311523 13.0491666793823 13.085000038147 13.1364164352417 13.152250289917 13.2292499542236 12.8780002593994 12.5698337554932 12.5987501144409 13.1378335952759 13.2851667404175 13.2690830230713 13.3605003356934 13.3652496337891 12.983416557312 12.7925834655762 12.731499671936 12.964750289917 13.0976667404175 13.0848331451416 12.9969167709351 13.0264167785645 12.7736663818359 12.7136669158936 12.7290830612183 12.6915836334229 12.9358329772949 12.9884166717529 12.9608335494995 12.8899164199829 12.9646663665771 13.0670833587646 12.87024974823 12.7005834579468 12.6442499160767 12.5904159545898 12.4897499084473 12.7218332290649 12.9095830917358 12.9781665802002 12.8085832595825 12.8569993972778 -3.4e+38 -3.4e+38 -3.4e+38 -3.4e+38 -3.4e+38 -3.4e+38 -3.4e+38 -3.4e+38 -3.4e+38 -3.4e+38
12.83424949646 12.9060001373291 13.0221662521362 13.1564998626709 13.1438331604004 13.1505832672119 13.0620832443237 12.7799167633057 12.8818330764771 13.0801668167114 13.1410837173462 13.1006669998169 13.1201667785645 13.1692504882812 12.8439168930054 12.6280832290649 12.77174949646 12.9190835952759 13.0787496566772 12.9388332366943 12.8177499771118 12.7589168548584 12.8684997558594 12.6795835494995 12.6110830307007 12.8064165115356 12.8832502365112 12.9485836029053 12.9384174346924 12.7981662750244 12.9674997329712 12.8207502365112 12.7419996261597 12.7285003662109 12.7792501449585 12.7301664352417 12.6215000152588 12.6277494430542 12.6234169006348 12.8588333129883 12.7605829238892 12.8460836410522 -3.4e+38 -3.4e+38 -3.4e+38 -3.4e+38 -3.4e+38 -3.4e+38 -3.4e+38 -3.4e+38 -3.4e+38 -3.4e+38
12.6762495040894 12.8772497177124 13.0440835952759 13.2230005264282 13.2909164428711 13.3085832595825 13.2272500991821 12.962082862854 12.9141664505005 12.93274974823 13.1540002822876 13.1383333206177 12.8304166793823 12.7976665496826 12.8055000305176 12.4833335876465 12.6897497177124 12.8545837402344 12.8976669311523 12.6546669006348 12.6344165802002 12.487416267395 12.5789165496826 12.6059999465942 12.7369165420532 12.822416305542 12.7827501296997 12.7365837097168 12.7522497177124 12.9174995422363 12.7903337478638 12.7161664962769 12.8354167938232 12.9753332138062 12.9264163970947 12.8078336715698 12.6679162979126 12.5893335342407 12.6598339080811 12.9064168930054 12.8059167861938 12.8433332443237 -3.4e+38 -3.4e+38 -3.4e+38 -3.4e+38 -3.4e+38 -3.4e+38 -3.4e+38 -3.4e+38 -3.4e+38 -3.4e+38
12.664249420166 12.8833332061768 13.1105003356934 13.3035001754761 13.5292501449585 13.4680004119873 13.2607498168945 12.974666595459 12.9130001068115 12.9624996185303 13.1785831451416 13.1564998626709 13.1560001373291 12.7721662521362 12.5449161529541 12.4787502288818 12.8100004196167 12.8785829544067 12.7760829925537 12.6084995269775 12.4869995117188 12.5377502441406 12.5334997177124 12.3246669769287 12.4909162521362 12.768666267395 12.8149995803833 12.8229169845581 12.9025001525879 12.8156661987305 12.7314167022705 12.7666664123535 12.9330835342407 12.8806667327881 12.8178329467773 12.7685832977295 12.6614999771118 12.5197505950928 12.5678329467773 12.7594165802002 12.7667503356934 12.7299995422363 -3.4e+38 -3.4e+38 -3.4e+38 -3.4e+38 -3.4e+38 -3.4e+38 -3.4e+38 -3.4e+38 -3.4e+38 -3.4e+38
12.6730003356934 12.8299999237061 13.1466665267944 13.297082901001 13.3039999008179 13.4002504348755 13.4944162368774 13.2785835266113 12.9855833053589 12.8406667709351 12.9037504196167 12.9551668167114 13.2705001831055 12.8044166564941 12.5649995803833 12.3533334732056 12.6116666793823 12.9436664581299 12.7084999084473 12.5721664428711 12.4873332977295 12.5955829620361 12.6260833740234 12.4323329925537 12.66100025177 12.6980829238892 12.9323329925537 12.9887504577637 12.8897504806519 12.8490829467773 12.8259162902832 12.84375 12.8457498550415 12.8031663894653 12.8156671524048 12.6864166259766 12.5265836715698 12.4506664276123 12.4924163818359 12.5215005874634 12.6163330078125 12.6700000762939 -3.4e+38 -3.4e+38 -3.4e+38 -3.4e+38 -3.4e+38 -3.4e+38 -3.4e+38 -3.4e+38 -3.4e+38 -3.4e+38
12.8471670150757 13.0547504425049 13.2710838317871 13.3121671676636 13.3820829391479 13.4804162979126 13.314416885376 13.1786670684814 13.1833333969116 13.1070003509521 13.1478328704834 13.1086664199829 13.2251663208008 12.6300830841064 12.4567499160767 12.196249961853 12.541166305542 12.7714166641235 12.6664171218872 12.5373334884644 12.5530004501343 12.6844997406006 12.7436666488647 12.6545000076294 12.672833442688 12.7207498550415 12.8969163894653 12.9038333892822 12.7360000610352 12.7034168243408 12.5655002593994 12.6405839920044 12.6589164733887 12.6331663131714 12.6180000305176 12.5768327713013 12.592583656311 12.6595001220703 12.6610832214355 12.436333656311 12.5139169692993 12.5552501678467 -3.4e+38 -3.4e+38 -3.4e+38 -3.4e+38 -3.4e+38 -3.4e+38 -3.4e+38 -3.4e+38 -3.4e+38 -3.4e+38
13.0698328018188 13.0885829925537 13.2129163742065 13.1935834884644 13.1451663970947 13.2385835647583 13.4626665115356 13.325083732605 13.0729999542236 13.2524166107178 13.2556667327881 13.2190837860107 13.1908330917358 12.8678331375122 12.5646667480469 12.2514162063599 12.4910001754761 12.7620000839233 12.6346664428711 12.4909162521362 12.7946662902832 12.8114995956421 12.6330833435059 12.6834163665771 12.8185834884644 12.9307498931885 12.9941663742065 12.9593334197998 12.9666662216187 12.7563333511353 12.7820835113525 12.8019170761108 12.8903331756592 12.7845830917358 12.7200832366943 12.6800003051758 12.7272500991821 12.7709999084473 12.6459999084473 12.4948329925537 12.4169998168945 12.4429168701172 -3.4e+38 -3.4e+38 -3.4e+38 -3.4e+38 -3.4e+38 -3.4e+38 -3.4e+38 -3.4e+38 -3.4e+38 -3.4e+38
