layers/tmin11.asc
NCOLS 421 
NROWS 354 
XLLCORNER -106.645833332895 
YLLCORNER 25.8541666666667 
CELLSIZE 0.0416666666669039 
NODATA_value -3.4e+38 
[rows 69 to 91 of 354, columns 312 to 363 of 421]
7.77891683578491 7.63783311843872 7.63875007629395 7.49366664886475 7.33774995803833 7.19449996948242 7.26441669464111 7.33174991607666 7.2594165802002 7.2263331413269 7.11591672897339 7.02533340454102 7.00933313369751 7.10166645050049 7.11299991607666 7.10300016403198 7.20125007629395 7.30658340454102 7.38924980163574 7.45358324050903 7.56616687774658 7.64383363723755 7.62174987792969 7.62633323669434 7.62791681289673 7.59591674804688 7.57325029373169 7.54483318328857 7.51824998855591 7.43625020980835 7.34541654586792 7.35366678237915 7.46466636657715 7.40916633605957 7.47849988937378 7.5424165725708 7.55608320236206 7.18516683578491 7.09849977493286 6.83199977874756 6.8013334274292 7.20566654205322 7.39541673660278 6.96991682052612 6.9469165802002 7.12183332443237 7.3328332901001 7.2776665687561 7.14083337783813 7.56233358383179 8.02383327484131 7.99725008010864
7.66066646575928 7.54516649246216 7.44650030136108 7.43383312225342 7.30116653442383 7.10833311080933 7.06524991989136 7.21983289718628 7.26508331298828 7.1654167175293 7.10583305358887 7.01033353805542 6.86899995803833 6.86875009536743 6.88175010681152 7.05350017547607 7.13899993896484 7.22949981689453 7.38783311843872 7.42333316802979 7.55200004577637 7.57616662979126 7.58974981307983 7.56866645812988 7.53066682815552 7.52683353424072 7.47191667556763 7.51866674423218 7.48541688919067 7.44974994659424 7.41366672515869 7.35225009918213 7.41883325576782 7.44916677474976 7.40766668319702 7.67325019836426 7.51125001907349 7.21775007247925 7.1013331413269 7.34691667556763 7.00841665267944 6.94000005722046 7.2480001449585 6.92875003814697 6.99399995803833 7.19458341598511 7.14849996566772 7.08991670608521 7.47208309173584 8.05875015258789 8.12533378601074 8.31883335113525
7.62225008010864 7.49766683578491 7.36474990844727 7.2553334236145 7.16324996948242 7.03991651535034 7.0348334312439 7.07666683197021 7.15483331680298 7.14791679382324 7.12516641616821 6.98724985122681 6.92083311080933 6.90533351898193 6.95083332061768 7.06649971008301 7.18149995803833 7.15024995803833 7.2921667098999 7.42849969863892 7.49133348464966 7.4636664390564 7.48133325576782 7.49475002288818 7.47550010681152 7.45800018310547 7.41166639328003 7.44566679000854 7.39674997329712 7.42491674423218 7.40299987792969 7.34133338928223 7.44583320617676 7.4740834236145 7.33408355712891 7.47833347320557 7.40450000762939 7.2817497253418 7.0368332862854 7.27966690063477 7.14758348464966 6.87158346176147 7.25425004959106 7.14941644668579 7.20374965667725 6.99308347702026 6.80433368682861 7.06624984741211 7.7111668586731 8.4372501373291 8.52849960327148 8.53241634368896
7.56266689300537 7.47641658782959 7.3694167137146 7.24933338165283 7.16050004959106 7.10883331298828 7.09375 7.11483335494995 7.07824993133545 7.14291667938232 7.11766624450684 7.09316682815552 7.04283332824707 6.99699974060059 7.08608341217041 7.05991649627686 7.15758323669434 7.16891670227051 7.24283313751221 7.39483308792114 7.39291667938232 7.38483333587646 7.40141677856445 7.37550020217896 7.32991647720337 7.38724994659424 7.31583309173584 7.2405834197998 7.27533340454102 7.31366682052612 7.24524974822998 7.27825021743774 7.38000011444092 7.36991691589355 7.37508344650269 7.4026665687561 7.4283332824707 7.34566688537598 6.9154167175293 7.05324983596802 7.18050003051758 7.16591691970825 7.1710000038147 7.34950017929077 7.60724973678589 7.35833311080933 7.25983333587646 7.31333351135254 7.99125003814697 8.48133277893066 8.63083362579346 8.42825031280518
7.48291683197021 7.42083311080933 7.35550022125244 7.32249975204468 7.29116678237915 7.24841690063477 7.24849987030029 7.18958330154419 7.08074998855591 7.1174168586731 7.14849996566772 7.14916658401489 7.10675001144409 7.13208341598511 7.08541631698608 7.09666681289673 7.15675020217896 7.19299983978271 7.23658323287964 7.33966636657715 7.29341650009155 7.31941652297974 7.26733350753784 7.19758319854736 7.166916847229 7.13525009155273 7.11191654205322 7.15991687774658 7.18099975585938 7.2039999961853 7.09724998474121 7.26141691207886 7.35350036621094 7.33349990844727 7.35216665267944 7.38883352279663 7.39958333969116 7.23566675186157 6.9949164390564 7.03983306884766 7.25133323669434 7.27558326721191 7.34566640853882 7.49524974822998 7.35991668701172 7.36124992370605 7.62141704559326 7.6381664276123 7.88008308410645 8.39599990844727 8.18558311462402 8.24408340454102
7.49691677093506 7.39491653442383 7.34900045394897 7.20774984359741 7.19433307647705 7.19950008392334 7.25091648101807 7.25950002670288 7.18524980545044 7.16550016403198 7.17241668701172 7.17091655731201 7.16916656494141 7.09641695022583 7.10325002670288 7.13383340835571 7.1526665687561 7.19266653060913 7.20866680145264 7.18475008010864 7.2131667137146 7.18624973297119 7.15108346939087 7.05233335494995 7.05516672134399 7.09616661071777 7.06958341598511 7.1160831451416 7.13708305358887 7.08658313751221 7.17391681671143 7.21183347702026 7.33475017547607 7.34791660308838 7.37733316421509 7.40158319473267 7.4154167175293 7.3386664390564 7.30625009536743 6.84499979019165 6.95658349990845 7.18183326721191 7.40866661071777 7.52316665649414 7.33691644668579 7.11675024032593 7.37541675567627 7.50950002670288 7.62650012969971 7.95075035095215 7.66708326339722 7.57649993896484
7.54416656494141 7.48233366012573 7.45016670227051 7.37249994277954 7.27166652679443 7.27883338928223 7.31041669845581 7.28441667556763 7.28074979782104 7.2131667137146 7.20566654205322 7.20208311080933 7.16583299636841 7.14691686630249 7.16641664505005 7.20275020599365 7.21700000762939 7.25241661071777 7.23274993896484 7.18983364105225 7.15816688537598 7.16008377075195 7.1138334274292 7.07033348083496 7.05008316040039 7.07408332824707 7.06841659545898 7.08400011062622 7.0825834274292 7.03716659545898 7.13049983978271 7.24749994277954 7.30800008773804 7.34675025939941 7.33825016021729 7.3754997253418 7.45391654968262 7.45599985122681 7.37174987792969 7.07550001144409 7.13266658782959 7.35158348083496 7.49191665649414 7.57100009918213 7.44466686248779 7.24874973297119 7.02116680145264 7.01516675949097 7.07249975204468 7.46333360671997 7.33441686630249 7.37091636657715
7.55516672134399 7.56199979782104 7.55383348464966 7.45291662216187 7.4225001335144 7.43741655349731 7.34391641616821 7.28566646575928 7.33516645431519 7.29258346557617 7.25824975967407 7.21766662597656 7.17708349227905 7.19741678237915 7.23166656494141 7.28550004959106 7.32241678237915 7.37183332443237 7.28874969482422 7.25775003433228 7.12150001525879 7.07324981689453 7.13299989700317 7.09258317947388 7.08325004577637 7.09458351135254 7.08666658401489 7.0843334197998 7.12516689300537 7.11574983596802 7.14424991607666 7.20749998092651 7.27091646194458 7.29974985122681 7.33766651153564 7.3495831489563 7.46441650390625 7.52549982070923 7.45024967193604 7.3841667175293 7.21425008773804 7.30375003814697 7.53749990463257 7.55233335494995 7.39933347702026 7.2698335647583 6.98966646194458 6.90758323669434 6.91975021362305 6.88641691207886 6.86258316040039 7.06466674804688
7.55016660690308 7.54091691970825 7.55208349227905 7.49891662597656 7.49541664123535 7.46066665649414 7.47674989700317 7.45358324050903 7.46041631698608 7.4060001373291 7.32124996185303 7.26749992370605 7.24825000762939 7.24625015258789 7.27833318710327 7.34250020980835 7.31075000762939 7.33608341217041 7.3046669960022 7.30041646957397 7.20991659164429 7.14491701126099 7.10958337783813 7.10616683959961 7.09600019454956 7.09216642379761 7.07491683959961 7.12033319473267 7.15116691589355 7.14391660690308 7.1509165763855 7.16941690444946 7.20083332061768 7.23133325576782 7.26775026321411 7.31283330917358 7.41491651535034 7.4868335723877 7.50549983978271 7.47975015640259 7.56633329391479 7.67875003814697 7.56316661834717 7.65358352661133 7.56541681289673 7.34833335876465 7.3147497177124 6.91925001144409 6.89491653442383 6.70616674423218 6.50708341598511 6.81916666030884
7.50541687011719 7.47041654586792 7.51941680908203 7.49275016784668 7.5198335647583 7.52824974060059 7.55833339691162 7.489333152771 7.44441699981689 7.38108348846436 7.30583333969116 7.24691677093506 7.23850011825562 7.27791690826416 7.2890830039978 7.32908344268799 7.34916639328003 7.34808349609375 7.31966686248779 7.26875019073486 7.29308319091797 7.22808361053467 7.17641687393188 7.14041662216187 7.09058332443237 7.05800008773804 7.08266639709473 7.14599990844727 7.19008350372314 7.19649982452393 7.17733335494995 7.20866680145264 7.23175001144409 7.1961669921875 7.20149993896484 7.28158330917358 7.35941648483276 7.42366695404053 7.40033340454102 7.43716669082642 7.65383338928223 7.8074164390564 7.71150016784668 7.70099973678589 7.64641666412354 7.41366672515869 7.04608345031738 7.11574983596802 7.22558355331421 6.90683317184448 6.74250030517578 6.54391670227051
7.50158357620239 7.52191686630249 7.52166652679443 7.59916687011719 7.645583152771 7.60675001144409 7.64916658401489 7.62983322143555 7.48416709899902 7.33699989318848 7.27766704559326 7.26141691207886 7.27449989318848 7.27358341217041 7.29549980163574 7.32116651535034 7.32091665267944 7.31341648101807 7.31308364868164 7.26958322525024 7.21575021743774 7.16841650009155 7.14550018310547 7.11708354949951 7.12391662597656 7.13433313369751 7.12533330917358 7.19000005722046 7.26291656494141 7.31041669845581 7.28966665267944 7.26233339309692 7.27374982833862 7.17141675949097 7.09824991226196 7.20841693878174 7.35883331298828 7.28400039672852 7.33599996566772 7.32766675949097 7.56416654586792 7.68733310699463 7.74391651153564 7.59883308410645 7.3881664276123 7.23641681671143 7.26341676712036 7.39491653442383 7.25716686248779 7.19425010681152 7.03333330154419 6.80283308029175
7.5421667098999 7.60341691970825 7.6140832901001 7.60958337783813 7.67608308792114 7.68825006484985 7.64033317565918 7.58724975585938 7.55083322525024 7.41450023651123 7.31016683578491 7.24491691589355 7.22058343887329 7.239333152771 7.25883340835571 7.28224992752075 7.27841663360596 7.27600002288818 7.24233341217041 7.12050008773804 7.02841663360596 7.01558351516724 7.10566663742065 7.1486668586731 7.15491676330566 7.19225025177002 7.15991640090942 7.19916677474976 7.18633365631104 7.22558355331421 7.28950023651123 7.24841690063477 7.19916677474976 7.15749979019165 7.10308361053467 7.24916648864746 7.29391670227051 7.31591653823853 7.35791683197021 7.34566688537598 7.42158317565918 7.62041664123535 7.70608329772949 7.53783321380615 7.52166652679443 7.4997501373291 7.40816688537598 7.33774995803833 7.20583295822144 6.98258352279663 6.90808343887329 6.62183332443237
7.5091667175293 7.53733348846436 7.60974979400635 7.6649169921875 7.69566631317139 7.61566638946533 7.61224985122681 7.59508323669434 7.60799980163574 7.44658327102661 7.3328332901001 7.23724985122681 7.22158336639404 7.20583343505859 7.1910834312439 7.18183326721191 7.15299987792969 7.10208320617676 7.04449987411499 7.03558349609375 6.98733329772949 6.96475028991699 7.05483341217041 7.13866662979126 7.13466644287109 7.18874979019165 7.22058343887329 7.23075008392334 7.20258331298828 7.23158311843872 7.23558330535889 7.22666645050049 7.10033321380615 7.12008333206177 7.07566690444946 7.12000036239624 7.19425010681152 7.28716659545898 7.33741664886475 7.33983325958252 7.50141668319702 7.62625026702881 7.74916648864746 7.65716648101807 7.67425012588501 7.65549993515015 7.46433353424072 7.2834997177124 7.15716648101807 7.11649990081787 6.96841669082642 6.99358367919922
7.43100023269653 7.35583305358887 7.45491647720337 7.52874994277954 7.58833312988281 7.57891654968262 7.56949996948242 7.52250003814697 7.5004997253418 7.42775011062622 7.3239164352417 7.2703332901001 7.19608354568481 7.16375017166138 7.12849998474121 7.12474966049194 7.09858322143555 7.03016662597656 6.96474981307983 6.99066686630249 6.95983362197876 6.95558309555054 7.03775024414062 7.18366670608521 7.22749996185303 7.21049976348877 7.2335000038147 7.21391630172729 7.1950831413269 7.21008348464966 7.2189998626709 7.20674991607666 7.10141658782959 7.08550024032593 7.06233310699463 7.04250001907349 7.17875003814697 7.27166652679443 7.3030834197998 7.40549993515015 7.47483348846436 7.64816665649414 7.53158330917358 7.4796667098999 7.54874992370605 7.60566663742065 7.4212498664856 7.25158357620239 7.22016668319702 7.10583353042603 7.16275024414062 6.91966676712036
7.34358310699463 7.31349992752075 7.32408332824707 7.35341644287109 7.44941663742065 7.46883344650269 7.41449975967407 7.42316675186157 7.402916431427 7.37325000762939 7.28958320617676 7.20525026321411 7.17258358001709 7.16883325576782 7.13758325576782 7.10050010681152 7.06650018692017 7.02783346176147 7.00866651535034 6.99341678619385 6.94741678237915 6.94650030136108 6.98008298873901 7.09899997711182 7.17083358764648 7.24833345413208 7.26283359527588 7.15558338165283 7.1305832862854 7.15925025939941 7.18758296966553 7.14833354949951 7.09858322143555 7.1049165725708 7.16133308410645 7.2055835723877 7.25441646575928 7.31941652297974 7.46458339691162 7.57183361053467 7.64183330535889 7.56641674041748 7.58716678619385 7.4082498550415 7.35058355331421 7.45533323287964 7.47016668319702 7.39258337020874 7.24041652679443 7.09533357620239 6.92950010299683 6.75075006484985
7.23008346557617 7.18650007247925 7.16658306121826 7.26491689682007 7.33808326721191 7.3727502822876 7.39499998092651 7.41241645812988 7.39258337020874 7.29733324050903 7.26550006866455 7.23866653442383 7.18900012969971 7.14933347702026 7.13158321380615 7.13724994659424 7.04116678237915 7.01591682434082 7.01833343505859 6.96841669082642 6.93383312225342 6.90899991989136 6.92983341217041 7.08925008773804 7.17925024032593 7.25825023651123 7.23675012588501 7.15941667556763 7.17483329772949 7.17758321762085 7.17791652679443 7.16774988174438 7.0939998626709 7.18275022506714 7.26224994659424 7.3214168548584 7.34241676330566 7.40341663360596 7.46533346176147 7.59333324432373 7.66950035095215 7.66458320617676 7.53358316421509 7.37374973297119 7.37433338165283 7.2441668510437 7.22933340072632 7.27266645431519 7.27866697311401 7.17224979400635 6.99674987792969 6.98633337020874
7.20641660690308 7.19341659545898 7.19774961471558 7.2385835647583 7.30674982070923 7.35041666030884 7.39858341217041 7.45208358764648 7.41050004959106 7.32216644287109 7.2700834274292 7.24791669845581 7.18808317184448 7.16499996185303 7.13575029373169 7.09458351135254 7.07333326339722 7.08208322525024 7.05291652679443 6.9539999961853 6.91975021362305 6.87591648101807 6.95466661453247 7.08774995803833 7.18658304214478 7.26683330535889 7.28008317947388 7.26174974441528 7.24025011062622 7.17475032806396 7.24783325195312 7.23008346557617 7.17291688919067 7.1870002746582 7.22916650772095 7.29433345794678 7.39916658401489 7.45658349990845 7.53816652297974 7.64624977111816 7.69791698455811 7.72808313369751 7.66666698455811 7.64916658401489 7.59691667556763 7.48633337020874 7.34258317947388 7.19924974441528 7.10274982452393 6.96875 7.10791683197021 7.19683313369751
7.3015832901001 7.22058343887329 7.28441667556763 7.28941679000854 7.36525011062622 7.42000007629395 7.38450002670288 7.43883371353149 7.40399980545044 7.32525014877319 7.27250003814697 7.28416681289673 7.22499990463257 7.20441675186157 7.18225002288818 7.10083341598511 7.13216686248779 7.08933353424072 7.06666660308838 7.00616645812988 6.90766668319702 6.80758333206177 6.9060001373291 7.05441665649414 7.17116641998291 7.24658298492432 7.29374980926514 7.29408359527588 7.28350019454956 7.25749969482422 7.27783346176147 7.23541688919067 7.17416667938232 7.16724967956543 7.18849992752075 7.27558326721191 7.36950016021729 7.4774169921875 7.56633329391479 7.63741683959961 7.70808362960815 7.78550004959106 7.76999998092651 7.69925022125244 7.71150016784668 7.65049982070923 7.52874994277954 7.37916660308838 7.28824996948242 7.23733329772949 7.20058345794678 7.18491649627686
7.42049980163574 7.36791658401489 7.30033349990845 7.27808332443237 7.29716682434082 7.33133316040039 7.33933353424072 7.35400009155273 7.39658355712891 7.32991647720337 7.27608299255371 7.27108335494995 7.23449993133545 7.21908330917358 7.15441656112671 7.0774998664856 7.05050039291382 7.08024978637695 7.07224988937378 7.00516653060913 6.96950006484985 6.90816640853882 7.02808332443237 7.16933345794678 7.16424989700317 7.23724985122681 7.28800010681152 7.23991680145264 7.28749990463257 7.27950000762939 7.29233312606812 7.23866653442383 7.16458320617676 7.15966701507568 7.21274995803833 7.27675008773804 7.38258361816406 7.51516675949097 7.63399982452393 7.6928334236145 7.73691654205322 7.75950002670288 7.69175004959106 7.58916664123535 7.61591672897339 7.55700016021729 7.5334997177124 7.48833322525024 7.27533340454102 7.16925001144409 7.14275026321411 7.09758329391479
7.55991649627686 7.45966672897339 7.41333341598511 7.2888331413269 7.28249979019165 7.30258321762085 7.31483364105225 7.34991693496704 7.32599973678589 7.32358312606812 7.32308340072632 7.32608318328857 7.28375005722046 7.23224973678589 7.17950010299683 7.11208295822144 7.09775018692017 7.07266664505005 7.03725004196167 7.05391693115234 7.04174995422363 7.06024980545044 7.23083353042603 7.29108333587646 7.27508354187012 7.25658321380615 7.3102502822876 7.34358358383179 7.36083316802979 7.36124992370605 7.3638334274292 7.33091688156128 7.2814998626709 7.198166847229 7.22658348083496 7.45208358764648 7.52124977111816 7.54341650009155 7.67141675949097 7.75250005722046 7.82466697692871 7.8655834197998 7.74758338928223 7.64200019836426 7.52283334732056 7.50391674041748 7.45149993896484 7.41550016403198 7.31075000762939 7.145583152771 7.06366634368896 7.08958339691162
7.61875009536743 7.52474975585938 7.48833322525024 7.3513331413269 7.20816659927368 7.27583312988281 7.40500020980835 7.39258337020874 7.28391647338867 7.30908346176147 7.37266683578491 7.38924980163574 7.35400009155273 7.25983333587646 7.22308349609375 7.17316675186157 7.13450002670288 7.06683301925659 7.03158330917358 7.10108327865601 7.15108346939087 7.14033365249634 7.3129997253418 7.44250011444092 7.43275022506714 7.52091646194458 7.61733341217041 7.66650009155273 7.51558351516724 7.52066659927368 7.61325025558472 7.52650022506714 7.46591663360596 7.3439998626709 7.38525009155273 7.51833343505859 7.56308317184448 7.61324977874756 7.65883350372314 7.77558326721191 7.8415002822876 7.89133358001709 7.85091686248779 7.72133350372314 7.58808326721191 7.4372501373291 7.32983350753784 7.32591676712036 7.22725009918213 7.19425010681152 7.19258308410645 7.12225008010864
7.72174978256226 7.56258344650269 7.45033311843872 7.36116647720337 7.17133331298828 7.3493332862854 7.48716640472412 7.46000003814697 7.36350011825562 7.35500001907349 7.47549962997437 7.4629168510437 7.53466653823853 7.46049976348877 7.31424999237061 7.24725008010864 7.20324993133545 7.13166666030884 7.1969165802002 7.26783323287964 7.18300008773804 7.33300018310547 7.45408344268799 7.55433320999146 7.52383327484131 7.49874973297119 7.63883352279663 7.76574993133545 7.71333312988281 7.72324991226196 7.69341659545898 7.56616687774658 7.46808338165283 7.39816665649414 7.56699991226196 7.75099992752075 7.51716661453247 7.57058334350586 7.63374996185303 7.7354998588562 7.77483320236206 7.77558326721191 7.7335000038147 7.62891674041748 7.5678334236145 7.50541639328003 7.42950010299683 7.32866668701172 7.17175006866455 7.19583320617676 7.31150007247925 7.25600004196167
7.5660834312439 7.50441646575928 7.30625009536743 7.14041662216187 7.13749980926514 7.34108352661133 7.69183349609375 7.59991645812988 7.51133346557617 7.54208326339722 7.61908340454102 7.57883358001709 7.57299995422363 7.49716663360596 7.44099998474121 7.41258335113525 7.36891651153564 7.45916652679443 7.57058334350586 7.50383329391479 7.53425025939941 7.52325010299683 7.6305832862854 7.73816680908203 7.66833353042603 7.5719165802002 7.67191648483276 7.7790002822876 7.87941646575928 7.86141681671143 7.82408332824707 7.72058343887329 7.48708343505859 7.43941688537598 7.54108333587646 7.73266649246216 7.70766639709473 7.75208330154419 7.68316650390625 7.68466663360596 7.66100025177002 7.62249994277954 7.51833343505859 7.43900012969971 7.42049980163574 7.40366649627686 7.37466669082642 7.41450023651123 7.2960000038147 7.17350006103516 7.07008361816406 7.1712498664856
