layers/vpdmin9.asc
NCOLS 421 
NROWS 354 
XLLCORNER -106.645833332895 
YLLCORNER 25.8541666666667 
CELLSIZE 0.0416666666669039 
NODATA_value -3.4e+38 
[rows 184 to 206 of 354, columns 156 to 207 of 421]
3.38800024986267 3.38800024986267 3.40500020980835 3.4300000667572 3.44200015068054 3.44600009918213 3.45400023460388 3.46200013160706 3.43100023269653 3.42900013923645 3.46000027656555 3.46000027656555 3.41900014877319 3.39800024032593 3.37100005149841 3.35000014305115 3.29600024223328 3.29400014877319 3.29600024223328 3.23400020599365 3.24100017547607 3.2350001335144 3.21000003814697 3.18700003623962 3.18900012969971 3.18100023269653 3.16100025177002 3.17300009727478 3.14800024032593 3.1340000629425 3.11200022697449 3.12400007247925 3.10600018501282 3.13800024986267 3.18700003623962 3.23300004005432 3.25200009346008 3.22700023651123 3.24500012397766 3.21700024604797 3.22100019454956 3.15900015830994 3.1100001335144 3.11700010299683 3.07600021362305 2.98600006103516 2.95400023460388 2.88300013542175 2.86500024795532 2.79500007629395 2.76700019836426 2.70500016212463
3.36300015449524 3.36500024795532 3.40300011634827 3.42100024223328 3.43800020217896 3.43500018119812 3.44100022315979 3.44400024414062 3.42300009727478 3.39600014686584 3.40900015830994 3.39600014686584 3.43100023269653 3.4370002746582 3.40000009536743 3.34300017356873 3.33900022506714 3.33800005912781 3.33000016212463 3.28200006484985 3.24100017547607 3.24500012397766 3.21400022506714 3.19400024414062 3.18400025367737 3.16900014877319 3.16400003433228 3.14500021934509 3.13000011444092 3.0860002040863 3.07000017166138 3.06900024414062 3.07300019264221 3.07900023460388 3.14400005340576 3.15100026130676 3.20000004768372 3.18500018119812 3.22300004959106 3.20400023460388 3.16800022125244 3.12600016593933 3.04800009727478 3.0550000667572 3.02900004386902 2.94600009918213 2.90000009536743 2.84600019454956 2.78400015830994 2.7480001449585 2.77100014686584 2.65500020980835
3.36600017547607 3.41500020027161 3.45000004768372 3.45400023460388 3.44100022315979 3.45400023460388 3.48000025749207 3.47200012207031 3.44900012016296 3.45100021362305 3.42700004577637 3.39000010490417 3.41400027275085 3.4520001411438 3.38000011444092 3.35900020599365 3.36500024795532 3.3840000629425 3.35500025749207 3.27600026130676 3.2480001449585 3.26800012588501 3.25400018692017 3.21000003814697 3.2020001411438 3.1800000667572 3.16800022125244 3.12200021743774 3.09000015258789 3.04100012779236 3.01100015640259 3.01200008392334 3.01700019836426 3.05700016021729 3.08400011062622 3.10500025749207 3.10800004005432 3.08000016212463 3.10600018501282 3.10600018501282 3.05800008773804 3.04900026321411 3.07400012016296 3.05400013923645 2.9760000705719 2.89100003242493 2.8600001335144 2.76800012588501 2.71900010108948 2.71400022506714 2.69300007820129 2.63300013542175
3.41300010681152 3.40200018882751 3.45000004768372 3.46600008010864 3.44000005722046 3.45400023460388 3.4520001411438 3.41200017929077 3.42100024223328 3.42700004577637 3.40000009536743 3.38900017738342 3.4280002117157 3.3970000743866 3.36100006103516 3.3970000743866 3.41500020027161 3.45100021362305 3.39100027084351 3.32000017166138 3.31400012969971 3.29200005531311 3.27800011634827 3.23200011253357 3.21400022506714 3.19100022315979 3.1560001373291 3.12200021743774 3.08800005912781 3.03900003433228 3.01000022888184 2.98900008201599 3.01500010490417 3.04800009727478 3.03300023078918 3.03400015830994 3.04300022125244 3.06400012969971 3.04500007629395 3.02100014686584 2.99400019645691 3.04900026321411 2.97900009155273 3.02400016784668 2.91800022125244 2.82200002670288 2.78900003433228 2.73800015449524 2.73000001907349 2.70100021362305 2.66500020027161 2.6340000629425
3.34500026702881 3.38100004196167 3.42000007629395 3.4520001411438 3.45700025558472 3.4300000667572 3.39000010490417 3.42400026321411 3.4370002746582 3.43500018119812 3.39200019836426 3.41300010681152 3.40700006484985 3.38700008392334 3.37000012397766 3.39100027084351 3.42300009727478 3.44000005722046 3.39300012588501 3.35500025749207 3.32900023460388 3.31900024414062 3.30600023269653 3.26000022888184 3.21500015258789 3.16500020027161 3.15500020980835 3.13100004196167 3.0860002040863 3.0550000667572 3.03000020980835 3.01400017738342 3.02300024032593 3.02100014686584 3.0090000629425 3.01700019836426 3.02800011634827 3.01100015640259 3.0090000629425 2.9610002040863 2.96500015258789 2.93500018119812 2.91900014877319 2.87200021743774 2.79200005531311 2.83300018310547 2.77600002288818 2.75500011444092 2.69800019264221 2.64400005340576 2.68300008773804 2.65800023078918
3.31900024414062 3.34200024604797 3.41400027275085 3.42700004577637 3.43200016021729 3.48000025749207 3.42100024223328 3.43200016021729 3.42400026321411 3.41600012779236 3.41500020027161 3.41200017929077 3.40500020980835 3.40000009536743 3.40000009536743 3.41400027275085 3.48200011253357 3.47100019454956 3.40800023078918 3.36400008201599 3.30900025367737 3.29400014877319 3.31900024414062 3.25400018692017 3.19600009918213 3.14900016784668 3.13000011444092 3.11400008201599 3.08500003814697 3.07000017166138 3.05900025367737 3.02500009536743 3.01600003242493 2.99600005149841 2.97100019454956 2.99500012397766 2.98700022697449 2.94300007820129 2.89500021934509 2.90000009536743 2.882000207901 2.84300017356873 2.80700016021729 2.81400012969971 2.76500010490417 2.79300022125244 2.76700019836426 2.68800020217896 2.62900018692017 2.67000007629395 2.68600010871887 2.66700005531311
3.32100009918213 3.35500025749207 3.38800024986267 3.36700010299683 3.3970000743866 3.39800024032593 3.40500020980835 3.39600014686584 3.39500021934509 3.41700005531311 3.42900013923645 3.43300008773804 3.45000004768372 3.44900012016296 3.42700004577637 3.44500017166138 3.54000020027161 3.4300000667572 3.37100005149841 3.35400009155273 3.28400015830994 3.23900008201599 3.28900027275085 3.2720000743866 3.19400024414062 3.15500020980835 3.13000011444092 3.10000014305115 3.08100008964539 3.0550000667572 3.04100012779236 2.99300003051758 2.94400024414062 2.95000004768372 2.94700002670288 2.94600009918213 2.92000007629395 2.87700009346008 2.84400010108948 2.84700012207031 2.82000017166138 2.78900003433228 2.79200005531311 2.77700018882751 2.77300024032593 2.73000001907349 2.68700003623962 2.68400001525879 2.70000004768372 2.69500017166138 2.67600011825562 2.64400005340576
3.3050000667572 3.33100008964539 3.3600001335144 3.3490002155304 3.36100006103516 3.35000014305115 3.38600015640259 3.40900015830994 3.42900013923645 3.44500017166138 3.46900010108948 3.46900010108948 3.47500014305115 3.4760000705719 3.45400023460388 3.48100018501282 3.58200025558472 3.45500016212463 3.36900019645691 3.36900019645691 3.25300025939941 3.19500017166138 3.21400022506714 3.24100017547607 3.19800019264221 3.14800024032593 3.1340000629425 3.08100008964539 3.05900025367737 3.03200006484985 2.98800015449524 2.93100023269653 2.89300012588501 2.87500023841858 2.88500022888184 2.88600015640259 2.85200023651123 2.80400013923645 2.78400015830994 2.78900003433228 2.78600001335144 2.76900005340576 2.79200005531311 2.78500008583069 2.72100019454956 2.68800020217896 2.72100019454956 2.71900010108948 2.66200017929077 2.66000008583069 2.63600015640259 2.60000014305115
3.32100009918213 3.35600018501282 3.3490002155304 3.36600017547607 3.34000015258789 3.3600001335144 3.38000011444092 3.42300009727478 3.4520001411438 3.47500014305115 3.49600005149841 3.48400020599365 3.50200009346008 3.4850001335144 3.4760000705719 3.45900011062622 3.45000004768372 3.43600010871887 3.37100005149841 3.33700013160706 3.22300004959106 3.21800017356873 3.21400022506714 3.21500015258789 3.17400026321411 3.13700008392334 3.08300018310547 3.06500005722046 3.00400018692017 2.95300006866455 2.90000009536743 2.86900019645691 2.8360002040863 2.81800007820129 2.82200002670288 2.84200024604797 2.76200008392334 2.76100015640259 2.76800012588501 2.8050000667572 2.83900022506714 2.84200024604797 2.80600023269653 2.76700019836426 2.65300011634827 2.66600012779236 2.70500016212463 2.69100022315979 2.68400001525879 2.62400007247925 2.63600015640259 2.63800001144409
3.32600021362305 3.3600001335144 3.37600016593933 3.3600001335144 3.34300017356873 3.37400007247925 3.40500020980835 3.44500017166138 3.47000026702881 3.48200011253357 3.50500011444092 3.50100016593933 3.52300024032593 3.51200008392334 3.48600006103516 3.46600008010864 3.37500023841858 3.34400010108948 3.33000016212463 3.29600024223328 3.23100018501282 3.2260000705719 3.22200012207031 3.21300005912781 3.15400004386902 3.08300018310547 3.04500007629395 2.9760000705719 2.95500016212463 2.88500022888184 2.84000015258789 2.78700017929077 2.757000207901 2.75800013542175 2.76000022888184 2.76900005340576 2.76400017738342 2.75100016593933 2.77000021934509 2.82900023460388 2.86500024795532 2.79400014877319 2.7240002155304 2.73400020599365 2.72700023651123 2.70500016212463 2.64900016784668 2.66500020027161 2.65300011634827 2.63500022888184 2.67000007629395 2.66900014877319
3.26000022888184 3.2810001373291 3.33800005912781 3.35200023651123 3.35600018501282 3.4060001373291 3.41900014877319 3.45700025558472 3.47100019454956 3.50400018692017 3.5220000743866 3.5290002822876 3.53200006484985 3.51600027084351 3.48000025749207 3.44100022315979 3.34700012207031 3.3270001411438 3.31500005722046 3.3030002117157 3.23400020599365 3.21000003814697 3.17600011825562 3.1100001335144 3.09800004959106 3.03600025177002 3.007000207901 2.95100021362305 2.88900017738342 2.81900024414062 2.74600005149841 2.67400002479553 2.66500020027161 2.66400003433228 2.70300006866455 2.69400024414062 2.69200015068054 2.70500016212463 2.72100019454956 2.79100012779236 2.75000023841858 2.65800023078918 2.66900014877319 2.70400023460388 2.68600010871887 2.69000005722046 2.64100003242493 2.60500001907349 2.61200022697449 2.66500020027161 2.65900015830994 2.62700009346008
3.25800013542175 3.27700018882751 3.31800007820129 3.34500026702881 3.35400009155273 3.38900017738342 3.38900017738342 3.42100024223328 3.44700026512146 3.48000025749207 3.49000024795532 3.49900007247925 3.5090000629425 3.47300004959106 3.45500016212463 3.51500010490417 3.36600017547607 3.29200005531311 3.26300024986267 3.25300025939941 3.21400022506714 3.15700006484985 3.04200005531311 3.00500011444092 3.01300024986267 2.9740002155304 2.92900013923645 2.86200022697449 2.80600023269653 2.71400022506714 2.62100005149841 2.55200004577637 2.5770001411438 2.60000014305115 2.6100001335144 2.632000207901 2.65100002288818 2.65100002288818 2.65700006484985 2.7020001411438 2.64600014686584 2.57400012016296 2.61600017547607 2.64600014686584 2.62400007247925 2.62000012397766 2.59200000762939 2.59700012207031 2.58100008964539 2.57900023460388 2.57800006866455 2.57500004768372
3.19400024414062 3.20500016212463 3.22200012207031 3.28400015830994 3.28200006484985 3.3270001411438 3.37900018692017 3.38300013542175 3.40300011634827 3.41600012779236 3.44200015068054 3.46700024604797 3.47000026702881 3.43500018119812 3.4370002746582 3.44900012016296 3.32900023460388 3.25100016593933 3.26000022888184 3.21800017356873 3.17400026321411 3.11300015449524 2.98200011253357 2.92700004577637 2.89900016784668 2.8730001449585 2.78200006484985 2.68400001525879 2.65200018882751 2.59700012207031 2.50100016593933 2.47200012207031 2.52000021934509 2.52300000190735 2.53900003433228 2.56000018119812 2.58700013160706 2.62400007247925 2.63700008392334 2.6230001449585 2.60500001907349 2.57300019264221 2.59500002861023 2.56700015068054 2.59000015258789 2.57800006866455 2.56400012969971 2.5530002117157 2.57000017166138 2.54900002479553 2.56500005722046 2.54300022125244
3.17400026321411 3.17900013923645 3.19300007820129 3.22900009155273 3.24200010299683 3.28500008583069 3.35000014305115 3.37200021743774 3.3840000629425 3.40300011634827 3.42200016975403 3.41200017929077 3.39900016784668 3.35700011253357 3.36700010299683 3.34200024604797 3.32000017166138 3.17200016975403 3.14500021934509 3.14100003242493 3.12900018692017 3.07500004768372 2.99500012397766 2.92500019073486 2.87800002098083 2.81400012969971 2.70900011062622 2.63500022888184 2.6010000705719 2.57500004768372 2.47200012207031 2.44900012016296 2.47900009155273 2.51600003242493 2.507000207901 2.54900002479553 2.56900000572205 2.59300017356873 2.5860002040863 2.5530002117157 2.56400012969971 2.56300020217896 2.5460000038147 2.54000020027161 2.56700015068054 2.54500007629395 2.53300023078918 2.52500009536743 2.54800009727478 2.54400014877319 2.54400014877319 2.54400014877319
3.11100006103516 3.09100008010864 3.12500023841858 3.16000008583069 3.18600010871887 3.23400020599365 3.27500009536743 3.3030002117157 3.31000018119812 3.32500004768372 3.33500027656555 3.34300017356873 3.33500027656555 3.30400013923645 3.30000019073486 3.25800013542175 3.2350001335144 3.16100025177002 3.07000017166138 3.04700016975403 3.08900022506714 3.04500007629395 3.00400018692017 2.92000007629395 2.83300018310547 2.74900007247925 2.68800020217896 2.62200021743774 2.6230001449585 2.57300019264221 2.47300004959106 2.41100001335144 2.41100001335144 2.46400022506714 2.51700019836426 2.47200012207031 2.51500010490417 2.54800009727478 2.54100012779236 2.52000021934509 2.50500011444092 2.48900008201599 2.52100014686584 2.55000019073486 2.5220000743866 2.49500012397766 2.51100015640259 2.52300000190735 2.50200009346008 2.49100017547607 2.45300006866455 2.42700004577637
3.06200003623962 3.06600022315979 3.05700016021729 3.05700016021729 3.08500003814697 3.1100001335144 3.14200019836426 3.19800019264221 3.17000007629395 3.22300004959106 3.19700026512146 3.2240002155304 3.19400024414062 3.23700022697449 3.19400024414062 3.15800023078918 3.15400004386902 3.12400007247925 3.05700016021729 2.97100019454956 2.99000024795532 3.03000020980835 2.99600005149841 2.88900017738342 2.81000018119812 2.77900004386902 2.69900012016296 2.64400005340576 2.60300016403198 2.58300018310547 2.50600004196167 2.41600012779236 2.39800000190735 2.43900012969971 2.46500015258789 2.45000004768372 2.47000002861023 2.50400018692017 2.51400017738342 2.50600004196167 2.48900008201599 2.48900008201599 2.50200009346008 2.5090000629425 2.48100018501282 2.4610002040863 2.44800019264221 2.42700004577637 2.40000009536743 2.34300017356873 2.3600001335144 2.36700010299683
2.85600018501282 2.92000007629395 2.9760000705719 3.01400017738342 3.04900026321411 3.04200005531311 3.06700015068054 3.06400012969971 3.10800004005432 3.09500002861023 3.01700019836426 3.02000021934509 3.08500003814697 3.09200024604797 3.0550000667572 3.01300024986267 2.9980001449585 3.03200006484985 2.96200013160706 2.93400025367737 2.9280002117157 2.97500014305115 2.90700006484985 2.81600022315979 2.75800013542175 2.70800018310547 2.70000004768372 2.66000008583069 2.61100006103516 2.55800008773804 2.51200008392334 2.47200012207031 2.4610002040863 2.46900010108948 2.43900012969971 2.45900011062622 2.46500015258789 2.47000002861023 2.47500014305115 2.46700000762939 2.45400023460388 2.45600008964539 2.4610002040863 2.4520001411438 2.43500018119812 2.42700004577637 2.45100021362305 2.45000004768372 2.3840000629425 2.36700010299683 2.34800004959106 2.31700015068054
2.75400018692017 2.7480001449585 2.84000015258789 2.882000207901 2.96000003814697 2.98700022697449 2.95000004768372 2.95700025558472 3.00000023841858 3.00400018692017 2.9850001335144 2.93600010871887 2.98600006103516 2.98600006103516 2.95800018310547 2.91000008583069 2.89900016784668 2.8730001449585 2.87000012397766 2.8840000629425 2.84100008010864 2.8510000705719 2.78200006484985 2.73700022697449 2.65700006484985 2.6100001335144 2.56600022315979 2.55400013923645 2.55100011825562 2.53900003433228 2.52500009536743 2.4980001449585 2.47800016403198 2.48300004005432 2.46400022506714 2.47700023651123 2.47000002861023 2.46900010108948 2.45300006866455 2.45300006866455 2.3970000743866 2.40300011634827 2.45700001716614 2.44700002670288 2.4280002117157 2.42000007629395 2.44500017166138 2.45500016212463 2.42400002479553 2.33900022506714 2.29800009727478 2.31000018119812
2.7350001335144 2.72800016403198 2.75200009346008 2.7020001411438 2.74300003051758 2.76500010490417 2.81300020217896 2.7810001373291 2.86200022697449 2.91700005531311 2.9300000667572 2.91600012779236 2.85700011253357 2.85300016403198 2.8360002040863 2.83400011062622 2.82400012016296 2.81400012969971 2.83400011062622 2.82900023460388 2.79100012779236 2.62900018692017 2.60500001907349 2.60800004005432 2.62100005149841 2.53000020980835 2.46900010108948 2.45300006866455 2.46500015258789 2.47900009155273 2.49300003051758 2.49400019645691 2.47700023651123 2.47500014305115 2.4610002040863 2.45500016212463 2.45600008964539 2.45300006866455 2.44000005722046 2.45300006866455 2.41300010681152 2.42300009727478 2.45500016212463 2.44200015068054 2.4210000038147 2.43200016021729 2.43700003623962 2.42300009727478 2.40900015830994 2.39500021934509 2.33800005912781 2.30100011825562
2.68400001525879 2.70600008964539 2.70300006866455 2.67000007629395 2.70800018310547 2.69400024414062 2.76300024986267 2.77900004386902 2.80600023269653 2.82900023460388 2.83000016212463 2.83200001716614 2.79600024223328 2.76400017738342 2.77400016784668 2.77500009536743 2.79000020027161 2.77400016784668 2.75500011444092 2.70000004768372 2.68100023269653 2.5310001373291 2.51700019836426 2.54300022125244 2.56000018119812 2.50300002098083 2.42500019073486 2.38900017738342 2.382000207901 2.41900014877319 2.42200016975403 2.40900015830994 2.42200016975403 2.4280002117157 2.43500018119812 2.42700004577637 2.43200016021729 2.44100022315979 2.43400001525879 2.4210000038147 2.37200021743774 2.40900015830994 2.43200016021729 2.40800023078918 2.39900016784668 2.42500019073486 2.4300000667572 2.41400003433228 2.42000007629395 2.39500021934509 2.35400009155273 2.34700012207031
2.67400002479553 2.69400024414062 2.66900014877319 2.66000008583069 2.70300006866455 2.71600008010864 2.76200008392334 2.7810001373291 2.76000022888184 2.79000020027161 2.78800010681152 2.77300024032593 2.76600003242493 2.72300004959106 2.69400024414062 2.6800000667572 2.67900013923645 2.65300011634827 2.6340000629425 2.58100008964539 2.5990002155304 2.52500009536743 2.45300006866455 2.48100018501282 2.47500014305115 2.42400002479553 2.39400005340576 2.36100006103516 2.33400011062622 2.34800004959106 2.35500001907349 2.37200021743774 2.39500021934509 2.38300013542175 2.37900018692017 2.38000011444092 2.39900016784668 2.41400003433228 2.40300011634827 2.38700008392334 2.36400008201599 2.382000207901 2.41100001335144 2.36700010299683 2.35500001907349 2.35500001907349 2.37000012397766 2.38500022888184 2.39200019836426 2.39400005340576 2.36800003051758 2.33100008964539
2.65200018882751 2.64000010490417 2.63100004196167 2.63000011444092 2.66600012779236 2.70000004768372 2.70700001716614 2.78000020980835 2.72000002861023 2.72800016403198 2.73000001907349 2.72500014305115 2.73400020599365 2.68900012969971 2.68900012969971 2.68800020217896 2.62100005149841 2.52500009536743 2.51700019836426 2.49400019645691 2.46900010108948 2.43100023269653 2.39800000190735 2.40900015830994 2.37000012397766 2.34500002861023 2.36400008201599 2.34000015258789 2.28500008583069 2.25800013542175 2.26400017738342 2.28400015830994 2.31400012969971 2.35700011253357 2.36200022697449 2.3490002155304 2.375 2.37400007247925 2.36200022697449 2.35700011253357 2.34400010108948 2.34700012207031 2.35900020599365 2.37400007247925 2.3730001449585 2.3490002155304 2.33300018310547 2.34000015258789 2.34200000762939 2.38000011444092 2.375 2.32800006866455
2.60900020599365 2.58900022506714 2.60000014305115 2.64500021934509 2.68400001525879 2.69500017166138 2.7350001335144 2.74100017547607 2.68500018119812 2.63500022888184 2.67700004577637 2.65900015830994 2.60400009155273 2.55900001525879 2.54000020027161 2.54900002479553 2.57500004768372 2.55100011825562 2.51300001144409 2.47000002861023 2.43300008773804 2.39000010490417 2.34700012207031 2.32000017166138 2.31300020217896 2.31100010871887 2.29700016975403 2.27900004386902 2.24000000953674 2.21000003814697 2.15500020980835 2.20100021362305 2.25500011444092 2.29500007629395 2.32200002670288 2.34200000762939 2.30599999427795 2.3050000667572 2.31700015068054 2.31400012969971 2.33000016212463 2.31200003623962 2.3360002040863 2.35199999809265 2.3510000705719 2.39500021934509 2.35300016403198 2.29500007629395 2.3030002117157 2.32100009918213 2.35000014305115 2.30200004577637
