layers/vpdmax11.asc
NCOLS 421 
NROWS 354 
XLLCORNER -106.645833332895 
YLLCORNER 25.8541666666667 
CELLSIZE 0.0416666666669039 
NODATA_value -3.4e+38 
[rows 253 to 275 of 354, columns 260 to 311 of 421]
25.9230003356934 25.6350021362305 25.5250015258789 25.4700012207031 25.5020008087158 25.4410018920898 25.2210006713867 25.0510005950928 24.7720012664795 24.6690006256104 24.6390018463135 24.6420021057129 24.5500011444092 24.3930015563965 24.2940006256104 24.1110019683838 23.8190002441406 23.371000289917 22.9630012512207 22.6450004577637 22.4300003051758 22.2510013580322 22.1830005645752 22.2680015563965 22.4630012512207 22.3540019989014 22.4140014648438 22.4990005493164 22.5490016937256 22.4550018310547 22.2360019683838 22.0000019073486 21.82200050354 21.8110008239746 21.738000869751 21.4170017242432 21.2600002288818 21.4530010223389 21.431001663208 21.3300018310547 21.0820007324219 20.8390007019043 20.5080013275146 20.1330013275146 19.7360000610352 19.1840000152588 18.4940013885498 17.8770008087158 17.5510005950928 17.7770004272461 -3.4e+38 -3.4e+38
25.689001083374 25.5180015563965 25.3990020751953 25.3000011444092 25.2390003204346 25.0470008850098 24.8400020599365 24.7540016174316 24.677001953125 24.4990005493164 24.4690017700195 24.7900009155273 24.5310020446777 24.2290019989014 24.0990009307861 23.8790016174316 23.5320014953613 23.1240005493164 22.7740001678467 22.5550003051758 22.3350009918213 22.0990009307861 22.0150012969971 22.1830005645752 22.2440013885498 22.3200016021729 22.2740001678467 22.2550010681152 22.238000869751 22.0490016937256 21.9150009155273 21.8320007324219 21.6710014343262 21.6110019683838 21.5340003967285 21.2100009918213 21.1640014648438 21.0110015869141 20.8880004882812 20.7880001068115 20.6800003051758 20.4940013885498 20.2550010681152 19.9660015106201 19.6390018463135 19.1190013885498 18.6150016784668 18.1550006866455 18.0139999389648 -3.4e+38 -3.4e+38 -3.4e+38
25.5040016174316 25.3900012969971 25.3240013122559 25.2280006408691 25.0280017852783 24.7650012969971 24.6500015258789 24.5460014343262 24.5160007476807 24.359001159668 24.2550010681152 24.2670021057129 24.1560020446777 23.8680019378662 23.6310005187988 23.3280010223389 23.0050010681152 22.8580017089844 22.476001739502 22.2440013885498 22.0950012207031 21.9050006866455 21.8350009918213 21.826000213623 21.9750003814697 22.0050010681152 21.8840007781982 21.8250007629395 21.8620014190674 21.6920013427734 21.6650009155273 21.5120010375977 21.427001953125 21.3490009307861 21.2590007781982 21.1100006103516 20.8640003204346 20.7030010223389 20.5780010223389 20.4340019226074 20.246000289917 20.2090015411377 20.0160007476807 19.7290000915527 19.4110012054443 18.9270000457764 18.5139999389648 18.2960014343262 -3.4e+38 -3.4e+38 -3.4e+38 -3.4e+38
25.4360008239746 25.314001083374 25.2530002593994 24.9930019378662 24.7200012207031 24.5850009918213 24.4560012817383 24.2170009613037 24.0990009307861 24.0620002746582 23.9290008544922 23.7860012054443 23.6550006866455 23.5250015258789 23.3390007019043 22.9540004730225 22.6490001678467 22.4010009765625 22.1950016021729 21.9630012512207 21.7540016174316 21.6350002288818 21.5320014953613 21.5630016326904 21.439001083374 21.2520008087158 21.2610015869141 21.1600017547607 21.1140003204346 21.1550006866455 21.2790012359619 21.2800006866455 21.2140007019043 21.0120010375977 20.9050006866455 20.8390007019043 20.6250019073486 20.451000213623 20.3050003051758 20.1530017852783 19.9990005493164 19.806001663208 19.5520000457764 19.3090000152588 19.0280017852783 18.7310009002686 18.3440017700195 18.2390003204346 -3.4e+38 -3.4e+38 -3.4e+38 -3.4e+38
25.2700004577637 25.1110019683838 24.9320011138916 24.6590003967285 24.5250015258789 24.3840007781982 24.2690010070801 23.8130016326904 23.6580009460449 23.6550006866455 23.564001083374 23.4030017852783 23.3340015411377 23.2740001678467 23.0090007781982 22.5940017700195 22.2670001983643 21.9120006561279 21.6620006561279 21.476001739502 21.3720016479492 21.2650012969971 21.2530002593994 21.1240005493164 20.7750015258789 20.3680000305176 20.2500019073486 20.2720012664795 20.2750015258789 20.3200016021729 20.6860008239746 20.8470001220703 20.8470001220703 20.7040004730225 20.6470012664795 20.5800018310547 20.2890014648438 20.185001373291 20.0410003662109 19.7980003356934 19.5220012664795 19.1570014953613 18.730001449585 18.57200050354 18.4300003051758 18.2400016784668 18.0270004272461 -3.4e+38 -3.4e+38 -3.4e+38 -3.4e+38 -3.4e+38
25.121000289917 24.939001083374 24.8000011444092 24.5370006561279 24.4290008544922 24.3690013885498 24.1940002441406 23.7620010375977 23.3720016479492 23.3130016326904 23.3380012512207 23.0800018310547 23.0250015258789 23.0320014953613 22.7600002288818 22.4050006866455 21.8690013885498 21.326000213623 21.0290012359619 21.0070018768311 20.9650001525879 20.8820018768311 20.7100009918213 20.2790012359619 19.6020011901855 19.0940017700195 19.1570014953613 19.2240009307861 19.3730010986328 19.5090007781982 19.9910011291504 20.4040012359619 20.6120014190674 20.4230003356934 20.3360004425049 20.3250007629395 20.117000579834 19.8520011901855 19.5390014648438 19.0840015411377 18.6310005187988 18.1790008544922 17.8440017700195 17.6150016784668 17.4380016326904 17.2140007019043 -3.4e+38 -3.4e+38 -3.4e+38 -3.4e+38 -3.4e+38 -3.4e+38
25.117000579834 24.9000015258789 24.734001159668 24.560001373291 24.4450016021729 24.367000579834 24.2450008392334 23.826000213623 23.4150009155273 23.6040019989014 23.6160011291504 23.3970012664795 23.0890007019043 22.9190006256104 22.7280006408691 22.1590003967285 21.5350017547607 20.7270011901855 20.4370002746582 20.6650009155273 20.6980018615723 20.2210006713867 19.3350009918213 18.2540016174316 17.0360012054443 16.3840007781982 16.8010005950928 17.7800006866455 18.5030002593994 18.9500007629395 19.4990005493164 19.8790016174316 20.1920013427734 20.230001449585 20.2550010681152 20.1610012054443 19.8120002746582 19.2980003356934 18.7170009613037 18.0940017700195 17.4810009002686 17.0139999389648 16.576000213623 16.3490009307861 16.0820007324219 -3.4e+38 -3.4e+38 -3.4e+38 -3.4e+38 -3.4e+38 -3.4e+38 -3.4e+38
25.0980014801025 24.8280010223389 24.7330017089844 24.6270008087158 24.6020011901855 24.4640007019043 24.3310012817383 23.9780006408691 23.6900005340576 24.060001373291 24.0500011444092 23.6150016784668 23.1370010375977 22.9020004272461 22.7390003204346 22.2370014190674 21.5470008850098 20.9280014038086 20.4730014801025 20.5550003051758 20.0230007171631 18.6510009765625 17.8010005950928 16.9130001068115 16.1300010681152 15.3820009231567 15.2670011520386 16.4490013122559 17.9200000762939 18.7250003814697 19.2850017547607 19.605001449585 19.8340015411377 19.826000213623 19.867000579834 19.6320018768311 19.0090007781982 18.3650016784668 17.5250015258789 16.7119998931885 15.814001083374 15.1980009078979 14.6410007476807 14.3240003585815 13.939001083374 13.6980009078979 -3.4e+38 -3.4e+38 -3.4e+38 -3.4e+38 -3.4e+38 -3.4e+38
25.0200004577637 24.9360008239746 24.8790016174316 24.7830009460449 24.7410011291504 24.6390018463135 24.4780006408691 24.2290019989014 24.0240020751953 24.1140003204346 23.9700012207031 23.4870014190674 23.0130004882812 22.8600006103516 22.5420017242432 22.117000579834 21.6540012359619 21.2930011749268 20.7760009765625 19.8850002288818 18.8110008239746 18.0630016326904 17.7390003204346 16.4740009307861 15.7200012207031 15.0990009307861 14.8780002593994 15.4010009765625 17.056001663208 18.2639999389648 18.7390003204346 19.2580013275146 19.3860015869141 19.2770004272461 18.931001663208 18.4650001525879 17.7370014190674 16.6909999847412 15.5350008010864 14.3540010452271 13.4290008544922 12.9780006408691 12.7650003433228 12.5800008773804 12.496000289917 12.4210004806519 12.4190006256104 -3.4e+38 -3.4e+38 -3.4e+38 -3.4e+38 -3.4e+38
25.0790004730225 25.0490016937256 24.9990005493164 24.9640007019043 24.9140014648438 24.693000793457 24.4530010223389 24.1980018615723 24.0390014648438 23.8910007476807 23.5390014648438 23.0280017852783 22.8640003204346 22.6600017547607 22.3040008544922 21.9650001525879 21.7040004730225 21.3300018310547 20.4190006256104 19.0380001068115 17.8240013122559 17.5410003662109 16.7540016174316 15.8620004653931 15.3780002593994 15.0310010910034 14.8450002670288 14.6110010147095 15.7600011825562 17.2930011749268 18.0230007171631 18.314001083374 18.2510013580322 18.101001739502 17.6150016784668 16.7800006866455 15.4750003814697 14.2840003967285 13.5220003128052 13.0540008544922 12.3990001678467 11.8330001831055 -3.4e+38 -3.4e+38 -3.4e+38 -3.4e+38 -3.4e+38 -3.4e+38 -3.4e+38 -3.4e+38 -3.4e+38 -3.4e+38
25.0820007324219 25.0700016021729 25.0440006256104 25.0800018310547 24.8120002746582 24.6630020141602 24.4610004425049 24.1190013885498 23.8460006713867 23.5420017242432 23.1020011901855 22.693000793457 22.4860019683838 22.4610004425049 21.9260005950928 21.5480003356934 21.4250011444092 21.1140003204346 19.7430000305176 18.3299999237061 17.2100009918213 16.2840003967285 15.7160005569458 15.2490005493164 15.0500011444092 14.9410009384155 14.5560007095337 14.1050004959106 14.1080007553101 15.0220003128052 15.9740009307861 16.1909999847412 15.9630002975464 15.5990009307861 15.0390005111694 14.3420009613037 13.9380006790161 13.1910009384155 12.5210008621216 -3.4e+38 -3.4e+38 -3.4e+38 -3.4e+38 -3.4e+38 -3.4e+38 -3.4e+38 -3.4e+38 -3.4e+38 -3.4e+38 -3.4e+38 -3.4e+38 -3.4e+38
25.1330013275146 25.0080013275146 25.0350017547607 25.1080017089844 24.9910011291504 24.693000793457 24.5340003967285 24.2220020294189 23.8240013122559 23.359001159668 22.8740005493164 22.5350017547607 22.2310009002686 21.9500007629395 21.6360015869141 21.3700008392334 21.2990016937256 20.9590015411377 19.57200050354 18.1960010528564 16.7000007629395 16.0060005187988 15.4110012054443 15.1150007247925 14.8440008163452 14.7930011749268 14.6010007858276 13.9120006561279 13.8240003585815 13.7980003356934 13.8440008163452 13.8070011138916 13.9150009155273 14.0340003967285 13.992000579834 13.5540008544922 -3.4e+38 -3.4e+38 -3.4e+38 -3.4e+38 -3.4e+38 -3.4e+38 -3.4e+38 -3.4e+38 -3.4e+38 -3.4e+38 -3.4e+38 -3.4e+38 -3.4e+38 -3.4e+38 -3.4e+38 -3.4e+38
25.242000579834 25.1260013580322 25.2070007324219 25.2450008392334 25.2250003814697 25.0770015716553 24.7470016479492 24.2600002288818 23.8010005950928 23.2510013580322 22.8110008239746 22.3110008239746 21.7690010070801 21.2430019378662 21.2660007476807 21.451000213623 21.5010013580322 20.939001083374 19.19700050354 17.8340015411377 16.5980014801025 15.9180011749268 15.3500003814697 15.0440006256104 14.8320007324219 14.9280004501343 14.6400003433228 14.2760009765625 14.2690010070801 14.2520008087158 14.0330009460449 13.8940010070801 13.6810007095337 13.5860004425049 -3.4e+38 -3.4e+38 -3.4e+38 -3.4e+38 -3.4e+38 -3.4e+38 -3.4e+38 -3.4e+38 -3.4e+38 -3.4e+38 -3.4e+38 -3.4e+38 -3.4e+38 -3.4e+38 -3.4e+38 -3.4e+38 -3.4e+38 -3.4e+38
25.113000869751 25.1390018463135 25.3070011138916 25.57200050354 25.7130012512207 25.4000015258789 24.9040012359619 24.318000793457 23.6450004577637 23.1720008850098 22.7030010223389 22.2040004730225 21.689001083374 21.2740001678467 21.3010005950928 21.4860019683838 21.5960006713867 21.1640014648438 19.8540000915527 18.4680004119873 17.3940010070801 15.9510011672974 15.1770009994507 14.8160009384155 14.6510009765625 14.4760007858276 14.44700050354 14.4770002365112 14.439001083374 14.1900005340576 14.0080003738403 -3.4e+38 -3.4e+38 -3.4e+38 -3.4e+38 -3.4e+38 -3.4e+38 -3.4e+38 -3.4e+38 -3.4e+38 -3.4e+38 -3.4e+38 -3.4e+38 -3.4e+38 -3.4e+38 -3.4e+38 -3.4e+38 -3.4e+38 -3.4e+38 -3.4e+38 -3.4e+38 -3.4e+38
25.2940006256104 25.2970008850098 25.5950012207031 25.7770004272461 25.9220008850098 25.5450019836426 24.8440017700195 24.1300010681152 23.5830001831055 23.0190010070801 22.6200008392334 22.1950016021729 21.730001449585 21.4630012512207 21.3700008392334 21.2990016937256 21.4160003662109 21.3010005950928 20.2350006103516 18.3850002288818 17.2470016479492 16.0939998626709 15.1960010528564 14.7100009918213 14.5430002212524 14.3580007553101 14.3840007781982 14.5740003585815 14.3810005187988 -3.4e+38 -3.4e+38 -3.4e+38 -3.4e+38 -3.4e+38 -3.4e+38 -3.4e+38 -3.4e+38 -3.4e+38 -3.4e+38 -3.4e+38 -3.4e+38 -3.4e+38 -3.4e+38 -3.4e+38 -3.4e+38 -3.4e+38 -3.4e+38 -3.4e+38 -3.4e+38 -3.4e+38 -3.4e+38 -3.4e+38
25.1790008544922 25.0820007324219 25.1880016326904 25.3500003814697 25.3240013122559 25.0570011138916 24.5420017242432 23.984001159668 23.3990001678467 22.8040008544922 22.4190006256104 22.0270004272461 21.7290000915527 21.5620002746582 21.3460006713867 21.1790008544922 21.1830005645752 21.0980014801025 20.4340019226074 18.7080001831055 17.076000213623 16.4860000610352 15.3600006103516 14.7630004882812 14.4180002212524 14.2640008926392 14.4660005569458 -3.4e+38 -3.4e+38 -3.4e+38 -3.4e+38 -3.4e+38 -3.4e+38 -3.4e+38 -3.4e+38 -3.4e+38 -3.4e+38 -3.4e+38 -3.4e+38 -3.4e+38 -3.4e+38 -3.4e+38 -3.4e+38 -3.4e+38 -3.4e+38 -3.4e+38 -3.4e+38 -3.4e+38 -3.4e+38 -3.4e+38 -3.4e+38 -3.4e+38
24.9520015716553 24.726001739502 24.6800003051758 24.5530014038086 24.355001449585 24.064001083374 23.738000869751 23.3640003204346 22.9520015716553 22.5630016326904 21.9830017089844 21.6940002441406 21.5480003356934 21.4000015258789 21.1240005493164 21.1140003204346 20.980001449585 20.8000011444092 20.1640014648438 18.6410007476807 17.0890007019043 16.4460010528564 15.4460010528564 14.7950010299683 14.2830009460449 14.2890005111694 -3.4e+38 -3.4e+38 -3.4e+38 -3.4e+38 -3.4e+38 -3.4e+38 -3.4e+38 -3.4e+38 -3.4e+38 -3.4e+38 -3.4e+38 -3.4e+38 -3.4e+38 -3.4e+38 -3.4e+38 -3.4e+38 -3.4e+38 -3.4e+38 -3.4e+38 -3.4e+38 -3.4e+38 -3.4e+38 -3.4e+38 -3.4e+38 -3.4e+38 -3.4e+38
24.5170021057129 24.3610019683838 24.0270004272461 23.7500019073486 23.4370002746582 23.1040019989014 22.8780002593994 22.6710014343262 22.3980007171631 22.1550006866455 21.7220001220703 21.4490013122559 21.306001663208 21.1680011749268 20.9530010223389 20.8690013885498 20.6640014648438 20.1690006256104 19.2580013275146 17.6389999389648 16.3720016479492 16.0300006866455 15.1630010604858 14.7000007629395 14.4530010223389 13.9900007247925 -3.4e+38 -3.4e+38 -3.4e+38 -3.4e+38 -3.4e+38 -3.4e+38 -3.4e+38 -3.4e+38 -3.4e+38 -3.4e+38 -3.4e+38 -3.4e+38 -3.4e+38 -3.4e+38 -3.4e+38 -3.4e+38 -3.4e+38 -3.4e+38 -3.4e+38 -3.4e+38 -3.4e+38 -3.4e+38 -3.4e+38 -3.4e+38 -3.4e+38 -3.4e+38
24.1620006561279 24.0500011444092 23.6260013580322 23.1100006103516 22.7650012969971 22.5040016174316 22.3840007781982 22.2280006408691 21.9230003356934 21.6880016326904 21.5930004119873 21.4440002441406 21.0830001831055 20.9810009002686 20.8210010528564 20.5270004272461 20.1390018463135 19.1110000610352 17.5120010375977 16.1480007171631 15.8000011444092 15.4000005722046 14.8890008926392 14.7510004043579 14.5330009460449 -3.4e+38 -3.4e+38 -3.4e+38 -3.4e+38 -3.4e+38 -3.4e+38 -3.4e+38 -3.4e+38 -3.4e+38 -3.4e+38 -3.4e+38 -3.4e+38 -3.4e+38 -3.4e+38 -3.4e+38 -3.4e+38 -3.4e+38 -3.4e+38 -3.4e+38 -3.4e+38 -3.4e+38 -3.4e+38 -3.4e+38 -3.4e+38 -3.4e+38 -3.4e+38 -3.4e+38
23.8680019378662 23.484001159668 23.1540012359619 22.6820011138916 22.3810005187988 22.1290016174316 21.9230003356934 21.7610015869141 21.556001663208 21.3560009002686 21.3310012817383 21.3790016174316 21.1790008544922 20.9590015411377 20.5370006561279 19.7570018768311 18.4260005950928 16.8830013275146 15.8330011367798 15.6750011444092 15.327000617981 15.064001083374 14.8190002441406 -3.4e+38 -3.4e+38 -3.4e+38 -3.4e+38 -3.4e+38 -3.4e+38 -3.4e+38 -3.4e+38 -3.4e+38 -3.4e+38 -3.4e+38 -3.4e+38 -3.4e+38 -3.4e+38 -3.4e+38 -3.4e+38 -3.4e+38 -3.4e+38 -3.4e+38 -3.4e+38 -3.4e+38 -3.4e+38 -3.4e+38 -3.4e+38 -3.4e+38 -3.4e+38 -3.4e+38 -3.4e+38 -3.4e+38
23.4030017852783 23.0410003662109 22.7200012207031 22.2130012512207 21.9080009460449 21.738000869751 21.5700016021729 21.4600009918213 21.3440017700195 21.177001953125 21.1990013122559 21.2040004730225 21.0300006866455 20.6690006256104 19.5440006256104 17.6650009155273 16.5470008850098 15.9730005264282 15.6860008239746 15.2100009918213 15.0400009155273 -3.4e+38 -3.4e+38 -3.4e+38 -3.4e+38 -3.4e+38 -3.4e+38 -3.4e+38 -3.4e+38 -3.4e+38 -3.4e+38 -3.4e+38 -3.4e+38 -3.4e+38 -3.4e+38 -3.4e+38 -3.4e+38 -3.4e+38 -3.4e+38 -3.4e+38 -3.4e+38 -3.4e+38 -3.4e+38 -3.4e+38 -3.4e+38 -3.4e+38 -3.4e+38 -3.4e+38 -3.4e+38 -3.4e+38 -3.4e+38 -3.4e+38
22.988000869751 22.8400001525879 22.4600009918213 22.0500011444092 21.6510009765625 21.4080009460449 21.2450008392334 21.2040004730225 21.0310001373291 20.9850006103516 20.9850006103516 20.6840019226074 20.1900005340576 19.2670001983643 17.3860015869141 16.4580001831055 16.4370002746582 15.8540010452271 15.1910009384155 14.8600006103516 -3.4e+38 -3.4e+38 -3.4e+38 -3.4e+38 -3.4e+38 -3.4e+38 -3.4e+38 -3.4e+38 -3.4e+38 -3.4e+38 -3.4e+38 -3.4e+38 -3.4e+38 -3.4e+38 -3.4e+38 -3.4e+38 -3.4e+38 -3.4e+38 -3.4e+38 -3.4e+38 -3.4e+38 -3.4e+38 -3.4e+38 -3.4e+38 -3.4e+38 -3.4e+38 -3.4e+38 -3.4e+38 -3.4e+38 -3.4e+38 -3.4e+38 -3.4e+38
22.4730014801025 22.4260005950928 22.1150016784668 21.935001373291 21.6740016937256 21.306001663208 21.3010005950928 21.1780014038086 21.0210018157959 20.8980007171631 20.6300010681152 20.1440010070801 19.3000011444092 17.6340007781982 16.363000869751 16.3600006103516 15.9600009918213 15.1150007247925 -3.4e+38 -3.4e+38 -3.4e+38 -3.4e+38 -3.4e+38 -3.4e+38 -3.4e+38 -3.4e+38 -3.4e+38 -3.4e+38 -3.4e+38 -3.4e+38 -3.4e+38 -3.4e+38 -3.4e+38 -3.4e+38 -3.4e+38 -3.4e+38 -3.4e+38 -3.4e+38 -3.4e+38 -3.4e+38 -3.4e+38 -3.4e+38 -3.4e+38 -3.4e+38 -3.4e+38 -3.4e+38 -3.4e+38 -3.4e+38 -3.4e+38 -3.4e+38 -3.4e+38 -3.4e+38
