layers/vpdmax9.asc
NCOLS 421 
NROWS 354 
XLLCORNER -106.645833332895 
YLLCORNER 25.8541666666667 
CELLSIZE 0.0416666666669039 
NODATA_value -3.4e+38 
[rows 23 to 45 of 354, columns 104 to 155 of 421]
-3.4e+38 -3.4e+38 -3.4e+38 -3.4e+38 -3.4e+38 -3.4e+38 16.9980010986328 16.984001159668 17.0550003051758 16.943000793457 16.9490013122559 16.9689998626709 17.0190010070801 17.0180015563965 17.1070003509521 17.2100009918213 17.2310009002686 17.3159999847412 17.3229999542236 17.3450012207031 17.3889999389648 17.44700050354 17.5470008850098 17.617000579834 17.5740013122559 17.5770015716553 17.6040000915527 17.6319999694824 17.6200008392334 17.564001083374 17.5970001220703 17.5950012207031 17.4860000610352 17.375 17.3570003509521 17.3860015869141 17.314001083374 17.2569999694824 17.2550010681152 17.238000869751 17.2040004730225 17.2000007629395 17.2180004119873 17.2720012664795 17.3240013122559 17.3490009307861 17.3340015411377 17.2040004730225 17.1100006103516 17.0100002288818 16.7849998474121 16.8500003814697
-3.4e+38 -3.4e+38 -3.4e+38 -3.4e+38 -3.4e+38 -3.4e+38 16.8819999694824 16.8130016326904 16.810001373291 16.8229999542236 16.8700008392334 16.9619998931885 17.0350017547607 17.0700016021729 17.0939998626709 17.1120014190674 17.1590003967285 17.2030010223389 17.2730007171631 17.3990001678467 17.5300006866455 17.5360012054443 17.5220012664795 17.5120010375977 17.5390014648438 17.5690002441406 17.5990009307861 17.625 17.6580009460449 17.609001159668 17.6140003204346 17.5550003051758 17.4990005493164 17.4360008239746 17.3889999389648 17.359001159668 17.2940006256104 17.2320003509521 17.2060012817383 17.2290000915527 17.1750011444092 17.1680011749268 17.1900005340576 17.2350006103516 17.2520008087158 17.2610015869141 17.230001449585 17.185001373291 17.1670017242432 17.1459999084473 17.0939998626709 17.0190010070801
-3.4e+38 -3.4e+38 -3.4e+38 -3.4e+38 -3.4e+38 -3.4e+38 16.6670017242432 16.7610015869141 16.7290000915527 16.7639999389648 16.7950000762939 16.8490009307861 16.8950004577637 16.9120006561279 16.9610004425049 17.0470008850098 17.1080017089844 17.1750011444092 17.2900009155273 17.4540004730225 17.4980010986328 17.5310001373291 17.5740013122559 17.5900001525879 17.5980014801025 17.613000869751 17.6550006866455 17.6240005493164 17.5890007019043 17.5240001678467 17.5490016937256 17.5700016021729 17.5490016937256 17.5690002441406 17.4930000305176 17.3740005493164 17.306001663208 17.238000869751 17.1990013122559 17.1900005340576 17.193000793457 17.1560001373291 17.1680011749268 17.1529998779297 17.1300010681152 17.1310005187988 17.1440010070801 17.1900005340576 17.2119998931885 17.1760005950928 17.1490001678467 17.0630016326904
-3.4e+38 -3.4e+38 -3.4e+38 -3.4e+38 -3.4e+38 -3.4e+38 16.625 16.6740016937256 16.6750011444092 16.734001159668 16.7790012359619 16.7330017089844 16.75 16.7880001068115 16.8299999237061 16.9540004730225 17.1140003204346 17.1880016326904 17.2510013580322 17.3490009307861 17.4640007019043 17.5820007324219 17.6260013580322 17.6710014343262 17.7250003814697 17.6700000762939 17.6200008392334 17.5810012817383 17.5850009918213 17.5750007629395 17.6110000610352 17.5840015411377 17.5240001678467 17.4970016479492 17.439001083374 17.4230003356934 17.4000015258789 17.3240013122559 17.3080005645752 17.2880001068115 17.2220001220703 17.2210006713867 17.1230010986328 17.0659999847412 17.0450000762939 17.0570011138916 17.0490016937256 17.0939998626709 17.1540012359619 17.1560001373291 17.0939998626709 16.9180011749268
-3.4e+38 -3.4e+38 -3.4e+38 -3.4e+38 -3.4e+38 -3.4e+38 16.6000003814697 16.6620006561279 16.6760005950928 16.6900005340576 16.726001739502 16.7440013885498 16.7670001983643 16.7700004577637 16.806001663208 16.8889999389648 16.9479999542236 17.1040000915527 17.2800006866455 17.4200000762939 17.5530014038086 17.6430015563965 17.7530002593994 17.7480010986328 17.7350006103516 17.6870002746582 17.6710014343262 17.617000579834 17.6540012359619 17.6310005187988 17.601001739502 17.560001373291 17.5060005187988 17.492000579834 17.4610004425049 17.4100017547607 17.3850002288818 17.3880004882812 17.3690013885498 17.2680015563965 17.2080001831055 17.2190017700195 17.1600017547607 17.1410007476807 17.1060009002686 17.0710010528564 17.0900001525879 17.1190013885498 17.1240005493164 17.0910015106201 17.0209999084473 16.9210014343262
-3.4e+38 -3.4e+38 -3.4e+38 -3.4e+38 -3.4e+38 -3.4e+38 16.6040000915527 16.6459999084473 16.6950016021729 16.726001739502 16.7510013580322 16.75 16.7170009613037 16.7170009613037 16.7810001373291 16.8150005340576 16.8760013580322 17.0440006256104 17.3040008544922 17.4660015106201 17.5659999847412 17.6550006866455 17.7200012207031 17.7650012969971 17.7250003814697 17.6860008239746 17.6940002441406 17.6650009155273 17.6760005950928 17.7000007629395 17.7030010223389 17.6240005493164 17.5200004577637 17.4910011291504 17.4740009307861 17.4070014953613 17.3940010070801 17.3950004577637 17.3430004119873 17.2850017547607 17.2630004882812 17.189001083374 17.1270008087158 17.1190013885498 17.1100006103516 17.1020011901855 17.0869998931885 17.0590000152588 17.0040016174316 16.9710006713867 16.9330005645752 16.9230003356934
-3.4e+38 -3.4e+38 -3.4e+38 -3.4e+38 -3.4e+38 -3.4e+38 16.5900001525879 16.6420001983643 16.734001159668 16.7700004577637 16.7030010223389 16.6880016326904 16.7189998626709 16.6880016326904 16.6909999847412 16.7440013885498 16.8620014190674 16.9870014190674 17.2150001525879 17.3680000305176 17.5100002288818 17.6190013885498 17.7200012207031 17.7800006866455 17.746000289917 17.6640014648438 17.5869998931885 17.5780010223389 17.6350002288818 17.6450004577637 17.6410007476807 17.5799999237061 17.4890003204346 17.4540004730225 17.4010009765625 17.3650016784668 17.3720016479492 17.3640003204346 17.3430004119873 17.2740001678467 17.2840003967285 17.2360000610352 17.1440010070801 17.101001739502 17.068000793457 17.0450000762939 17.0260009765625 16.996000289917 16.9720001220703 16.9040012359619 16.875 16.8800010681152
-3.4e+38 -3.4e+38 -3.4e+38 -3.4e+38 -3.4e+38 -3.4e+38 16.6180000305176 16.6790008544922 16.6720008850098 16.6740016937256 16.7030010223389 16.6950016021729 16.6650009155273 16.6599998474121 16.6860008239746 16.7700004577637 16.8700008392334 16.9930000305176 17.1870002746582 17.3660011291504 17.5080013275146 17.5940017700195 17.6770000457764 17.6860008239746 17.6360015869141 17.5940017700195 17.5540008544922 17.5300006866455 17.5480003356934 17.5300006866455 17.5310001373291 17.5340003967285 17.4280014038086 17.3959999084473 17.3390007019043 17.3000011444092 17.2650012969971 17.3110008239746 17.3159999847412 17.3080005645752 17.2700004577637 17.2130012512207 17.1300010681152 17.0450000762939 17.0040016174316 17 16.976001739502 16.9590015411377 16.9330005645752 16.9150009155273 16.9000015258789 16.8970012664795
-3.4e+38 -3.4e+38 -3.4e+38 -3.4e+38 -3.4e+38 -3.4e+38 16.5620002746582 16.6060009002686 16.6610012054443 16.6880016326904 16.69700050354 16.6740016937256 16.6790008544922 16.689001083374 16.6900005340576 16.7569999694824 16.8950004577637 17.0460014343262 17.234001159668 17.4250011444092 17.5300006866455 17.5690002441406 17.6070003509521 17.5510005950928 17.5590000152588 17.5390014648438 17.5200004577637 17.5120010375977 17.5450000762939 17.5110015869141 17.4720001220703 17.4500007629395 17.4190006256104 17.3210010528564 17.2800006866455 17.2850017547607 17.2709999084473 17.3490009307861 17.3610000610352 17.3210010528564 17.2820014953613 17.2410011291504 17.1650009155273 17.0770015716553 17.0380001068115 16.9820003509521 16.8860015869141 16.8340015411377 16.8640003204346 16.826000213623 16.8040008544922 16.8490009307861
-3.4e+38 -3.4e+38 -3.4e+38 -3.4e+38 -3.4e+38 -3.4e+38 16.6080017089844 16.6340007781982 16.6690006256104 16.6640014648438 16.6760005950928 16.7100009918213 16.7430000305176 16.7690010070801 16.7800006866455 16.8540000915527 16.9850006103516 17.064001083374 17.2060012817383 17.2790012359619 17.3350009918213 17.4230003356934 17.4610004425049 17.4710006713867 17.4740009307861 17.480001449585 17.44700050354 17.44700050354 17.4780006408691 17.4150009155273 17.3900012969971 17.4130001068115 17.363000869751 17.3020000457764 17.2840003967285 17.2709999084473 17.2670001983643 17.3190002441406 17.3400001525879 17.306001663208 17.2790012359619 17.2410011291504 17.189001083374 17.1300010681152 17.0510005950928 16.9710006713867 16.9180011749268 16.8520011901855 16.8159999847412 16.7820014953613 16.7890014648438 16.7600002288818
-3.4e+38 -3.4e+38 -3.4e+38 -3.4e+38 -3.4e+38 -3.4e+38 16.6480007171631 16.6680011749268 16.7180004119873 16.7490005493164 16.818000793457 16.8520011901855 16.9190006256104 17 17.0330009460449 16.9360008239746 17.0400009155273 17.1360015869141 17.2760009765625 17.3210010528564 17.3420009613037 17.4140014648438 17.4100017547607 17.4050006866455 17.4170017242432 17.3940010070801 17.4000015258789 17.3640003204346 17.3610000610352 17.3650016784668 17.3490009307861 17.3200016021729 17.2980003356934 17.2810001373291 17.2670001983643 17.2550010681152 17.2740001678467 17.3030014038086 17.3030014038086 17.3000011444092 17.2800006866455 17.1960010528564 17.1510009765625 17.0850009918213 17.0350017547607 17 16.9689998626709 16.8790016174316 16.8520011901855 16.8310012817383 16.7920017242432 16.8040008544922
-3.4e+38 -3.4e+38 -3.4e+38 -3.4e+38 -3.4e+38 -3.4e+38 16.7070007324219 16.7550010681152 16.7840003967285 16.8530006408691 16.8920001983643 16.9120006561279 16.9710006713867 17.0620002746582 17.1319999694824 17.2900009155273 17.3470001220703 17.375 17.3910007476807 17.4130001068115 17.4320011138916 17.4690017700195 17.4420013427734 17.3910007476807 17.3270015716553 17.3470001220703 17.3480014801025 17.4050006866455 17.4029998779297 17.3770008087158 17.3430004119873 17.2890014648438 17.25 17.242000579834 17.2220001220703 17.2350006103516 17.2650012969971 17.3080005645752 17.3170013427734 17.2870006561279 17.2140007019043 17.1660003662109 17.1550006866455 17.1160011291504 17.0200004577637 17.0020008087158 16.984001159668 16.9460010528564 16.8810005187988 16.8280010223389 16.8110008239746 16.8080005645752
-3.4e+38 -3.4e+38 -3.4e+38 -3.4e+38 -3.4e+38 -3.4e+38 16.7660007476807 16.7990016937256 16.8450012207031 16.8500003814697 16.9689998626709 17.0869998931885 17.1420001983643 17.2650012969971 17.2360000610352 17.3280010223389 17.371000289917 17.4780006408691 17.5570011138916 17.5799999237061 17.5420017242432 17.4690017700195 17.4479999542236 17.2770004272461 17.3170013427734 17.3500003814697 17.3299999237061 17.4200000762939 17.4330005645752 17.3770008087158 17.3390007019043 17.314001083374 17.2700004577637 17.2250003814697 17.2190017700195 17.2210006713867 17.2580013275146 17.2820014953613 17.2880001068115 17.2490005493164 17.2130012512207 17.1840000152588 17.185001373291 17.1310005187988 17.0690002441406 17.0240001678467 17.0090007781982 16.9820003509521 16.8700008392334 16.8240013122559 16.8369998931885 16.859001159668
-3.4e+38 -3.4e+38 -3.4e+38 -3.4e+38 -3.4e+38 -3.4e+38 16.8280010223389 16.9040012359619 16.9240016937256 16.9910011291504 17.0950012207031 17.2370014190674 17.3580017089844 17.4420013427734 17.5590000152588 17.5620002746582 17.6450004577637 17.6120014190674 17.5209999084473 17.556001663208 17.5900001525879 17.6730003356934 17.5069999694824 17.2709999084473 17.3240013122559 17.439001083374 17.4930000305176 17.4890003204346 17.4950008392334 17.5100002288818 17.435001373291 17.3430004119873 17.2690010070801 17.2440013885498 17.2450008392334 17.2370014190674 17.2870006561279 17.3150005340576 17.2850017547607 17.2400016784668 17.2190017700195 17.193000793457 17.1650009155273 17.0950012207031 17.0550003051758 17.0050010681152 16.9700012207031 16.9300003051758 16.9140014648438 16.8120002746582 16.8070011138916 16.8200016021729
-3.4e+38 -3.4e+38 -3.4e+38 -3.4e+38 -3.4e+38 -3.4e+38 16.9240016937256 16.9970016479492 17.1030006408691 17.2660007476807 17.3720016479492 17.4440002441406 17.4000015258789 17.3700008392334 17.4540004730225 17.5860004425049 17.7270011901855 17.810001373291 17.8000011444092 17.7600002288818 17.689001083374 17.7250003814697 17.7000007629395 17.5090007781982 17.3850002288818 17.4930000305176 17.4990005493164 17.5180015563965 17.5420017242432 17.5390014648438 17.4750003814697 17.4040012359619 17.3780002593994 17.314001083374 17.2960014343262 17.3190002441406 17.3440017700195 17.3500003814697 17.3350009918213 17.2690010070801 17.2100009918213 17.1760005950928 17.1120014190674 17.0700016021729 17.0620002746582 17.0240001678467 16.9500007629395 16.9150009155273 16.8980007171631 16.8390007019043 16.7950000762939 16.82200050354
-3.4e+38 -3.4e+38 -3.4e+38 -3.4e+38 -3.4e+38 -3.4e+38 17.0209999084473 17.076000213623 17.076000213623 17.3290004730225 17.5130004882812 17.7100009918213 17.6450004577637 17.5030002593994 17.6940002441406 17.7820014953613 17.7660007476807 17.8560009002686 17.8420009613037 17.9600009918213 17.8570003509521 17.7690010070801 17.7490005493164 17.8650016784668 17.7110004425049 17.7450008392334 17.7720012664795 17.7210006713867 17.7900009155273 17.7780017852783 17.6560001373291 17.5990009307861 17.4820003509521 17.4060001373291 17.4000015258789 17.4000015258789 17.3819999694824 17.3730010986328 17.3400001525879 17.3250007629395 17.2370014190674 17.1840000152588 17.1400012969971 17.0900001525879 17.0530014038086 17.0330009460449 16.9910011291504 16.951000213623 16.9200000762939 16.8530006408691 16.8050003051758 16.8400001525879
-3.4e+38 -3.4e+38 -3.4e+38 -3.4e+38 -3.4e+38 -3.4e+38 17.1900005340576 17.3159999847412 17.3700008392334 17.4420013427734 17.6310005187988 17.8450012207031 17.9790000915527 17.9690017700195 17.9850006103516 18.0040016174316 17.984001159668 17.9950008392334 17.9730014801025 17.9730014801025 17.9150009155273 17.855001449585 17.8740005493164 17.9420013427734 18.0930004119873 18.0790004730225 18.1070003509521 18.0799999237061 18.0659999847412 18.0620002746582 17.8400001525879 17.6880016326904 17.5770015716553 17.496000289917 17.4630012512207 17.4710006713867 17.435001373291 17.3870010375977 17.3660011291504 17.3270015716553 17.3620014190674 17.3330001831055 17.2540016174316 17.1450004577637 17.125 17.1380004882812 17.0860004425049 17.0260009765625 16.9650001525879 16.9370002746582 16.8790016174316 16.8959999084473
-3.4e+38 -3.4e+38 -3.4e+38 -3.4e+38 -3.4e+38 -3.4e+38 17.4540004730225 17.564001083374 17.5530014038086 17.6540012359619 17.7520008087158 17.8120002746582 17.9940013885498 18.0380001068115 18.0710010528564 18.056001663208 18.1040000915527 18.0510005950928 18.0460014343262 18.0220012664795 17.9950008392334 17.9890003204346 17.996000289917 18.105001449585 18.2470016479492 18.3400001525879 18.3680000305176 18.3490009307861 18.2350006103516 18.1230010986328 17.8320007324219 17.6800003051758 17.5750007629395 17.488000869751 17.4560012817383 17.451000213623 17.4540004730225 17.4690017700195 17.4540004730225 17.4450016021729 17.4080009460449 17.4170017242432 17.3680000305176 17.3390007019043 17.3290004730225 17.2709999084473 17.1620006561279 17.0920009613037 17.0750007629395 17.0400009155273 17.0230007171631 17.0420017242432
-3.4e+38 -3.4e+38 -3.4e+38 -3.4e+38 -3.4e+38 -3.4e+38 17.5350017547607 17.5540008544922 17.5940017700195 17.5490016937256 17.6310005187988 17.8540000915527 17.9870014190674 17.9910011291504 18.0060005187988 18.0799999237061 18.1160011291504 18.0840015411377 18.0470008850098 18.0050010681152 17.9860000610352 17.9450016021729 17.943000793457 17.9450016021729 18.0540008544922 18.1070003509521 18.1560001373291 18.2290000915527 18.2470016479492 18.064001083374 17.7990016937256 17.6670017242432 17.6000003814697 17.5380001068115 17.4750003814697 17.4790000915527 17.4450016021729 17.4720001220703 17.5320014953613 17.560001373291 17.5630016326904 17.5050010681152 17.4650001525879 17.4180011749268 17.3730010986328 17.3540000915527 17.3350009918213 17.238000869751 17.2200012207031 17.2160015106201 17.1560001373291 17.1400012969971
-3.4e+38 -3.4e+38 -3.4e+38 -3.4e+38 -3.4e+38 -3.4e+38 17.6459999084473 17.6270008087158 17.689001083374 17.6840000152588 17.7090015411377 17.8270015716553 17.871000289917 17.8990001678467 17.9570007324219 18.0400009155273 17.9660015106201 17.9010009765625 17.8970012664795 17.9000015258789 17.8959999084473 17.859001159668 17.8500003814697 17.8229999542236 17.9060001373291 18.0139999389648 18.0220012664795 18.0340003967285 18.0860004425049 17.9970016479492 17.7880001068115 17.7140007019043 17.5590000152588 17.4440002441406 17.4450016021729 17.4790000915527 17.4950008392334 17.5280017852783 17.5440006256104 17.6300010681152 17.6790008544922 17.6690006256104 17.6230010986328 17.5420017242432 17.4300003051758 17.4230003356934 17.4690017700195 17.4020004272461 17.3250007629395 17.2920017242432 17.2730007171631 17.238000869751
-3.4e+38 -3.4e+38 -3.4e+38 -3.4e+38 -3.4e+38 -3.4e+38 17.7550010681152 17.7370014190674 17.6920013427734 17.730001449585 17.734001159668 17.8090000152588 17.9730014801025 18.0440006256104 17.988000869751 17.9020004272461 17.9190006256104 17.9110012054443 17.951000213623 17.9560012817383 17.8880004882812 17.8910007476807 17.9160003662109 17.9540004730225 18.0069999694824 18.0520000457764 18.1380004882812 18.1610012054443 18.0950012207031 18.0139999389648 17.8819999694824 17.6550006866455 17.5900001525879 17.4560012817383 17.5 17.5440006256104 17.4940013885498 17.6270008087158 17.6550006866455 17.693000793457 17.6760005950928 17.7000007629395 17.689001083374 17.6160011291504 17.5550003051758 17.5690002441406 17.5470008850098 17.5060005187988 17.4670009613037 17.4360008239746 17.4600009918213 17.4610004425049
-3.4e+38 -3.4e+38 -3.4e+38 -3.4e+38 -3.4e+38 -3.4e+38 17.9090003967285 17.8350009918213 17.8130016326904 17.7960014343262 17.8040008544922 17.8600006103516 17.935001373291 18.0310001373291 17.984001159668 17.9500007629395 17.9230003356934 17.9050006866455 17.9000015258789 17.9200000762939 17.9080009460449 17.9230003356934 17.9020004272461 17.9210014343262 17.9100017547607 17.9490013122559 17.9540004730225 17.980001449585 18.0190010070801 18.0200004577637 17.9260005950928 17.8110008239746 17.7250003814697 17.6900005340576 17.7130012512207 17.7290000915527 17.8040008544922 17.9860000610352 18.056001663208 18.0750007629395 18.0470008850098 18.0740013122559 18.0170001983643 17.9330005645752 17.8680000305176 17.7140007019043 17.6550006866455 17.6240005493164 17.6319999694824 17.5970001220703 17.6370010375977 17.6510009765625
-3.4e+38 -3.4e+38 -3.4e+38 -3.4e+38 -3.4e+38 -3.4e+38 17.9740009307861 17.9280014038086 17.8640003204346 17.8340015411377 17.8720016479492 17.9160003662109 17.9560012817383 18.0080013275146 18.0220012664795 18.0190010070801 17.996000289917 17.9740009307861 17.9690017700195 17.9200000762939 17.9040012359619 17.9450016021729 17.9270000457764 17.9479999542236 17.9600009918213 17.9790000915527 18.0040016174316 18.0150012969971 18.0250015258789 18.0139999389648 17.9150009155273 17.8850002288818 17.8740005493164 17.8680000305176 17.8040008544922 17.814001083374 17.9000015258789 18.0870018005371 18.0830001831055 18.1540012359619 18.1600017547607 18.1300010681152 18.0799999237061 18.0050010681152 17.976001739502 17.8850002288818 17.9010009765625 17.8540000915527 17.8340015411377 17.7700004577637 17.7490005493164 17.7610015869141
