layers/vpdmax11.asc
NCOLS 421 
NROWS 354 
XLLCORNER -106.645833332895 
YLLCORNER 25.8541666666667 
CELLSIZE 0.0416666666669039 
NODATA_value -3.4e+38 
[rows 23 to 45 of 354, columns 156 to 207 of 421]
17.8410015106201 17.8980007171631 17.9830017089844 18.0960006713867 18.0780010223389 18.1310005187988 18.1640014648438 18.2170009613037 18.3080005645752 18.2550010681152 18.1830005645752 18.193000793457 18.2110004425049 18.25 18.3229999542236 18.4230003356934 18.4790000915527 18.3010005950928 18.2390003204346 18.1950016021729 18.0700016021729 17.8900012969971 17.7400016784668 17.7190017700195 17.7200012207031 17.6520004272461 17.556001663208 17.5910015106201 17.7049999237061 17.5740013122559 17.5400009155273 17.4490013122559 17.3000011444092 17.238000869751 17.1450004577637 16.9930000305176 16.8850002288818 16.8340015411377 16.6710014343262 16.5830001831055 16.4850006103516 16.5060005187988 16.4029998779297 16.3780002593994 16.3150005340576 16.2180004119873 16.2020015716553 16.25 16.2610015869141 16.2490005493164 16.2600002288818 16.2310009002686
18.1470012664795 18.1200008392334 18.1300010681152 18.2190017700195 18.2350006103516 18.3020000457764 18.2890014648438 18.3020000457764 18.2900009155273 18.2910003662109 18.3580017089844 18.4010009765625 18.4200000762939 18.5139999389648 18.6620006561279 18.7310009002686 18.7130012512207 18.6430015563965 18.5950012207031 18.5510005950928 18.4180011749268 18.2430000305176 18.0920009613037 17.9530010223389 17.8980007171631 17.8800010681152 17.8000011444092 17.8210010528564 17.9250011444092 17.8090000152588 17.7470016479492 17.6270008087158 17.4780006408691 17.2980003356934 17.1500015258789 17.1240005493164 16.9300003051758 16.855001449585 16.8400001525879 16.8240013122559 16.7639999389648 16.6710014343262 16.57200050354 16.488000869751 16.5100002288818 16.4980010986328 16.617000579834 16.6310005187988 16.7040004730225 16.6650009155273 16.4050006866455 16.359001159668
18.1450004577637 18.1380004882812 18.1990013122559 18.2740001678467 18.3780002593994 18.4660015106201 18.492000579834 18.5840015411377 18.5790004730225 18.605001449585 18.6690006256104 18.7410011291504 18.826000213623 18.7970008850098 18.7730007171631 18.8560009002686 18.8380012512207 18.8950004577637 18.9640007019043 18.9210014343262 18.7160015106201 18.5170001983643 18.371000289917 18.2639999389648 18.2250003814697 18.1979999542236 18.1610012054443 18.0590000152588 18.0030002593994 18.0190010070801 17.8470001220703 17.8150005340576 17.6610012054443 17.431001663208 17.2610015869141 17.1500015258789 17.0840015411377 17.0470008850098 17.0550003051758 16.9050006866455 16.8340015411377 16.8110008239746 16.7520008087158 16.6950016021729 16.7310009002686 16.7990016937256 16.8910007476807 17 17.0490016937256 17.0420017242432 16.7920017242432 16.5170001983643
18.3050003051758 18.3250007629395 18.2990016937256 18.3880004882812 18.5069999694824 18.6110000610352 18.6690006256104 18.7370014190674 18.7540016174316 18.7639999389648 18.8920001983643 18.9400005340576 18.9340000152588 18.9050006866455 19.0220012664795 19.238000869751 19.3690013885498 19.4420013427734 19.3300018310547 19.2510013580322 19.0060005187988 18.7590007781982 18.6260013580322 18.484001159668 18.451000213623 18.439001083374 18.3850002288818 18.2680015563965 18.32200050354 18.2790012359619 18.2590007781982 18.185001373291 17.9490013122559 17.742000579834 17.5670013427734 17.4500007629395 17.326000213623 17.1610012054443 17.0900001525879 16.9500007629395 16.855001449585 16.8150005340576 16.8340015411377 16.8600006103516 16.8690013885498 16.9600009918213 17.189001083374 17.2810001373291 17.3540000915527 17.3430004119873 17.1410007476807 16.8200016021729
18.3970012664795 18.4340000152588 18.4620018005371 18.5820007324219 18.6979999542236 18.7450008392334 18.8270015716553 18.8680000305176 18.9220008850098 19.1030006408691 19.1380004882812 19.2040004730225 19.2710018157959 19.3150005340576 19.4810009002686 19.6790008544922 19.9640007019043 19.9870014190674 19.9270000457764 19.810001373291 19.5160007476807 19.1650009155273 18.9850006103516 18.855001449585 18.7940006256104 18.7090015411377 18.7140007019043 18.6830005645752 18.605001449585 18.4810009002686 18.4549999237061 18.2220001220703 18.0500011444092 17.8570003509521 17.8030014038086 17.7540016174316 17.6840000152588 17.5410003662109 17.4120006561279 17.1690006256104 16.9990005493164 16.9280014038086 16.9190006256104 16.9409999847412 16.9689998626709 17.1690006256104 17.3460006713867 17.5820007324219 17.6590003967285 17.5520000457764 17.4110012054443 17.2160015106201
18.4740009307861 18.4950008392334 18.6240005493164 18.7390003204346 18.8690013885498 18.984001159668 19.0080013275146 19.1670017242432 19.1610012054443 19.2200012207031 19.2650012969971 19.3760013580322 19.4580001831055 19.5320014953613 19.7600002288818 19.9290008544922 20.2110004425049 20.4660015106201 20.3730010986328 20.1370010375977 19.7990016937256 19.5030002593994 19.3000011444092 19.105001449585 19.1000003814697 18.8890018463135 18.7470016479492 18.6470012664795 18.6340007781982 18.6410007476807 18.6150016784668 18.4950008392334 18.3570003509521 18.1830005645752 17.8930015563965 17.8280010223389 17.8050003051758 17.7410011291504 17.6240005493164 17.4100017547607 17.3070011138916 17.2410011291504 17.1260013580322 17.0950012207031 17.0869998931885 17.1880016326904 17.3150005340576 17.4050006866455 17.5620002746582 17.7600002288818 17.8440017700195 17.7230014801025
18.6680011749268 18.7190017700195 18.8300018310547 18.9610004425049 18.9850006103516 19.1420001983643 19.1500015258789 19.3270015716553 19.3600006103516 19.3540000915527 19.3860015869141 19.4700012207031 19.5700016021729 19.6980018615723 19.8800010681152 19.9500007629395 20.0860004425049 20.2130012512207 20.0200004577637 19.8770008087158 19.6610012054443 19.4900016784668 19.2569999694824 19.1000003814697 19.0930004119873 18.7510013580322 18.7440013885498 18.7350006103516 18.7790012359619 18.7350006103516 18.6680011749268 18.5740013122559 18.5170001983643 18.4000015258789 18.3270015716553 18.1710014343262 18.0530014038086 18.0620002746582 18.0160007476807 17.8940010070801 17.7709999084473 17.746000289917 17.5400009155273 17.4640007019043 17.4619998931885 17.3830013275146 17.4220008850098 17.4930000305176 17.5729999542236 17.5630016326904 17.5250015258789 17.6590003967285
18.7750015258789 18.8970012664795 18.9810009002686 19.0330009460449 19.0930004119873 19.0180015563965 19.0920009613037 19.1450004577637 19.230001449585 19.2790012359619 19.3190002441406 19.3490009307861 19.3740005493164 19.4240016937256 19.4770011901855 19.4890003204346 19.5050010681152 19.605001449585 19.3970012664795 19.4820003509521 19.3819999694824 19.3240013122559 19.1020011901855 19.1510009765625 19.0020008087158 18.7070007324219 18.7060012817383 18.7210006713867 18.7900009155273 18.8610000610352 18.6650009155273 18.6690006256104 18.6290016174316 18.6400012969971 18.5750007629395 18.5130004882812 18.3690013885498 18.2690010070801 18.2290000915527 18.1760005950928 18.1470012664795 18.1140003204346 18.0799999237061 17.9340000152588 17.8080005645752 17.8570003509521 17.7780017852783 17.6760005950928 17.685001373291 17.6230010986328 17.5480003356934 17.4590015411377
18.7940006256104 18.8740005493164 18.9550018310547 18.9740009307861 18.9420013427734 19.0470008850098 19.1560001373291 19.0220012664795 19.1030006408691 19.2290000915527 19.1690006256104 19.2270011901855 19.2310009002686 19.1560001373291 19.1000003814697 19.0290012359619 19.0320014953613 18.9550018310547 18.8860015869141 19 19.0350017547607 19.1200008392334 19.0150012969971 18.9590015411377 18.9070014953613 18.7250003814697 18.6950016021729 18.75 18.8290004730225 18.8740005493164 18.7670001983643 18.7639999389648 18.7080001831055 18.701000213623 18.6780014038086 18.6520004272461 18.5370006561279 18.3990001678467 18.3900012969971 18.3330001831055 18.3990001678467 18.306001663208 18.2639999389648 18.2690010070801 18.1260013580322 18.1120014190674 18.2040004730225 18.1600017547607 18.0580005645752 17.9780006408691 17.8980007171631 17.6580009460449
18.8990001678467 18.9330005645752 18.9020004272461 18.9520015716553 18.9940013885498 19.0460014343262 19.1370010375977 19.1000003814697 19.0930004119873 19.1270008087158 19.1400012969971 19.1240005493164 19.0650005340576 18.9160003662109 18.7650012969971 18.6730003356934 18.5430011749268 18.3250007629395 18.2280006408691 18.4040012359619 18.6100006103516 18.7890014648438 18.826000213623 18.8460006713867 18.8040008544922 18.7610015869141 18.8310012817383 18.867000579834 18.8650016784668 18.9070014953613 18.9570007324219 18.9010009765625 18.7700004577637 18.693000793457 18.7170009613037 18.7550010681152 18.5980014801025 18.5420017242432 18.5900001525879 18.4910011291504 18.4900016784668 18.5780010223389 18.6140003204346 18.4940013885498 18.5210018157959 18.5380001068115 18.5330009460449 18.5650005340576 18.6270008087158 18.5410003662109 18.2639999389648 18.064001083374
19.0400009155273 19.0620002746582 19.0750007629395 19.0840015411377 19.1820011138916 19.2660007476807 19.2290000915527 19.2580013275146 19.3190002441406 19.2830009460449 19.2820014953613 19.2760009765625 19.2190017700195 19.0960006713867 18.871000289917 18.5810012817383 18.3610000610352 18.3560009002686 18.2800006866455 18.4300003051758 18.6490001678467 18.851001739502 18.9890003204346 19.1070003509521 19.1110000610352 19.0770015716553 19.0900001525879 19.0550003051758 19.0820007324219 19.0970001220703 19.0430011749268 19.0650005340576 19.0980014801025 18.9890003204346 18.855001449585 18.7160015106201 18.8150005340576 18.8970012664795 18.7660007476807 18.7310009002686 18.7800006866455 18.8390007019043 18.8740005493164 18.8880004882812 18.9220008850098 18.931001663208 18.9740009307861 18.9680004119873 18.9540004730225 18.8930015563965 18.8880004882812 18.69700050354
19.2180004119873 19.2200012207031 19.2640018463135 19.3660011291504 19.439001083374 19.4940013885498 19.5550003051758 19.4930000305176 19.4600009918213 19.4780006408691 19.3880004882812 19.4340000152588 19.4520015716553 19.4110012054443 19.1880016326904 18.8990001678467 18.7190017700195 18.7150001525879 18.7850017547607 18.8380012512207 18.9300003051758 19.0380001068115 19.0690002441406 19.0830001831055 19.0450000762939 19.0800018310547 19.1650009155273 19.2820014953613 19.2480010986328 19.246000289917 19.2000007629395 19.1440010070801 19.1770000457764 19.1820011138916 19.109001159668 19.0780010223389 19.0350017547607 19.0220012664795 19.0140018463135 18.9660015106201 19.0750007629395 19.1820011138916 19.2230014801025 19.2120018005371 19.1720008850098 19.1800003051758 19.1550006866455 19.056001663208 19.2180004119873 19.1390018463135 19.0590000152588 19.2540016174316
19.3790016174316 19.4570007324219 19.4740009307861 19.5500011444092 19.6290016174316 19.6760005950928 19.7160015106201 19.701000213623 19.6700000762939 19.625 19.6320018768311 19.6480007171631 19.6700000762939 19.6920013427734 19.5740013122559 19.3570003509521 19.2110004425049 19.1500015258789 19.2690010070801 19.3560009002686 19.4490013122559 19.6350002288818 19.7190017700195 19.6030006408691 19.484001159668 19.3000011444092 19.3210010528564 19.3450012207031 19.4990005493164 19.4400005340576 19.3420009613037 19.3560009002686 19.3420009613037 19.3660011291504 19.3090000152588 19.1909999847412 19.1040000915527 19.1040000915527 19.1560001373291 19.1370010375977 19.2450008392334 19.2250003814697 19.2880001068115 19.3300018310547 19.2940006256104 19.3000011444092 19.2750015258789 19.1909999847412 19.2650012969971 19.117000579834 19.1400012969971 19.1870002746582
19.4520015716553 19.5240001678467 19.5840015411377 19.6290016174316 19.7240009307861 19.8040008544922 19.9060001373291 19.8840007781982 19.8320007324219 19.814001083374 19.8040008544922 19.7930011749268 19.7570018768311 19.7030010223389 19.6430015563965 19.6790008544922 19.6220016479492 19.6260013580322 19.6710014343262 19.7450008392334 19.7580013275146 19.9090003967285 20.0050010681152 19.8290004730225 19.9050006866455 19.8110008239746 19.7170009613037 19.6240005493164 19.556001663208 19.6500015258789 19.7330017089844 19.5580005645752 19.4790000915527 19.4740009307861 19.3800010681152 19.3290004730225 19.2600002288818 19.2110004425049 19.1750011444092 19.1740016937256 19.2450008392334 19.2540016174316 19.2690010070801 19.3080005645752 19.5380001068115 19.6360015869141 19.4900016784668 19.4060001373291 19.1240005493164 19.1530017852783 19.2650012969971 19.3400001525879
19.4890003204346 19.488000869751 19.5800018310547 19.6950016021729 19.7590007781982 19.8400001525879 19.8950004577637 19.9040012359619 19.9190006256104 19.9370002746582 19.9240016937256 19.9290008544922 19.8470001220703 19.601001739502 19.576000213623 19.6620006561279 19.6660003662109 19.6990013122559 19.7370014190674 19.7690010070801 19.7730007171631 19.7170009613037 19.7150001525879 19.6650009155273 19.8940010070801 19.984001159668 20.0190010070801 19.9790000915527 19.8950004577637 19.931001663208 19.8470001220703 19.8780002593994 19.6570014953613 19.568000793457 19.4650001525879 19.3880004882812 19.3570003509521 19.2860012054443 19.234001159668 19.2320003509521 19.2210006713867 19.2880001068115 19.2840003967285 19.4400005340576 19.5940017700195 19.855001449585 19.9640007019043 19.9270000457764 19.7730007171631 19.7610015869141 19.6710014343262 19.7760009765625
19.5130004882812 19.5530014038086 19.7000007629395 19.7730007171631 19.8600006103516 19.9080009460449 19.9300003051758 19.9500007629395 19.9600009918213 20.0030002593994 20.0120010375977 19.9990005493164 19.9070014953613 19.7920017242432 19.7430000305176 19.6870002746582 19.7760009765625 19.8980007171631 20 20.0370006561279 20.0150012969971 19.9490013122559 19.8580017089844 19.6940002441406 19.7540016174316 19.9980010986328 20.105001449585 20.1030006408691 20.0770015716553 19.9990005493164 19.8470001220703 19.8500003814697 19.7830009460449 19.5690002441406 19.4220008850098 19.2930011749268 19.2700004577637 19.2100009918213 19.2090015411377 19.230001449585 19.2220001220703 19.1980018615723 19.3150005340576 19.4700012207031 19.5510005950928 19.7860012054443 19.8790016174316 19.863000869751 19.9820003509521 20.0190010070801 20.0030002593994 19.9820003509521
19.6220016479492 19.6440010070801 19.7710018157959 19.8250007629395 19.875 19.9490013122559 19.988000869751 20.0890007019043 20.1570014953613 20.1390018463135 20.117000579834 20.0950012207031 20.0310001373291 20.0060005187988 19.9870014190674 19.9580001831055 20.0290012359619 20.1410007476807 20.2540016174316 20.2930011749268 20.2790012359619 20.1610012054443 20.0530014038086 19.9870014190674 20.0510005950928 19.9810009002686 20.1000003814697 20.1300010681152 20.1950016021729 20.0050010681152 19.8790016174316 19.8240013122559 19.7160015106201 19.5910015106201 19.4870014190674 19.3580017089844 19.3380012512207 19.2770004272461 19.2660007476807 19.2430000305176 19.2280006408691 19.2110004425049 19.2780017852783 19.3200016021729 19.5400009155273 19.7250003814697 19.7590007781982 19.7290000915527 19.9210014343262 19.9900016784668 19.943000793457 19.8250007629395
19.8070011138916 19.8200016021729 19.9230003356934 19.9640007019043 19.9670009613037 19.9900016784668 20.101001739502 20.1780014038086 20.2940006256104 20.4080009460449 20.3720016479492 20.2310009002686 20.1900005340576 20.1420001983643 20.1430015563965 20.1190013885498 20.2860012054443 20.4460010528564 20.5110015869141 20.5350017547607 20.4120006561279 20.2320003509521 20.1580009460449 20.1420001983643 20.1550006866455 20.0700016021729 20.0480003356934 20.0800018310547 19.9930000305176 19.7600002288818 19.4940013885498 19.480001449585 19.488000869751 19.3880004882812 19.1690006256104 19.2150001525879 19.3030014038086 19.3030014038086 19.3290004730225 19.2940006256104 19.2960014343262 19.2650012969971 19.2940006256104 19.3090000152588 19.4270000457764 19.5260009765625 19.4300003051758 19.5840015411377 19.8020000457764 19.8040008544922 19.6790008544922 19.6440010070801
20.0790004730225 20.0820007324219 20.1080017089844 20.1710014343262 20.1920013427734 20.2640018463135 20.3600006103516 20.4890003204346 20.6710014343262 20.7310009002686 20.6520004272461 20.5460014343262 20.3910007476807 20.2900009155273 20.2850017547607 20.3190002441406 20.4460010528564 20.609001159668 20.6700000762939 20.8330001831055 20.4690017700195 20.1340007781982 20.1600017547607 20.0690002441406 20.0800018310547 20.064001083374 20.0690002441406 19.980001449585 19.8440017700195 19.5500011444092 19.435001373291 19.4750003814697 19.4000015258789 19.2290000915527 18.8520011901855 19.0440006256104 19.2150001525879 19.2740001678467 19.3530006408691 19.4480018615723 19.3930015563965 19.4409999847412 19.3960018157959 19.355001449585 19.3850002288818 19.3819999694824 19.2200012207031 19.226001739502 19.3300018310547 19.5200004577637 19.3640003204346 19.5910015106201
20.4700012207031 20.44700050354 20.5020008087158 20.4850006103516 20.480001449585 20.5180015563965 20.6610012054443 20.8000011444092 20.8880004882812 20.9190006256104 20.8850002288818 20.8040008544922 20.6650009155273 20.5410003662109 20.5410003662109 20.5580005645752 20.6640014648438 20.7370014190674 20.689001083374 20.7020015716553 20.3560009002686 20.0900001525879 20.1460018157959 20.1160011291504 20.1230010986328 20.1370010375977 20.109001159668 19.9990005493164 19.8400001525879 19.6360015869141 19.4680004119873 19.4670009613037 19.4200000762939 19.2190017700195 19.1450004577637 19.2240009307861 19.3610000610352 19.4500007629395 19.5880012512207 19.6140003204346 19.4860000610352 19.5330009460449 19.5820007324219 19.4520015716553 19.4400005340576 19.3440017700195 19.0460014343262 19.109001159668 19.4060001373291 19.3520011901855 19.2920017242432 19.5550003051758
20.8050003051758 20.7470016479492 20.7860012054443 20.8840007781982 20.8780002593994 20.8620014190674 20.9100017547607 20.9650001525879 21.0430011749268 21.0340003967285 20.9650001525879 20.9200000762939 20.8790016174316 20.6750011444092 20.6040000915527 20.6260013580322 20.7040004730225 20.7630004882812 20.7490005493164 20.6830005645752 20.5300006866455 20.3560009002686 20.2880001068115 20.3020000457764 20.314001083374 20.2750015258789 20.2410011291504 20.1340007781982 19.9940013885498 19.875 19.6660003662109 19.5230007171631 19.4590015411377 19.443000793457 19.4990005493164 19.5950012207031 19.6580009460449 19.689001083374 19.7370014190674 19.730001449585 19.6430015563965 19.5860004425049 19.6200008392334 19.5700016021729 19.4720001220703 19.3580017089844 19.2750015258789 19.3050003051758 19.3680000305176 19.4150009155273 19.3490009307861 19.5130004882812
21.1250019073486 21.177001953125 21.1790008544922 21.181001663208 21.2220001220703 21.238000869751 21.242000579834 21.2760009765625 21.2800006866455 21.2960014343262 21.2640018463135 21.1590003967285 21.1320018768311 21.0470008850098 20.976001739502 20.8840007781982 20.8640003204346 20.8050003051758 20.8090019226074 20.7390003204346 20.6080017089844 20.5450000762939 20.4890003204346 20.4590015411377 20.4680004119873 20.4100017547607 20.3540000915527 20.310001373291 20.1680011749268 20.0340003967285 19.8450012207031 19.8410015106201 19.8080005645752 19.7940006256104 19.8360004425049 19.8620014190674 19.8450012207031 19.8890018463135 19.8690013885498 19.8860015869141 19.7150001525879 19.6870002746582 19.6860008239746 19.6420001983643 19.5380001068115 19.4380016326904 19.351001739502 19.4280014038086 19.4200000762939 19.4420013427734 19.4930000305176 19.5650005340576
21.5170001983643 21.6180019378662 21.6330013275146 21.5440006256104 21.4980010986328 21.5170001983643 21.5750007629395 21.5670013427734 21.5290012359619 21.5830001831055 21.6230010986328 21.5220012664795 21.5030002593994 21.4650001525879 21.3740005493164 21.2390003204346 21.1200008392334 20.9940013885498 20.9000015258789 20.871000289917 20.8190002441406 20.8050003051758 20.7650012969971 20.7120018005371 20.6780014038086 20.6160011291504 20.5690002441406 20.5130004882812 20.4700012207031 20.3070011138916 20.2330017089844 20.2200012207031 20.1950016021729 20.1590003967285 20.1060009002686 20.07200050354 20.0550003051758 20.0360012054443 20.0270004272461 20.0470008850098 19.9370002746582 19.8170013427734 19.7290000915527 19.7070007324219 19.6020011901855 19.4240016937256 19.4280014038086 19.4660015106201 19.5480003356934 19.5540008544922 19.5450000762939 19.4770011901855
