layers/vpdmin11.asc
NCOLS 421 
NROWS 354 
XLLCORNER -106.645833332895 
YLLCORNER 25.8541666666667 
CELLSIZE 0.0416666666669039 
NODATA_value -3.4e+38 
[rows 23 to 45 of 354, columns 104 to 155 of 421]
-3.4e+38 -3.4e+38 -3.4e+38 -3.4e+38 -3.4e+38 -3.4e+38 1.0460000038147 1.03500008583069 1.03100001811981 1.0200001001358 1.02300000190735 1.01800000667572 1.01400005817413 1.01400005817413 1.00600004196167 1.00300002098083 1.00400006771088 1.00200009346008 1.00300002098083 0.994000017642975 0.994000017642975 0.992000043392181 0.994000017642975 0.99700003862381 0.991000056266785 0.989000022411346 0.974000036716461 0.965000033378601 0.951000034809113 0.941000044345856 0.936000049114227 0.941000044345856 0.944000065326691 0.946000039577484 0.951000034809113 0.960000038146973 0.964000046253204 0.949000060558319 0.948000073432922 0.952000021934509 0.975000023841858 0.978000044822693 0.98500007390976 0.989000022411346 0.993000030517578 0.990000069141388 1.01400005817413 1.03500008583069 1.057000041008 1.08100008964539 1.11000001430511 1.13500010967255
-3.4e+38 -3.4e+38 -3.4e+38 -3.4e+38 -3.4e+38 -3.4e+38 1.02600002288818 1.02700006961823 1.0220000743866 1.02600002288818 1.02300000190735 1.02500009536743 1.02400004863739 1.02400004863739 1.0200001001358 1.01500010490417 1.01300001144409 0.995000064373016 0.983000040054321 0.984000027179718 0.993000030517578 0.984000027179718 0.972000062465668 0.982000052928925 0.990000069141388 0.99700003862381 0.995000064373016 0.97900003194809 0.960000038146973 0.941000044345856 0.952000021934509 0.967000067234039 0.970000028610229 0.974000036716461 0.980000019073486 0.982000052928925 0.974000036716461 0.970000028610229 0.972000062465668 0.975000023841858 0.987000048160553 0.996000051498413 1 1 1.01700007915497 1.02500009536743 1.04000008106232 1.07100009918213 1.09100008010864 1.12100005149841 1.15100002288818 1.19600009918213
-3.4e+38 -3.4e+38 -3.4e+38 -3.4e+38 -3.4e+38 -3.4e+38 1.00400006771088 1.01700007915497 1.02400004863739 1.03400003910065 1.03299999237061 1.03800010681152 1.03800010681152 1.04000008106232 1.03600001335144 1.01700007915497 1.01400005817413 0.995000064373016 0.978000044822693 0.975000023841858 0.971000075340271 0.965000033378601 0.958000063896179 0.963000059127808 0.977000057697296 0.999000072479248 1.0090000629425 1.00999999046326 1 0.993000030517578 0.998000025749207 0.999000072479248 1.00400006771088 1.00999999046326 1.00499999523163 1.00100004673004 0.995000064373016 0.987000048160553 0.993000030517578 0.993000030517578 0.991000056266785 0.989000022411346 1.00999999046326 1.03400003910065 1.04700005054474 1.04800009727478 1.07000005245209 1.09600007534027 1.11000001430511 1.12100005149841 1.14900004863739 1.19400000572205
-3.4e+38 -3.4e+38 -3.4e+38 -3.4e+38 -3.4e+38 -3.4e+38 0.999000072479248 1.01200008392334 1.02900004386902 1.03400003910065 1.05000007152557 1.05400002002716 1.05800008773804 1.06000006198883 1.04900002479553 1.03200006484985 1.01200008392334 0.993000030517578 0.971000075340271 0.956000030040741 0.945000052452087 0.938000023365021 0.955000042915344 0.960000038146973 0.976000070571899 0.994000017642975 1.01200008392334 1.03600001335144 1.05000007152557 1.05000007152557 1.04000008106232 1.03400003910065 1.02799999713898 1.02700006961823 1.02500009536743 1.02700006961823 1.02400004863739 1.00100004673004 1.01200008392334 1.0200001001358 1.02700006961823 1.02300000190735 1.05200004577637 1.07500004768372 1.08100008964539 1.09500002861023 1.1010000705719 1.11000001430511 1.11500000953674 1.1340000629425 1.15900003910065 1.19600009918213
-3.4e+38 -3.4e+38 -3.4e+38 -3.4e+38 -3.4e+38 -3.4e+38 1.01300001144409 1.02600002288818 1.03900003433228 1.05300009250641 1.06500005722046 1.08100008964539 1.08900010585785 1.0900000333786 1.08600008487701 1.07800006866455 1.05300009250641 1.01900005340576 0.978000044822693 0.934000015258789 0.906000018119812 0.910000026226044 0.920000016689301 0.951000034809113 0.972000062465668 0.990000069141388 1.03400003910065 1.05400002002716 1.07700002193451 1.07800006866455 1.07100009918213 1.06500005722046 1.0550000667572 1.04700005054474 1.04800009727478 1.04000008106232 1.03800010681152 1.03500008583069 1.03100001811981 1.03900003433228 1.04100000858307 1.05200004577637 1.07500004768372 1.08700001239777 1.1010000705719 1.10400009155273 1.11500000953674 1.12999999523163 1.13700008392334 1.1580001115799 1.19700002670288 1.22900009155273
-3.4e+38 -3.4e+38 -3.4e+38 -3.4e+38 -3.4e+38 -3.4e+38 1.05099999904633 1.05200004577637 1.05900001525879 1.06800007820129 1.0789999961853 1.09900009632111 1.12300002574921 1.13500010967255 1.1360000371933 1.12400007247925 1.09100008010864 1.02900004386902 0.949000060558319 0.877000033855438 0.836000025272369 0.849000036716461 0.884000062942505 0.925000071525574 0.966000020503998 1.01300001144409 1.0460000038147 1.0789999961853 1.10500001907349 1.12200009822845 1.11500000953674 1.0900000333786 1.06700003147125 1.05300009250641 1.06400001049042 1.05800008773804 1.06100010871887 1.06200003623962 1.05300009250641 1.05300009250641 1.06000006198883 1.07700002193451 1.09500002861023 1.09600007534027 1.09800004959106 1.1120001077652 1.13300001621246 1.15299999713898 1.16200006008148 1.19200003147125 1.2370001077652 1.25400006771088
-3.4e+38 -3.4e+38 -3.4e+38 -3.4e+38 -3.4e+38 -3.4e+38 1.08300006389618 1.09300005435944 1.08500003814697 1.09100008010864 1.10000002384186 1.12600004673004 1.15200006961823 1.16700005531311 1.16300010681152 1.1470000743866 1.10300004482269 1.02900004386902 0.936000049114227 0.846000015735626 0.779000043869019 0.790000021457672 0.850000023841858 0.909000039100647 0.960000038146973 0.99700003862381 1.03299999237061 1.06800007820129 1.11100006103516 1.13500010967255 1.12300002574921 1.09600007534027 1.08000004291534 1.07000005245209 1.05800008773804 1.06000006198883 1.07000005245209 1.08300006389618 1.11400008201599 1.1120001077652 1.11800003051758 1.10800004005432 1.1010000705719 1.09400010108948 1.08900010585785 1.1120001077652 1.14200007915497 1.17900002002716 1.21000003814697 1.23800003528595 1.2720000743866 1.29000008106232
-3.4e+38 -3.4e+38 -3.4e+38 -3.4e+38 -3.4e+38 -3.4e+38 1.10300004482269 1.11300003528595 1.11500000953674 1.12200009822845 1.14300000667572 1.15900003910065 1.17400002479553 1.18800008296967 1.19600009918213 1.16500008106232 1.12000000476837 1.04500007629395 0.961000025272369 0.88100004196167 0.825000047683716 0.828000068664551 0.878000020980835 0.929000020027161 0.971000075340271 1.00300002098083 1.03400003910065 1.07400000095367 1.09400010108948 1.10600006580353 1.10800004005432 1.09800004959106 1.08800005912781 1.07700002193451 1.06500005722046 1.06300008296967 1.06700003147125 1.10400009155273 1.12700009346008 1.12800002098083 1.12400007247925 1.11400008201599 1.10900008678436 1.11500000953674 1.11800003051758 1.12300002574921 1.15500009059906 1.20900011062622 1.23900008201599 1.26600003242493 1.29500007629395 1.31700003147125
-3.4e+38 -3.4e+38 -3.4e+38 -3.4e+38 -3.4e+38 -3.4e+38 1.10600006580353 1.12000000476837 1.11900007724762 1.13100004196167 1.1450001001358 1.15200006961823 1.16300010681152 1.16500008106232 1.1580001115799 1.1360000371933 1.10600006580353 1.05400002002716 0.999000072479248 0.950000047683716 0.920000016689301 0.922000050544739 0.947000026702881 0.965000033378601 0.991000056266785 1.01700007915497 1.04900002479553 1.07000005245209 1.09700000286102 1.11300003528595 1.10699999332428 1.10199999809265 1.10699999332428 1.0900000333786 1.08500003814697 1.10400009155273 1.11100006103516 1.13500010967255 1.1360000371933 1.12999999523163 1.13100004196167 1.11900007724762 1.13100004196167 1.14200007915497 1.16300010681152 1.17400002479553 1.20200002193451 1.22500002384186 1.24500000476837 1.26900005340576 1.29000008106232 1.32100009918213
-3.4e+38 -3.4e+38 -3.4e+38 -3.4e+38 -3.4e+38 -3.4e+38 1.11600005626678 1.10900008678436 1.11600005626678 1.12900006771088 1.13300001621246 1.14400005340576 1.14400005340576 1.14200007915497 1.12999999523163 1.11000001430511 1.09400010108948 1.06700003147125 1.03900003433228 1.0110000371933 1.00800001621246 0.990000069141388 0.995000064373016 1.0090000629425 1.0220000743866 1.04200005531311 1.06400001049042 1.08300006389618 1.09700000286102 1.09600007534027 1.09800004959106 1.10000002384186 1.09900009632111 1.09200000762939 1.08500003814697 1.09800004959106 1.11500000953674 1.14300000667572 1.15400004386902 1.16600000858307 1.16800010204315 1.16100001335144 1.16300010681152 1.17400002479553 1.18900001049042 1.21100008487701 1.23400008678436 1.25800001621246 1.28200006484985 1.30800008773804 1.32500004768372 1.3400000333786
-3.4e+38 -3.4e+38 -3.4e+38 -3.4e+38 -3.4e+38 -3.4e+38 1.12400007247925 1.12700009346008 1.12999999523163 1.14300000667572 1.1340000629425 1.13900005817413 1.15400004386902 1.15400004386902 1.12800002098083 1.10600006580353 1.09100008010864 1.07400000095367 1.057000041008 1.0440000295639 1.03400003910065 1.03500008583069 1.03800010681152 1.0440000295639 1.05300009250641 1.057000041008 1.06800007820129 1.08700001239777 1.08600008487701 1.08400011062622 1.08400011062622 1.08100008964539 1.07400000095367 1.07100009918213 1.07400000095367 1.08500003814697 1.11600005626678 1.14400005340576 1.15500009059906 1.17000007629395 1.18700003623962 1.19600009918213 1.20000004768372 1.21300005912781 1.22800004482269 1.24900007247925 1.27900004386902 1.30800008773804 1.32700002193451 1.35600006580353 1.38500010967255 1.40200006961823
-3.4e+38 -3.4e+38 -3.4e+38 -3.4e+38 -3.4e+38 -3.4e+38 1.12999999523163 1.13900005817413 1.15000009536743 1.15100002288818 1.14800000190735 1.15600001811981 1.16000008583069 1.14900004863739 1.13800001144409 1.125 1.10600006580353 1.08800005912781 1.08000004291534 1.07200002670288 1.06100010871887 1.06500005722046 1.07400000095367 1.07200002670288 1.08300006389618 1.08400011062622 1.0789999961853 1.08100008964539 1.09700000286102 1.08900010585785 1.07500004768372 1.05900001525879 1.04300010204315 1.05000007152557 1.06800007820129 1.09400010108948 1.12800002098083 1.15500009059906 1.1800000667572 1.19900000095367 1.21100008487701 1.22400009632111 1.24000000953674 1.2590000629425 1.27400004863739 1.29500007629395 1.32500004768372 1.36400008201599 1.40000009536743 1.4190000295639 1.43500006198883 1.44900012016296
-3.4e+38 -3.4e+38 -3.4e+38 -3.4e+38 -3.4e+38 -3.4e+38 1.1450001001358 1.16500008106232 1.15700006484985 1.16500008106232 1.16700005531311 1.17400002479553 1.16800010204315 1.16200006008148 1.15200006961823 1.14800000190735 1.12999999523163 1.11000001430511 1.11000001430511 1.10400009155273 1.11400008201599 1.10699999332428 1.09300005435944 1.09500002861023 1.09700000286102 1.09900009632111 1.09600007534027 1.11600005626678 1.11600005626678 1.10500001907349 1.08100008964539 1.05300009250641 1.02300000190735 1.03200006484985 1.06900000572205 1.10400009155273 1.1360000371933 1.15500009059906 1.182000041008 1.20200002193451 1.21900010108948 1.22900009155273 1.24400007724762 1.27300000190735 1.29800009727478 1.31800007820129 1.33500003814697 1.37300002574921 1.42300009727478 1.44800007343292 1.4650000333786 1.49100005626678
-3.4e+38 -3.4e+38 -3.4e+38 -3.4e+38 -3.4e+38 -3.4e+38 1.17200005054474 1.17200005054474 1.17400002479553 1.19300007820129 1.20700001716614 1.21200001239777 1.20500004291534 1.18900001049042 1.18600010871887 1.17000007629395 1.16000008583069 1.13800001144409 1.12300002574921 1.12400007247925 1.12900006771088 1.15400004386902 1.1470000743866 1.12400007247925 1.12400007247925 1.13100004196167 1.14000010490417 1.15600001811981 1.16200006008148 1.15000009536743 1.12600004673004 1.09200000762939 1.05300009250641 1.06500005722046 1.10199999809265 1.1450001001358 1.17300009727478 1.18800008296967 1.20500004291534 1.22700011730194 1.24600005149841 1.25800001621246 1.26700007915497 1.28900003433228 1.32000005245209 1.3400000333786 1.35000002384186 1.3950001001358 1.43800008296967 1.45900011062622 1.47500002384186 1.48100006580353
-3.4e+38 -3.4e+38 -3.4e+38 -3.4e+38 -3.4e+38 -3.4e+38 1.18600010871887 1.1910001039505 1.20900011062622 1.23000001907349 1.23500001430511 1.24100005626678 1.22400009632111 1.20600008964539 1.19600009918213 1.18400001525879 1.16700005531311 1.1580001115799 1.15299999713898 1.14600002765656 1.14400005340576 1.16300010681152 1.16400003433228 1.16700005531311 1.15500009059906 1.17300009727478 1.18500006198883 1.20100009441376 1.18800008296967 1.18100011348724 1.16400003433228 1.15500009059906 1.15500009059906 1.14400005340576 1.15500009059906 1.18600010871887 1.21400010585785 1.22900009155273 1.25200009346008 1.26500010490417 1.27400004863739 1.28400003910065 1.28600001335144 1.307000041008 1.33600008487701 1.36100006103516 1.37500011920929 1.42300009727478 1.44400012493134 1.46900010108948 1.48900008201599 1.49300003051758
-3.4e+38 -3.4e+38 -3.4e+38 -3.4e+38 -3.4e+38 -3.4e+38 1.21300005912781 1.21800005435944 1.22100007534027 1.24900007247925 1.27500009536743 1.29000008106232 1.27400004863739 1.23900008201599 1.2260000705719 1.20500004291534 1.16000008583069 1.14900004863739 1.14100003242493 1.15900003910065 1.16800010204315 1.18400001525879 1.20800006389618 1.20300006866455 1.20300006866455 1.22300004959106 1.23500001430511 1.23100006580353 1.2370001077652 1.22900009155273 1.21600008010864 1.21400010585785 1.21800005435944 1.20800006389618 1.22000002861023 1.24100005626678 1.26600003242493 1.29200005531311 1.29700005054474 1.30000007152557 1.31100010871887 1.32600009441376 1.32100009918213 1.33000004291534 1.35900008678436 1.3840000629425 1.41400003433228 1.43600010871887 1.45100009441376 1.46900010108948 1.49800002574921 1.51900005340576
-3.4e+38 -3.4e+38 -3.4e+38 -3.4e+38 -3.4e+38 -3.4e+38 1.26700007915497 1.26600003242493 1.26500010490417 1.27900004386902 1.30200004577637 1.33400011062622 1.35500001907349 1.33100008964539 1.28500008583069 1.23900008201599 1.17500007152557 1.14300000667572 1.13500010967255 1.15600001811981 1.19000005722046 1.20000004768372 1.22500002384186 1.23600006103516 1.24600005149841 1.24100005626678 1.26200008392334 1.2720000743866 1.26900005340576 1.27300000190735 1.27100002765656 1.27500009536743 1.27700006961823 1.26800000667572 1.26400005817413 1.27100002765656 1.28400003910065 1.29200005531311 1.30600011348724 1.31900000572205 1.33300006389618 1.36000001430511 1.36400008201599 1.37000012397766 1.40200006961823 1.42500007152557 1.45300006866455 1.4650000333786 1.46900010108948 1.47400009632111 1.51400005817413 1.52600002288818
-3.4e+38 -3.4e+38 -3.4e+38 -3.4e+38 -3.4e+38 -3.4e+38 1.30900001525879 1.30400002002716 1.29300010204315 1.31400001049042 1.35000002384186 1.38200008869171 1.42800009250641 1.43500006198883 1.36700010299683 1.26300001144409 1.17500007152557 1.10400009155273 1.12400007247925 1.17200005054474 1.21100008487701 1.23200011253357 1.24400007724762 1.26000010967255 1.27400004863739 1.27900004386902 1.28800010681152 1.29100000858307 1.29200005531311 1.30300009250641 1.33000004291534 1.35900008678436 1.36300003528595 1.33200001716614 1.33500003814697 1.32200002670288 1.32400012016296 1.31900000572205 1.32100009918213 1.32300007343292 1.33600008487701 1.36500000953674 1.36600005626678 1.38900005817413 1.42500007152557 1.44200003147125 1.47900009155273 1.49300003051758 1.50300002098083 1.51900005340576 1.54500007629395 1.56400012969971
-3.4e+38 -3.4e+38 -3.4e+38 -3.4e+38 -3.4e+38 -3.4e+38 1.31500005722046 1.30900001525879 1.31700003147125 1.31000006198883 1.34300005435944 1.3970000743866 1.44400012493134 1.44600009918213 1.38500010967255 1.28000009059906 1.18800008296967 1.14200007915497 1.15900003910065 1.17900002002716 1.21200001239777 1.22100007534027 1.2370001077652 1.24500000476837 1.26000010967255 1.28500008583069 1.30000007152557 1.32000005245209 1.33700001239777 1.35400009155273 1.3860000371933 1.41800010204315 1.43100011348724 1.41700005531311 1.40900003910065 1.39400005340576 1.35900008678436 1.37700009346008 1.38500010967255 1.39400005340576 1.40200006961823 1.40500009059906 1.41500008106232 1.42200005054474 1.45000004768372 1.47500002384186 1.5110000371933 1.52400004863739 1.53100001811981 1.54300010204315 1.57000005245209 1.60500001907349
-3.4e+38 -3.4e+38 -3.4e+38 -3.4e+38 -3.4e+38 -3.4e+38 1.34500002861023 1.32000005245209 1.32500004768372 1.32900011539459 1.33300006389618 1.36600005626678 1.36900007724762 1.35900008678436 1.3400000333786 1.2940000295639 1.22000002861023 1.19000005722046 1.18700003623962 1.19800007343292 1.20900011062622 1.22200000286102 1.22900009155273 1.24300003051758 1.26600003242493 1.29000008106232 1.30100011825562 1.31700003147125 1.33400011062622 1.36000001430511 1.4080001115799 1.46600008010864 1.48000001907349 1.47100007534027 1.46600008010864 1.44700002670288 1.42200005054474 1.41400003433228 1.39900004863739 1.4190000295639 1.46200001239777 1.49500012397766 1.51500010490417 1.51600003242493 1.51200008392334 1.53100001811981 1.53400003910065 1.53200006484985 1.53700006008148 1.54800009727478 1.57700002193451 1.61800003051758
-3.4e+38 -3.4e+38 -3.4e+38 -3.4e+38 -3.4e+38 -3.4e+38 1.34400010108948 1.33500003814697 1.32800006866455 1.32500004768372 1.31300008296967 1.32500004768372 1.33300006389618 1.32800006866455 1.29800009727478 1.27900004386902 1.25500011444092 1.24000000953674 1.23100006580353 1.23300004005432 1.23400008678436 1.25200009346008 1.2700001001358 1.29100000858307 1.30800008773804 1.33300006389618 1.35000002384186 1.35700011253357 1.37100005149841 1.39200007915497 1.42500007152557 1.45100009441376 1.47400009632111 1.48000001907349 1.49000012874603 1.49000012874603 1.49900007247925 1.50500011444092 1.49000012874603 1.48500001430511 1.52900004386902 1.53900003433228 1.55400002002716 1.56000006198883 1.56100010871887 1.57400012016296 1.56500005722046 1.57800006866455 1.57900011539459 1.60000002384186 1.63500010967255 1.6580001115799
-3.4e+38 -3.4e+38 -3.4e+38 -3.4e+38 -3.4e+38 -3.4e+38 1.3510000705719 1.33500003814697 1.33100008964539 1.32700002193451 1.30300009250641 1.29300010204315 1.29500007629395 1.29200005531311 1.26700007915497 1.26400005817413 1.26900005340576 1.26500010490417 1.2590000629425 1.25300002098083 1.26300001144409 1.26700007915497 1.27900004386902 1.29100000858307 1.30600011348724 1.33100008964539 1.35500001907349 1.37300002574921 1.38700008392334 1.41400003433228 1.44700002670288 1.46000003814697 1.47300004959106 1.48400008678436 1.47900009155273 1.50100004673004 1.53600001335144 1.55300009250641 1.56100010871887 1.58800005912781 1.59600007534027 1.59700012207031 1.59800004959106 1.6100001335144 1.63000011444092 1.62800002098083 1.61100006103516 1.62300002574921 1.62400007247925 1.6470000743866 1.67700004577637 1.6910001039505
-3.4e+38 -3.4e+38 -3.4e+38 -3.4e+38 -3.4e+38 -3.4e+38 1.37900006771088 1.36700010299683 1.35200011730194 1.34400010108948 1.32000005245209 1.30300009250641 1.27400004863739 1.26000010967255 1.24100005626678 1.25300002098083 1.27400004863739 1.30000007152557 1.30600011348724 1.3160001039505 1.30600011348724 1.3050000667572 1.31000006198883 1.33200001716614 1.35400009155273 1.3840000629425 1.40700006484985 1.42200005054474 1.44000005722046 1.45400011539459 1.47000002861023 1.48500001430511 1.48800003528595 1.49500012397766 1.48800003528595 1.50000011920929 1.52400004863739 1.5440000295639 1.55400002002716 1.57200002670288 1.59300005435944 1.61900007724762 1.62900006771088 1.64000010490417 1.6450001001358 1.65000009536743 1.64600002765656 1.65300011634827 1.66500008106232 1.67600011825562 1.69800007343292 1.69400012493134
