layers/vpdmin11.asc
NCOLS 421 
NROWS 354 
XLLCORNER -106.645833332895 
YLLCORNER 25.8541666666667 
CELLSIZE 0.0416666666669039 
NODATA_value -3.4e+38 
[rows 46 to 68 of 354, columns 260 to 311 of 421]
1.68500006198883 1.72500002384186 1.75700008869171 1.80000007152557 1.82400012016296 1.8600001335144 1.80000007152557 1.73600006103516 1.67400002479553 1.6340000629425 1.57000005245209 1.51000010967255 1.46200001239777 1.47300004959106 1.53700006008148 1.59200012683868 1.64300012588501 1.68900012969971 1.70400011539459 1.72400009632111 1.75400006771088 1.74400007724762 1.74500012397766 1.72500002384186 1.76600003242493 1.80900013446808 1.8050000667572 1.82200014591217 1.8050000667572 1.76900005340576 1.76000010967255 1.77300012111664 1.75000011920929 1.65900003910065 1.63800013065338 1.65900003910065 1.55400002002716 1.44900012016296 1.36900007724762 1.32100009918213 1.2700001001358 1.18300008773804 1.24100005626678 1.24000000953674 1.1800000667572 1.19200003147125 1.11100006103516 1.09300005435944 1.06200003623962 1.11600005626678 1.13900005817413 1.08300006389618
1.74900007247925 1.78400003910065 1.80100011825562 1.8160001039505 1.84500002861023 1.88200008869171 1.87200009822845 1.78900003433228 1.70500004291534 1.65000009536743 1.58000004291534 1.48900008201599 1.41100001335144 1.40300011634827 1.48500001430511 1.5660001039505 1.64100003242493 1.68300008773804 1.70900011062622 1.71600008010864 1.71200013160706 1.70900011062622 1.66400003433228 1.70000004768372 1.7150000333786 1.75500011444092 1.76400005817413 1.80100011825562 1.76000010967255 1.72300004959106 1.67900013923645 1.65000009536743 1.65700006484985 1.60600006580353 1.57900011539459 1.62100005149841 1.58000004291534 1.48900008201599 1.39600002765656 1.35900008678436 1.33600008487701 1.2260000705719 1.25400006771088 1.24400007724762 1.14900004863739 1.25200009346008 1.17700004577637 1.11600005626678 1.12100005149841 1.16000008583069 1.12300002574921 1.08700001239777
1.81000006198883 1.84900009632111 1.85000014305115 1.82900011539459 1.82800006866455 1.84100008010864 1.83600008487701 1.78700006008148 1.72400009632111 1.69000005722046 1.59500002861023 1.53600001335144 1.46000003814697 1.45200002193451 1.5090000629425 1.57600009441376 1.63500010967255 1.67000007629395 1.70500004291534 1.7150000333786 1.70500004291534 1.65300011634827 1.61600005626678 1.65500009059906 1.66500008106232 1.71400010585785 1.73800003528595 1.73600006103516 1.76800012588501 1.67900013923645 1.70200002193451 1.70600008964539 1.62800002098083 1.56000006198883 1.53200006484985 1.52700006961823 1.48800003528595 1.47900009155273 1.46800005435944 1.42500007152557 1.40000009536743 1.30800008773804 1.18100011348724 1.19300007820129 1.17599999904633 1.2150000333786 1.15600001811981 1.14900004863739 1.13700008392334 1.12999999523163 1.10400009155273 1.07400000095367
1.85700011253357 1.8970000743866 1.92000007629395 1.90700006484985 1.86500012874603 1.86400008201599 1.83300006389618 1.71300005912781 1.6560001373291 1.64400005340576 1.5900000333786 1.57700002193451 1.55300009250641 1.5550000667572 1.58400011062622 1.63700008392334 1.64900004863739 1.65200006961823 1.68100011348724 1.6800000667572 1.66700005531311 1.64200007915497 1.61100006103516 1.6470000743866 1.72500002384186 1.7590000629425 1.74100005626678 1.75600004196167 1.73300004005432 1.66100013256073 1.66000008583069 1.64900004863739 1.59700012207031 1.52700006961823 1.48500001430511 1.50300002098083 1.45500004291534 1.44000005722046 1.45200002193451 1.48900008201599 1.42400002479553 1.40700006484985 1.3160001039505 1.22900009155273 1.19900000095367 1.21600008010864 1.17300009727478 1.15299999713898 1.125 1.12400007247925 1.08600008487701 1.04000008106232
1.932000041008 1.98600006103516 2.01600003242493 1.98100006580353 1.90700006484985 1.84200012683868 1.8050000667572 1.72000002861023 1.65000009536743 1.61800003051758 1.62800002098083 1.62100005149841 1.61300003528595 1.61900007724762 1.62300002574921 1.64200007915497 1.64400005340576 1.6800000667572 1.69800007343292 1.67100012302399 1.60500001907349 1.59400010108948 1.57500004768372 1.58600008487701 1.64400005340576 1.66700005531311 1.68100011348724 1.69700002670288 1.70900011062622 1.69400012493134 1.66600012779236 1.65900003910065 1.61400008201599 1.55600011348724 1.47900009155273 1.42800009250641 1.47000002861023 1.42500007152557 1.42400002479553 1.3970000743866 1.39100003242493 1.29800009727478 1.31900000572205 1.29300010204315 1.25100004673004 1.21400010585785 1.17400002479553 1.13800001144409 1.06200003623962 1.06200003623962 1.0440000295639 1.00700008869171
1.91600012779236 1.95000004768372 1.99400007724762 1.96200013160706 1.90300011634827 1.85900008678436 1.807000041008 1.73400008678436 1.6800000667572 1.65400004386902 1.66400003433228 1.64800012111664 1.62500011920929 1.62700009346008 1.62900006771088 1.63900005817413 1.65100002288818 1.65500009059906 1.65400004386902 1.66800010204315 1.66800010204315 1.61700010299683 1.59600007534027 1.58400011062622 1.61700010299683 1.6470000743866 1.69900012016296 1.6580001115799 1.65400004386902 1.67500007152557 1.64400005340576 1.59800004959106 1.58500003814697 1.55200004577637 1.49500012397766 1.4190000295639 1.37100005149841 1.35800004005432 1.31100010871887 1.31000006198883 1.2940000295639 1.31000006198883 1.30200004577637 1.2940000295639 1.25100004673004 1.19500005245209 1.15400004386902 1.10900008678436 1.04500007629395 0.994000017642975 0.981000065803528 0.960000038146973
1.91200006008148 1.932000041008 1.94900012016296 1.91900014877319 1.87900006771088 1.84200012683868 1.80100011825562 1.74200010299683 1.71900010108948 1.69400012493134 1.68600010871887 1.66600012779236 1.65200006961823 1.66400003433228 1.66100013256073 1.65500009059906 1.64000010490417 1.66700005531311 1.69800007343292 1.68300008773804 1.67700004577637 1.67700004577637 1.61700010299683 1.65300011634827 1.61700010299683 1.65500009059906 1.70900011062622 1.66000008583069 1.69600009918213 1.65300011634827 1.65000009536743 1.62900006771088 1.61500012874603 1.5200001001358 1.47300004959106 1.44900012016296 1.41000008583069 1.42400002479553 1.42500007152557 1.42900002002716 1.40600001811981 1.37000012397766 1.35200011730194 1.29500007629395 1.24800002574921 1.19500005245209 1.14400005340576 1.10500001907349 1.02900004386902 0.946000039577484 0.904000043869019 0.954000055789948
1.88800013065338 1.89200007915497 1.91400003433228 1.88500010967255 1.85200011730194 1.82200014591217 1.78500008583069 1.76500010490417 1.71400010585785 1.70100009441376 1.67500007152557 1.66200006008148 1.66500008106232 1.67300009727478 1.66800010204315 1.65900003910065 1.66800010204315 1.71000003814697 1.72900009155273 1.71000003814697 1.69800007343292 1.68600010871887 1.66100013256073 1.62600004673004 1.62000012397766 1.65900003910065 1.6910001039505 1.6690000295639 1.67400002479553 1.6560001373291 1.62800002098083 1.62100005149841 1.59200012683868 1.61900007724762 1.55300009250641 1.51500010490417 1.50200009346008 1.4870001077652 1.46000003814697 1.46400010585785 1.4300000667572 1.40600001811981 1.38700008392334 1.32500004768372 1.25100004673004 1.18800008296967 1.14200007915497 1.10000002384186 1.02300000190735 0.928000032901764 0.891000032424927 0.905000030994415
1.90500009059906 1.92400014400482 1.90400004386902 1.87400007247925 1.85400009155273 1.82000005245209 1.79600012302399 1.77300012111664 1.73900008201599 1.70900011062622 1.68500006198883 1.67400002479553 1.6690000295639 1.67400002479553 1.68500006198883 1.70900011062622 1.70000004768372 1.69900012016296 1.70000004768372 1.72300004959106 1.74900007247925 1.72000002861023 1.71100008487701 1.68700003623962 1.63000011444092 1.62400007247925 1.6580001115799 1.62300002574921 1.65300011634827 1.62800002098083 1.65100002288818 1.62700009346008 1.59900009632111 1.5900000333786 1.58000004291534 1.56900012493134 1.56000006198883 1.51600003242493 1.47500002384186 1.46200001239777 1.44700002670288 1.42400002479553 1.39400005340576 1.35800004005432 1.29700005054474 1.23800003528595 1.17700004577637 1.10900008678436 1.03600001335144 1.00800001621246 0.939000070095062 0.906000018119812
1.93600010871887 1.93600010871887 1.91700005531311 1.89000010490417 1.85000014305115 1.81900012493134 1.82000005245209 1.78400003910065 1.7350001335144 1.70900011062622 1.68500006198883 1.66400003433228 1.66700005531311 1.67300009727478 1.68100011348724 1.67000007629395 1.66100013256073 1.68300008773804 1.68700003623962 1.68100011348724 1.71800005435944 1.71000003814697 1.69800007343292 1.70600008964539 1.69600009918213 1.63900005817413 1.60700011253357 1.63800013065338 1.66100013256073 1.62200009822845 1.62900006771088 1.6470000743866 1.58800005912781 1.56500005722046 1.56700003147125 1.57600009441376 1.56200003623962 1.53400003910065 1.51400005817413 1.49000012874603 1.46900010108948 1.45500004291534 1.41500008106232 1.38700008392334 1.32600009441376 1.28500008583069 1.23900008201599 1.1710000038147 1.11900007724762 1.06700003147125 1.05599999427795 1.00600004196167
1.95500004291534 1.95500004291534 1.92500007152557 1.88200008869171 1.85000014305115 1.82600009441376 1.81400012969971 1.78500008583069 1.73900008201599 1.70900011062622 1.6800000667572 1.68900012969971 1.67100012302399 1.65900003910065 1.65400004386902 1.64000010490417 1.66000008583069 1.66000008583069 1.69300007820129 1.69400012493134 1.68500006198883 1.6580001115799 1.63300013542175 1.62900006771088 1.59500002861023 1.60000002384186 1.59500002861023 1.61100006103516 1.61900007724762 1.63800013065338 1.62100005149841 1.64300012588501 1.60500001907349 1.57400012016296 1.56500005722046 1.57000005245209 1.57300007343292 1.57500004768372 1.57600009441376 1.557000041008 1.50800001621246 1.48400008678436 1.46400010585785 1.43400001525879 1.37900006771088 1.33700001239777 1.27800011634827 1.24700009822845 1.20200002193451 1.20700001716614 1.20000004768372 1.17300009727478
1.92400014400482 1.93400013446808 1.8970000743866 1.8600001335144 1.8510000705719 1.82500004768372 1.79900014400482 1.78400003910065 1.74500012397766 1.72400009632111 1.70900011062622 1.6690000295639 1.65000009536743 1.64300012588501 1.6360000371933 1.64100003242493 1.66200006008148 1.66700005531311 1.67200005054474 1.67500007152557 1.66700005531311 1.6910001039505 1.67300009727478 1.68300008773804 1.62800002098083 1.68400013446808 1.64600002765656 1.63800013065338 1.60000002384186 1.61100006103516 1.62900006771088 1.61900007724762 1.6340000629425 1.61900007724762 1.58800005912781 1.59400010108948 1.59900009632111 1.62400007247925 1.62000012397766 1.62000012397766 1.59400010108948 1.55100011825562 1.50600004196167 1.45000004768372 1.42600011825562 1.38200008869171 1.35000002384186 1.32600009441376 1.30200004577637 1.26700007915497 1.23600006103516 1.21300005912781
1.89200007915497 1.89900004863739 1.90200006961823 1.88500010967255 1.87100005149841 1.83800005912781 1.79900014400482 1.7720000743866 1.74500012397766 1.71300005912781 1.68700003623962 1.68300008773804 1.67600011825562 1.66500008106232 1.65900003910065 1.66700005531311 1.68800008296967 1.70000004768372 1.69800007343292 1.71000003814697 1.72500002384186 1.73000013828278 1.69500005245209 1.67600011825562 1.64300012588501 1.69200003147125 1.65900003910065 1.65400004386902 1.70500004291534 1.67700004577637 1.67400002479553 1.682000041008 1.66100013256073 1.62700009346008 1.6120001077652 1.58900010585785 1.60500001907349 1.61900007724762 1.62400007247925 1.62400007247925 1.59400010108948 1.56400012969971 1.51800012588501 1.48900008201599 1.45100009441376 1.42600011825562 1.3950001001358 1.39400005340576 1.38200008869171 1.30600011348724 1.2940000295639 1.32000005245209
1.88700008392334 1.87600004673004 1.87200009822845 1.87900006771088 1.85500013828278 1.84500002861023 1.77700006961823 1.75100004673004 1.73200011253357 1.7150000333786 1.69500005245209 1.69600009918213 1.70500004291534 1.71600008010864 1.74300003051758 1.74000012874603 1.72000002861023 1.72200012207031 1.71800005435944 1.74300003051758 1.75200009346008 1.77400004863739 1.77700006961823 1.72900009155273 1.73600006103516 1.6910001039505 1.69300007820129 1.71700012683868 1.71200013160706 1.69700002670288 1.69800007343292 1.69700002670288 1.68100011348724 1.66300010681152 1.62400007247925 1.58200001716614 1.56700003147125 1.62000012397766 1.63200008869171 1.62600004673004 1.59400010108948 1.5660001039505 1.53000009059906 1.49800002574921 1.47400009632111 1.46200001239777 1.46000003814697 1.45900011062622 1.45800006389618 1.46800005435944 1.38500010967255 1.37400007247925
1.83100008964539 1.83100008964539 1.83800005912781 1.83900010585785 1.82300007343292 1.7940000295639 1.75700008869171 1.73400008678436 1.71900010108948 1.71000003814697 1.71600008010864 1.69900012016296 1.70000004768372 1.71300005912781 1.73300004005432 1.72000002861023 1.70900011062622 1.75700008869171 1.78000009059906 1.81400012969971 1.82900011539459 1.80200004577637 1.81400012969971 1.78000009059906 1.73900008201599 1.72300004959106 1.71900010108948 1.72900009155273 1.75800013542175 1.74500012397766 1.74500012397766 1.74200010299683 1.73400008678436 1.71900010108948 1.67500007152557 1.63000011444092 1.6120001077652 1.6100001335144 1.63000011444092 1.61900007724762 1.58900010585785 1.57700002193451 1.55300009250641 1.52500009536743 1.49000012874603 1.48800003528595 1.4870001077652 1.48500001430511 1.48500001430511 1.51900005340576 1.51600003242493 1.46100008487701
1.77500009536743 1.77600014209747 1.77400004863739 1.77500009536743 1.78700006008148 1.78400003910065 1.7700001001358 1.74000012874603 1.73400008678436 1.71600008010864 1.69800007343292 1.68300008773804 1.682000041008 1.69600009918213 1.70700013637543 1.71700012683868 1.71600008010864 1.72400009632111 1.74800002574921 1.7700001001358 1.80800008773804 1.82000005245209 1.74500012397766 1.74500012397766 1.72800004482269 1.74600005149841 1.74900007247925 1.75600004196167 1.76900005340576 1.76600003242493 1.75600004196167 1.74400007724762 1.76300013065338 1.72800004482269 1.70600008964539 1.66800010204315 1.65900003910065 1.64100003242493 1.64100003242493 1.64600002765656 1.60500001907349 1.55900001525879 1.54500007629395 1.55000007152557 1.52400004863739 1.52100002765656 1.51500010490417 1.5110000371933 1.53500008583069 1.55600011348724 1.56700003147125 1.50400006771088
1.73900008201599 1.73400008678436 1.72500002384186 1.73800003528595 1.75500011444092 1.77900004386902 1.77100002765656 1.76400005817413 1.74300003051758 1.71200013160706 1.67600011825562 1.68900012969971 1.68900012969971 1.69500005245209 1.70200002193451 1.72400009632111 1.71900010108948 1.71200013160706 1.7350001335144 1.74600005149841 1.72300004959106 1.7370001077652 1.72700011730194 1.75700008869171 1.7720000743866 1.77300012111664 1.7720000743866 1.76500010490417 1.76000010967255 1.74700009822845 1.74900007247925 1.7590000629425 1.74400007724762 1.70200002193451 1.682000041008 1.66700005531311 1.66000008583069 1.66400003433228 1.66100013256073 1.65200006961823 1.61300003528595 1.57600009441376 1.55600011348724 1.54900002479553 1.53100001811981 1.51500010490417 1.5220000743866 1.52900004386902 1.54900002479553 1.57600009441376 1.53500008583069 1.45900011062622
1.67500007152557 1.67200005054474 1.67800009250641 1.70100009441376 1.73600006103516 1.75600004196167 1.76900005340576 1.77500009536743 1.7610000371933 1.72700011730194 1.71200013160706 1.70700013637543 1.71200013160706 1.7150000333786 1.72400009632111 1.72500002384186 1.73400008678436 1.77100002765656 1.7610000371933 1.75200009346008 1.78400003910065 1.83500003814697 1.88000011444092 1.86400008201599 1.85800004005432 1.84600007534027 1.84300005435944 1.83900010585785 1.83100008964539 1.79000008106232 1.76600003242493 1.7700001001358 1.7610000371933 1.73600006103516 1.71400010585785 1.67700004577637 1.70500004291534 1.72300004959106 1.71700012683868 1.67300009727478 1.64400005340576 1.58500003814697 1.57200002670288 1.55400002002716 1.5440000295639 1.54200005531311 1.53100001811981 1.51400005817413 1.52100002765656 1.54700005054474 1.53400003910065 1.47100007534027
1.62100005149841 1.61400008201599 1.63100004196167 1.66600012779236 1.71800005435944 1.73800003528595 1.75700008869171 1.77900004386902 1.77100002765656 1.7260000705719 1.69500005245209 1.70000004768372 1.68500006198883 1.67500007152557 1.68900012969971 1.72400009632111 1.74600005149841 1.7700001001358 1.77300012111664 1.7720000743866 1.79600012302399 1.83500003814697 1.83300006389618 1.86400008201599 1.89900004863739 1.91000008583069 1.90500009059906 1.88900005817413 1.85600006580353 1.81200003623962 1.80200004577637 1.79000008106232 1.77800011634827 1.76600003242493 1.74400007724762 1.75400006771088 1.71900010108948 1.71900010108948 1.69800007343292 1.67700004577637 1.64900004863739 1.59700012207031 1.55400002002716 1.56100010871887 1.5200001001358 1.5220000743866 1.49700009822845 1.49200010299683 1.48600006103516 1.49700009822845 1.47500002384186 1.47500002384186
1.58600008487701 1.56000006198883 1.58400011062622 1.63700008392334 1.67900013923645 1.71400010585785 1.73800003528595 1.75500011444092 1.76600003242493 1.74400007724762 1.71000003814697 1.70400011539459 1.70200002193451 1.69800007343292 1.69500005245209 1.72200012207031 1.74500012397766 1.76200008392334 1.76400005817413 1.7610000371933 1.74800002574921 1.8050000667572 1.85000014305115 1.88900005817413 1.93700003623962 1.96700012683868 1.96900010108948 1.94000005722046 1.89400005340576 1.82000005245209 1.8050000667572 1.80400013923645 1.78400003910065 1.77600014209747 1.80300009250641 1.79600012302399 1.7720000743866 1.73800003528595 1.70000004768372 1.66000008583069 1.65500009059906 1.60800004005432 1.56300008296967 1.54900002479553 1.53400003910065 1.53100001811981 1.49200010299683 1.4760000705719 1.44900012016296 1.45300006866455 1.46900010108948 1.46800005435944
1.61700010299683 1.58500003814697 1.59900009632111 1.65200006961823 1.68600010871887 1.72400009632111 1.7370001077652 1.75400006771088 1.76200008392334 1.74400007724762 1.70900011062622 1.69400012493134 1.70300006866455 1.70500004291534 1.70300006866455 1.71300005912781 1.73000013828278 1.7610000371933 1.76000010967255 1.75000011920929 1.77900004386902 1.8050000667572 1.8400000333786 1.89900004863739 1.94000005722046 1.97800004482269 2.00999999046326 1.97300004959106 1.92100012302399 1.86100006103516 1.83100008964539 1.80800008773804 1.807000041008 1.79700005054474 1.80200004577637 1.79700005054474 1.78200006484985 1.73900008201599 1.70400011539459 1.682000041008 1.65700006484985 1.61500012874603 1.59100008010864 1.56800007820129 1.51900005340576 1.49000012874603 1.49200010299683 1.50000011920929 1.50300002098083 1.50200009346008 1.48100006580353 1.47500002384186
1.65700006484985 1.6450001001358 1.65900003910065 1.68700003623962 1.72400009632111 1.74400007724762 1.7590000629425 1.75400006771088 1.73800003528595 1.72000002861023 1.70000004768372 1.69600009918213 1.70600008964539 1.69900012016296 1.69200003147125 1.71000003814697 1.72900009155273 1.75400006771088 1.77500009536743 1.78000009059906 1.78400003910065 1.81300008296967 1.83400011062622 1.86700010299683 1.91600012779236 1.93800008296967 1.93900012969971 1.92900013923645 1.8970000743866 1.86100006103516 1.81800007820129 1.79700005054474 1.80300009250641 1.7940000295639 1.76600003242493 1.77400004863739 1.76900005340576 1.74900007247925 1.71300005912781 1.68400013446808 1.6560001373291 1.63200008869171 1.59800004959106 1.57900011539459 1.55900001525879 1.53900003433228 1.53800010681152 1.58200001716614 1.57700002193451 1.58500003814697 1.53400003910065 1.4870001077652
1.68300008773804 1.70500004291534 1.70800006389618 1.73600006103516 1.75400006771088 1.75000011920929 1.77500009536743 1.78200006484985 1.78000009059906 1.74000012874603 1.72200012207031 1.70700013637543 1.70000004768372 1.71000003814697 1.71000003814697 1.72100007534027 1.72700011730194 1.74500012397766 1.77700006961823 1.77900004386902 1.78900003433228 1.81800007820129 1.83400011062622 1.84700012207031 1.86900007724762 1.87600004673004 1.88500010967255 1.88900005817413 1.88300013542175 1.83900010585785 1.78400003910065 1.78900003433228 1.7810001373291 1.76500010490417 1.76400005817413 1.75600004196167 1.74600005149841 1.73900008201599 1.69900012016296 1.67900013923645 1.65400004386902 1.63500010967255 1.6010000705719 1.57800006866455 1.56900012493134 1.557000041008 1.58900010585785 1.64100003242493 1.65200006961823 1.64000010490417 1.6010000705719 1.52500009536743
