layers/vpdmax9.asc
NCOLS 421 
NROWS 354 
XLLCORNER -106.645833332895 
YLLCORNER 25.8541666666667 
CELLSIZE 0.0416666666669039 
NODATA_value -3.4e+38 
[rows 23 to 45 of 354, columns 156 to 207 of 421]
16.826000213623 16.8340015411377 16.8170013427734 16.7410011291504 16.6120014190674 16.5 16.4689998626709 16.5240001678467 16.6760005950928 16.7490005493164 16.7810001373291 16.8870010375977 16.9710006713867 17.0100002288818 17.0500011444092 17.0869998931885 17.1230010986328 17.0790004730225 17.0580005645752 17.0650005340576 17.0290012359619 16.9790000915527 16.9360008239746 16.8860015869141 16.8660011291504 16.7980003356934 16.7430000305176 16.7520008087158 16.8200016021729 16.7430000305176 16.621000289917 16.4549999237061 16.3120002746582 16.2740001678467 16.2200012207031 16.0710010528564 15.9240007400513 15.8450012207031 15.6850004196167 15.5930004119873 15.496000289917 15.4570007324219 15.2590007781982 15.1230010986328 15.0150003433228 14.9210004806519 14.9130010604858 14.8910007476807 14.8930006027222 14.8720006942749 14.8690004348755 14.7960004806519
17.0080013275146 16.9600009918213 16.8950004577637 16.8680000305176 16.7610015869141 16.6720008850098 16.621000289917 16.6240005493164 16.6350002288818 16.6580009460449 16.6960010528564 16.7569999694824 16.8030014038086 16.9090003967285 16.9940013885498 17.0240001678467 17.0240001678467 17.0400009155273 16.9990005493164 16.988000869751 17.0010013580322 16.9740009307861 16.9300003051758 16.8400001525879 16.8229999542236 16.7880001068115 16.7890014648438 16.7620010375977 16.8290004730225 16.7200012207031 16.6300010681152 16.4910011291504 16.314001083374 16.125 16.0100002288818 16.0260009765625 15.8850011825562 15.7700004577637 15.7160005569458 15.6110010147095 15.5590009689331 15.4380006790161 15.2770004272461 15.1500005722046 15.0530004501343 15.0460004806519 15.0620002746582 14.992000579834 15.0430011749268 15.0160007476807 14.8300008773804 14.8100004196167
16.9240016937256 16.8369998931885 16.7960014343262 16.7550010681152 16.738000869751 16.685001373291 16.6360015869141 16.6360015869141 16.6389999389648 16.7189998626709 16.8020000457764 16.8390007019043 16.8390007019043 16.806001663208 16.7960014343262 16.8780002593994 16.8810005187988 16.951000213623 17.0300006866455 17.0050010681152 16.9549999237061 16.9610004425049 16.9120006561279 16.8790016174316 16.8990001678467 16.8740005493164 16.8000011444092 16.7860012054443 16.7330017089844 16.730001449585 16.4900016784668 16.4090003967285 16.2530002593994 16.105001449585 15.9660005569458 15.8460006713867 15.8120002746582 15.7300004959106 15.7480010986328 15.649001121521 15.5890007019043 15.5140008926392 15.3840007781982 15.2750005722046 15.2440004348755 15.2440004348755 15.2290010452271 15.2100009918213 15.1940011978149 15.1390008926392 14.992000579834 14.8190002441406
16.8430004119873 16.8030014038086 16.7350006103516 16.7560005187988 16.6540012359619 16.6000003814697 16.5950012207031 16.5950012207031 16.6150016784668 16.625 16.7210006713867 16.7480010986328 16.730001449585 16.685001373291 16.7480010986328 16.9120006561279 16.9650001525879 17.0090007781982 16.9660015106201 16.9689998626709 16.9549999237061 16.9689998626709 16.9370002746582 16.935001373291 16.9540004730225 16.9300003051758 16.9150009155273 16.8320007324219 16.8840007781982 16.7910003662109 16.7080001831055 16.576000213623 16.3860015869141 16.2720012664795 16.1400012969971 16.0470008850098 15.9200010299683 15.7810010910034 15.7160005569458 15.6580009460449 15.5700006484985 15.4350004196167 15.3840007781982 15.3360004425049 15.2990007400513 15.3800010681152 15.4590005874634 15.3840007781982 15.2980003356934 15.2490005493164 15.1730003356934 14.9610004425049
16.8400001525879 16.7390003204346 16.6800003051758 16.6590003967285 16.6290016174316 16.601001739502 16.6370010375977 16.6260013580322 16.6490001678467 16.7590007781982 16.7770004272461 16.8150005340576 16.8460006713867 16.8090000152588 16.8800010681152 16.9460010528564 17.113000869751 17.1459999084473 17.189001083374 17.0970001220703 17.0270004272461 17.0320014953613 16.9860000610352 17.0050010681152 17.0729999542236 17.0830001831055 17.1490001678467 17.1310005187988 17.0340003967285 16.8660011291504 16.7740001678467 16.5450000762939 16.359001159668 16.2530002593994 16.230001449585 16.2080001831055 16.1560001373291 16.0139999389648 15.8800010681152 15.7900009155273 15.6150007247925 15.4760007858276 15.3640003204346 15.3440008163452 15.3190011978149 15.452000617981 15.5460004806519 15.6250009536743 15.5300006866455 15.3970003128052 15.28600025177 15.1270008087158
16.8250007629395 16.7410011291504 16.7440013885498 16.7090015411377 16.6830005645752 16.6990013122559 16.6630001068115 16.7440013885498 16.730001449585 16.7740001678467 16.8070011138916 16.9000015258789 16.9180011749268 16.9320011138916 17.0460014343262 17.0290012359619 17.0960006713867 17.1350002288818 17.1260013580322 17.0960006713867 17.0300006866455 16.9580001831055 16.9290008544922 16.9150009155273 17.0490016937256 16.9720001220703 16.931001663208 16.8959999084473 16.8720016479492 16.8920001983643 16.8010005950928 16.6500015258789 16.5020008087158 16.3400001525879 16.1620006561279 16.1470012664795 16.1610012054443 16.117000579834 16.0100002288818 15.863000869751 15.7580003738403 15.6240005493164 15.4830007553101 15.359001159668 15.3250007629395 15.32200050354 15.3600006103516 15.3750009536743 15.4530010223389 15.5230007171631 15.57200050354 15.4630002975464
16.8900012969971 16.8290004730225 16.7970008850098 16.8050003051758 16.746000289917 16.7890014648438 16.7390003204346 16.7720012664795 16.8540000915527 16.8770008087158 16.9110012054443 16.9460010528564 16.943000793457 16.9900016784668 17.0200004577637 17.0100002288818 16.984001159668 16.9340000152588 16.7920017242432 16.7960014343262 16.6940002441406 16.6909999847412 16.6319999694824 16.6410007476807 16.7790012359619 16.5950012207031 16.6900005340576 16.7470016479492 16.7980003356934 16.7900009155273 16.7470016479492 16.6080017089844 16.560001373291 16.4590015411377 16.3540000915527 16.2840003967285 16.2140007019043 16.2200012207031 16.1550006866455 16.1150016784668 15.9750003814697 15.9090003967285 15.6690006256104 15.5190010070801 15.4850006103516 15.3840007781982 15.3750009536743 15.3470010757446 15.3960008621216 15.32200050354 15.2010011672974 15.278000831604
16.9100017547607 16.8800010681152 16.8120002746582 16.7800006866455 16.7760009765625 16.6990013122559 16.7440013885498 16.7820014953613 16.7569999694824 16.7690010070801 16.7950000762939 16.8000011444092 16.7660007476807 16.7310009002686 16.7000007629395 16.6100006103516 16.568000793457 16.5780010223389 16.355001449585 16.4040012359619 16.3500003814697 16.4280014038086 16.3450012207031 16.5040016174316 16.488000869751 16.3390007019043 16.431001663208 16.5450000762939 16.6389999389648 16.6960010528564 16.6420001983643 16.6150016784668 16.5820007324219 16.5490016937256 16.4530010223389 16.4060001373291 16.3050003051758 16.2779998779297 16.2930011749268 16.2709999084473 16.2170009613037 16.1319999694824 16.0360012054443 15.8840007781982 15.7310009002686 15.7040004730225 15.5800008773804 15.4020004272461 15.3430004119873 15.2000007629395 15.1180009841919 15.0420007705688
16.8250007629395 16.7830009460449 16.7630004882812 16.7130012512207 16.6400012969971 16.693000793457 16.7450008392334 16.617000579834 16.6400012969971 16.7100009918213 16.6550006866455 16.6770000457764 16.6660003662109 16.5340003967285 16.4000015258789 16.3390007019043 16.4320011138916 16.3720016479492 16.201000213623 16.0729999542236 15.9800004959106 16.0980014801025 16.105001449585 16.2400016784668 16.3050003051758 16.2250003814697 16.2730007171631 16.4240016937256 16.5440006256104 16.5869998931885 16.5750007629395 16.5349998474121 16.496000289917 16.5090007781982 16.4910011291504 16.4580001831055 16.3610000610352 16.2620010375977 16.3310012817383 16.3400001525879 16.3320007324219 16.1730003356934 16.1300010681152 16.1370010375977 15.9440011978149 15.8080005645752 15.7690010070801 15.6050004959106 15.496000289917 15.403000831604 15.3030004501343 15.0800008773804
16.7630004882812 16.7450008392334 16.681001663208 16.6700000762939 16.6529998779297 16.6540012359619 16.6690006256104 16.6140003204346 16.6080017089844 16.6200008392334 16.609001159668 16.5850009918213 16.5360012054443 16.3889999389648 16.1710014343262 16.1190013885498 16.1350002288818 16.0139999389648 15.8070011138916 15.6420011520386 15.6190004348755 15.734001159668 15.8430004119873 16.0030002593994 16.1540012359619 16.1650009155273 16.2740001678467 16.371000289917 16.439001083374 16.4870014190674 16.5069999694824 16.5190010070801 16.4580001831055 16.4220008850098 16.44700050354 16.4640007019043 16.3310012817383 16.2580013275146 16.3290004730225 16.3290004730225 16.2730007171631 16.2610015869141 16.230001449585 16.2320003509521 16.1500015258789 15.9970006942749 15.8760004043579 15.7700004577637 15.7840003967285 15.706000328064 15.439001083374 15.2170009613037
16.7920017242432 16.7790012359619 16.7110004425049 16.6690006256104 16.6590003967285 16.6680011749268 16.7100009918213 16.7250003814697 16.7400016784668 16.7000007629395 16.6710014343262 16.6750011444092 16.5990009307861 16.5139999389648 16.306001663208 16.0170001983643 15.9410009384155 15.9990005493164 15.8110008239746 15.693000793457 15.6690006256104 15.7950010299683 15.9600009918213 16.1200008392334 16.25 16.3369998931885 16.4190006256104 16.4200000762939 16.496000289917 16.4650001525879 16.4080009460449 16.4740009307861 16.5300006866455 16.4750003814697 16.4220008850098 16.3509998321533 16.3640003204346 16.3570003509521 16.2900009155273 16.2760009765625 16.2950000762939 16.2740001678467 16.2650012969971 16.2470016479492 16.1920013427734 16.1710014343262 16.1640014648438 16.0460014343262 15.9710006713867 15.8510007858276 15.7800006866455 15.5310010910034
16.7940006256104 16.7660007476807 16.7750015258789 16.7569999694824 16.7320003509521 16.7639999389648 16.8150005340576 16.7990016937256 16.7830009460449 16.7820014953613 16.7290000915527 16.7310009002686 16.6620006561279 16.617000579834 16.5220012664795 16.2540016174316 16.0250015258789 16.0980014801025 16.0980014801025 16.0050010681152 15.9600009918213 15.9980010986328 16.0610008239746 16.1009998321533 16.109001159668 16.1290016174316 16.2940006256104 16.4720001220703 16.4549999237061 16.4930000305176 16.4870014190674 16.4370002746582 16.4730014801025 16.4780006408691 16.4250011444092 16.4210014343262 16.3950004577637 16.3760013580322 16.3240013122559 16.1730003356934 16.2070007324219 16.2849998474121 16.2920017242432 16.2480010986328 16.2330017089844 16.2230014801025 16.2040004730225 16.1040000915527 16.1370010375977 16.0430011749268 15.8910007476807 15.8950004577637
16.8640003204346 16.9050006866455 16.8760013580322 16.9100017547607 16.9000015258789 16.9190006256104 16.9450016021729 16.9000015258789 16.851001739502 16.814001083374 16.7790012359619 16.742000579834 16.7330017089844 16.7470016479492 16.6599998474121 16.488000869751 16.242000579834 16.2639999389648 16.3150005340576 16.3080005645752 16.3390007019043 16.4770011901855 16.5620002746582 16.5040016174316 16.3980007171631 16.2540016174316 16.2760009765625 16.3819999694824 16.5490016937256 16.4980010986328 16.4200000762939 16.4099998474121 16.435001373291 16.4300003051758 16.3959999084473 16.367000579834 16.3490009307861 16.3480014801025 16.2920017242432 16.19700050354 16.201000213623 16.2410011291504 16.2740001678467 16.3250007629395 16.3380012512207 16.3520011901855 16.3120002746582 16.2200012207031 16.230001449585 16.0460014343262 15.9950008392334 15.8740005493164
16.8730010986328 16.8889999389648 16.9180011749268 16.9120006561279 16.9330005645752 16.9860000610352 17.0279998779297 17.0190010070801 16.9730014801025 16.8819999694824 16.7849998474121 16.7090015411377 16.5960006713867 16.5540008544922 16.5440006256104 16.5830001831055 16.5040016174316 16.4230003356934 16.4050006866455 16.431001663208 16.4290008544922 16.5520000457764 16.6380004882812 16.4990005493164 16.6550006866455 16.5900001525879 16.5290012359619 16.4900016784668 16.3959999084473 16.4520015716553 16.5799999237061 16.4440002441406 16.3580017089844 16.3889999389648 16.3299999237061 16.3050003051758 16.2510013580322 16.2180004119873 16.1900005340576 16.1370010375977 16.1190013885498 16.1500015258789 16.2170009613037 16.2690010070801 16.5040016174316 16.6260013580322 16.4980010986328 16.4130001068115 16.1480007171631 16.1030006408691 16.0900001525879 15.9860010147095
16.8500003814697 16.8240013122559 16.8570003509521 16.9070014953613 16.9440002441406 17.0090007781982 17.0410003662109 17.0120010375977 16.9540004730225 16.8850002288818 16.7870006561279 16.7180004119873 16.5820007324219 16.4280014038086 16.4099998474121 16.4540004730225 16.4140014648438 16.3560009002686 16.3410015106201 16.3430004119873 16.3290004730225 16.2790012359619 16.2970008850098 16.2770004272461 16.5 16.5630016326904 16.5740013122559 16.5770015716553 16.4900016784668 16.5190010070801 16.5180015563965 16.5690002441406 16.3830013275146 16.3120002746582 16.2470016479492 16.2049999237061 16.1800003051758 16.1300010681152 16.1140003204346 16.1570014953613 16.1450004577637 16.1610012054443 16.1880016326904 16.3310012817383 16.4759998321533 16.7090015411377 16.8159999847412 16.8150005340576 16.6960010528564 16.609001159668 16.4240016937256 16.3200016021729
16.8460006713867 16.8210010528564 16.9060001373291 16.9240016937256 16.9780006408691 17.0050010681152 17.0360012054443 17.0170001983643 16.9490013122559 16.8840007781982 16.8010005950928 16.6909999847412 16.5610008239746 16.4670009613037 16.4380016326904 16.3870010375977 16.3760013580322 16.4000015258789 16.4220008850098 16.4150009155273 16.4010009765625 16.3700008392334 16.3390007019043 16.2480010986328 16.3120002746582 16.4490013122559 16.5260009765625 16.5520000457764 16.621000289917 16.5650005340576 16.5160007476807 16.5460014343262 16.5040016174316 16.3310012817383 16.2350006103516 16.1540012359619 16.121000289917 16.0850009918213 16.105001449585 16.1360015869141 16.1200008392334 16.0740013122559 16.1490001678467 16.2370014190674 16.359001159668 16.5270004272461 16.5810012817383 16.6150016784668 16.7000007629395 16.7140007019043 16.6330013275146 16.4380016326904
16.9250011444092 16.8800010681152 16.9490013122559 16.9730014801025 17.0030002593994 17.0290012359619 17.0400009155273 17.0310001373291 16.992000579834 16.9080009460449 16.8150005340576 16.7140007019043 16.6400012969971 16.5790004730225 16.5120010375977 16.4270000457764 16.4050006866455 16.4400005340576 16.4590015411377 16.4710006713867 16.480001449585 16.4670009613037 16.4440002441406 16.3950004577637 16.4240016937256 16.3819999694824 16.5080013275146 16.576000213623 16.69700050354 16.5950012207031 16.5040016174316 16.4990005493164 16.4290008544922 16.3790016174316 16.3640003204346 16.2600002288818 16.1830005645752 16.1340007781982 16.1400012969971 16.1070003509521 16.0820007324219 16.0550003051758 16.076000213623 16.0770015716553 16.2189998626709 16.3509998321533 16.4090003967285 16.3880004882812 16.5090007781982 16.5050010681152 16.3540000915527 16.1750011444092
17.0360012054443 17.0190010070801 17.0250015258789 17.0440006256104 17.0340003967285 16.9970016479492 17.0390014648438 17.0330009460449 17.0220012664795 17.0020008087158 16.9050006866455 16.7440013885498 16.7160015106201 16.6520004272461 16.5740013122559 16.4680004119873 16.4670009613037 16.5020008087158 16.4940013885498 16.4680004119873 16.4600009918213 16.4570007324219 16.4130001068115 16.4220008850098 16.4650001525879 16.4130001068115 16.439001083374 16.5090007781982 16.488000869751 16.3600006103516 16.1950016021729 16.2240009307861 16.310001373291 16.3400001525879 16.2360000610352 16.2200012207031 16.1950016021729 16.1310005187988 16.1420001983643 16.1260013580322 16.1280002593994 16.0920009613037 16.0900001525879 16.0690002441406 16.0260009765625 16.0740013122559 15.9740009307861 16.07200050354 16.2000007629395 16.1700000762939 16.0349998474121 15.9890003204346
17.1290016174316 17.0850009918213 17.068000793457 17.0930004119873 17.0939998626709 17.1110000610352 17.1140003204346 17.1190013885498 17.1290016174316 17.1110000610352 17.0230007171631 16.9400005340576 16.7870006561279 16.6960010528564 16.6470012664795 16.568000793457 16.5470008850098 16.560001373291 16.4950008392334 16.4640007019043 16.4210014343262 16.451000213623 16.4479999542236 16.3600006103516 16.3620014190674 16.3690013885498 16.4070014953613 16.4090003967285 16.3870010375977 16.2400016784668 16.2140007019043 16.2590007781982 16.3090000152588 16.3070011138916 16.2000007629395 16.2040004730225 16.1680011749268 16.1319999694824 16.125 16.1720008850098 16.1909999847412 16.2320003509521 16.1610012054443 16.060001373291 16.0160007476807 15.9440011978149 15.778000831604 15.738000869751 15.7650003433228 15.863000869751 15.7000007629395 15.8360004425049
17.238000869751 17.2200012207031 17.2000007629395 17.185001373291 17.2040004730225 17.1940002441406 17.2170009613037 17.2000007629395 17.1690006256104 17.1350002288818 17.101001739502 17.0540008544922 16.9580001831055 16.8190002441406 16.7690010070801 16.6880016326904 16.6740016937256 16.6290016174316 16.5460014343262 16.488000869751 16.4450016021729 16.4479999542236 16.4080009460449 16.3500003814697 16.3460006713867 16.3780002593994 16.3940010070801 16.3930015563965 16.3570003509521 16.310001373291 16.2670001983643 16.2950000762939 16.2940006256104 16.2270011901855 16.2220001220703 16.230001449585 16.2270011901855 16.2049999237061 16.2370014190674 16.2520008087158 16.1860008239746 16.2210006713867 16.2280006408691 16.0840015411377 16.125 16 15.7150011062622 15.6910009384155 15.8620004653931 15.7530012130737 15.6290006637573 15.7520008087158
17.3350009918213 17.2770004272461 17.2670001983643 17.3170013427734 17.2900009155273 17.2680015563965 17.242000579834 17.2350006103516 17.2280006408691 17.1690006256104 17.0930004119873 17.060001373291 17.0180015563965 16.8439998626709 16.7250003814697 16.685001373291 16.6610012054443 16.6310005187988 16.5820007324219 16.5410003662109 16.4860000610352 16.4240016937256 16.3990001678467 16.4080009460449 16.4090003967285 16.4300003051758 16.4210014343262 16.3819999694824 16.3580017089844 16.3369998931885 16.2840003967285 16.201000213623 16.1880016326904 16.1790008544922 16.2100009918213 16.2700004577637 16.246000289917 16.2560005187988 16.2720012664795 16.2350006103516 16.2070007324219 16.1900005340576 16.2060012817383 16.2360000610352 16.2200012207031 16.0530014038086 15.9540004730225 15.8750009536743 15.859001159668 15.8090009689331 15.6710004806519 15.689001083374
17.5250015258789 17.4860000610352 17.480001449585 17.4680004119873 17.4020004272461 17.3690013885498 17.3600006103516 17.3540000915527 17.3380012512207 17.3090000152588 17.2490005493164 17.1690006256104 17.0880012512207 16.9500007629395 16.8720016479492 16.726001739502 16.6510009765625 16.6220016479492 16.6290016174316 16.6020011901855 16.5440006256104 16.5180015563965 16.5260009765625 16.5040016174316 16.4990005493164 16.4970016479492 16.480001449585 16.4689998626709 16.4010009765625 16.3500003814697 16.2580013275146 16.2820014953613 16.2470016479492 16.2580013275146 16.2950000762939 16.3000011444092 16.2940006256104 16.3290004730225 16.2810001373291 16.2620010375977 16.1920013427734 16.1820011138916 16.2660007476807 16.2790012359619 16.2250003814697 16.1660003662109 16.076000213623 16.0340003967285 15.903000831604 15.7950010299683 15.6990003585815 15.6390008926392
17.7390003204346 17.7290000915527 17.6909999847412 17.6180000305176 17.5729999542236 17.5500011444092 17.5450000762939 17.4790000915527 17.4100017547607 17.3889999389648 17.3740005493164 17.2960014343262 17.2060012817383 17.1580009460449 17.0700016021729 16.9010009765625 16.7870006561279 16.7350006103516 16.685001373291 16.6880016326904 16.6740016937256 16.6780014038086 16.6560001373291 16.6360015869141 16.6230010986328 16.6080017089844 16.5799999237061 16.5670013427734 16.5240001678467 16.4010009765625 16.375 16.3730010986328 16.355001449585 16.3600006103516 16.375 16.3500003814697 16.3480014801025 16.3159999847412 16.2840003967285 16.3110008239746 16.2680015563965 16.1900005340576 16.1900005340576 16.234001159668 16.2000007629395 16.0980014801025 16.0990009307861 16.0480003356934 15.9760007858276 15.8490009307861 15.7050008773804 15.5550003051758
