layers/vpdmax9.asc
NCOLS 421 
NROWS 354 
XLLCORNER -106.645833332895 
YLLCORNER 25.8541666666667 
CELLSIZE 0.0416666666669039 
NODATA_value -3.4e+38 
[rows 207 to 229 of 354, columns 260 to 311 of 421]
18.5360012054443 18.242000579834 17.851001739502 17.4830017089844 17.8810005187988 17.996000289917 18.2480010986328 18.2250003814697 18.6470012664795 18.4540004730225 18.1520004272461 17.7000007629395 18.2000007629395 18.2590007781982 18.8000011444092 19.3790016174316 18.8870010375977 18.2820014953613 17.9210014343262 18.3840007781982 17.7600002288818 17.8600006103516 18.3050003051758 18.0650005340576 17.9330005645752 17.9160003662109 17.9240016937256 17.7070007324219 17.7200012207031 17.9630012512207 18.0190010070801 18.0540008544922 18.2140007019043 18.2680015563965 18.3030014038086 18.2610015869141 18.3440017700195 18.4290008544922 18.4700012207031 18.4660015106201 18.5340003967285 18.5540008544922 18.6290016174316 -3.4e+38 -3.4e+38 -3.4e+38 -3.4e+38 -3.4e+38 -3.4e+38 -3.4e+38 -3.4e+38 -3.4e+38
18.5700016021729 18.3690013885498 17.443000793457 17.4730014801025 17.4400005340576 18.0120010375977 18.1350002288818 18.3990001678467 18.6900005340576 18.814001083374 18.2639999389648 18.3400001525879 18.4890003204346 18.1290016174316 18.8320007324219 19.1450004577637 19.3270015716553 18.7000007629395 18.2190017700195 18.1800003051758 18.3940010070801 18.2060012817383 17.9630012512207 17.5380001068115 17.4720001220703 17.7119998931885 17.7550010681152 17.4950008392334 17.2709999084473 17.4100017547607 17.7790012359619 18.1100006103516 18.0420017242432 18.060001373291 18.2950000762939 18.4020004272461 18.4780006408691 18.5100002288818 18.4990005493164 18.5780010223389 18.5370006561279 18.5390014648438 18.4780006408691 18.5780010223389 18.7390003204346 -3.4e+38 -3.4e+38 -3.4e+38 -3.4e+38 -3.4e+38 -3.4e+38 -3.4e+38
18.5280017852783 18.2360000610352 17.8130016326904 17.6360015869141 18.1080017089844 18.076000213623 18.0690002441406 18.2240009307861 18.6920013427734 18.8700008392334 18.4740009307861 18.6760005950928 17.9540004730225 17.8210010528564 18.1420001983643 18.5500011444092 18.5960006713867 18.7569999694824 18.7630004882812 18.5 18.3080005645752 18.2960014343262 18.0850009918213 17.8740005493164 17.8740005493164 18.0190010070801 17.7530002593994 17.4549999237061 17.1550006866455 17.6500015258789 17.9100017547607 18.109001159668 18.1610012054443 18.0820007324219 18.1450004577637 18.1900005340576 18.4040012359619 18.5020008087158 18.5700016021729 18.6100006103516 18.6319999694824 18.6120014190674 18.5729999542236 18.5310001373291 18.6490001678467 18.7700004577637 -3.4e+38 -3.4e+38 -3.4e+38 -3.4e+38 -3.4e+38 -3.4e+38
18.480001449585 18.6060009002686 18.4640007019043 17.7850017547607 17.9570007324219 18.3770008087158 18.3190002441406 18.4250011444092 18.6800003051758 18.9460010528564 18.44700050354 18.3240013122559 17.7950000762939 17.94700050354 17.9360008239746 17.3340015411377 17.5799999237061 18.238000869751 18.3860015869141 18.5700016021729 18.3320007324219 18.0370006561279 17.4500007629395 17.5280017852783 17.6580009460449 17.6230010986328 17.5270004272461 17.4010009765625 17.355001449585 17.2049999237061 17.480001449585 17.8530006408691 18.0300006866455 17.9780006408691 17.8660011291504 17.9040012359619 18.1710014343262 18.3330001831055 18.4640007019043 18.4870014190674 18.4900016784668 18.5480003356934 18.5240001678467 18.5150012969971 18.6060009002686 18.6830005645752 18.6670017242432 -3.4e+38 -3.4e+38 -3.4e+38 -3.4e+38 -3.4e+38
18.8610000610352 18.8370018005371 18.5350017547607 17.7200012207031 17.8970012664795 18.1300010681152 18.2200012207031 18.2900009155273 18.3720016479492 18.7950000762939 18.5400009155273 18.576000213623 18.2240009307861 17.8500003814697 18.1540012359619 17.7140007019043 17.1220016479492 17.4540004730225 18.1950016021729 18.3780002593994 18.3240013122559 17.8090000152588 17.6020011901855 17.3159999847412 17.3320007324219 17.3090000152588 17.4610004425049 17.2700004577637 17.2890014648438 17.117000579834 17.3650016784668 17.7810001373291 17.7620010375977 18.0150012969971 17.7670001983643 17.9140014648438 18.105001449585 18.3780002593994 18.4130001068115 18.3850002288818 18.4740009307861 18.4860000610352 18.5750007629395 18.4970016479492 18.496000289917 18.5659999847412 18.6700000762939 -3.4e+38 -3.4e+38 -3.4e+38 -3.4e+38 -3.4e+38
18.9790000915527 18.9290008544922 18.7610015869141 18.3170013427734 17.7680015563965 17.8560009002686 18.0190010070801 18.2440013885498 18.3730010986328 18.5370006561279 18.7690010070801 18.5900001525879 18.1490001678467 18.1350002288818 18.1660003662109 17.9060001373291 17.4100017547607 17.0750007629395 17.7960014343262 18.1640014648438 18.3000011444092 17.9100017547607 17.5190010070801 16.9190006256104 16.9360008239746 17.3000011444092 17.2730007171631 16.9370002746582 17.2130012512207 17.4190006256104 17.6060009002686 17.734001159668 17.7430000305176 18.0090007781982 17.9500007629395 18.064001083374 18.1030006408691 18.2850017547607 18.32200050354 18.3730010986328 18.4200000762939 18.4100017547607 18.4610004425049 18.4450016021729 18.4660015106201 18.5170001983643 18.613000869751 18.6280002593994 -3.4e+38 -3.4e+38 -3.4e+38 -3.4e+38
19.105001449585 18.9450016021729 18.7050018310547 18.2280006408691 17.9670009613037 17.5799999237061 17.6340007781982 17.9060001373291 17.6450004577637 17.7060012817383 17.7440013885498 18.5090007781982 18.5300006866455 18.2140007019043 17.7360000610352 17.6650009155273 17.7410011291504 17.6870002746582 17.5100002288818 17.9850006103516 18.2180004119873 17.8020000457764 17.3410015106201 17.3240013122559 17.1680011749268 17.2850017547607 16.8850002288818 16.6400012969971 17.0450000762939 17.0010013580322 17.0840015411377 17.5400009155273 17.7870006561279 17.8950004577637 17.9620018005371 18.068000793457 18.0220012664795 18.0659999847412 18.1540012359619 18.2540016174316 18.3310012817383 18.2060012817383 18.2190017700195 18.3600006103516 18.4070014953613 18.5 18.5540008544922 18.4600009918213 -3.4e+38 -3.4e+38 -3.4e+38 -3.4e+38
19.1540012359619 18.984001159668 18.7130012512207 18.4850006103516 18.4010009765625 17.9640007019043 17.3720016479492 17.826000213623 18.1220016479492 17.9500007629395 18.1640014648438 18.226001739502 18.4860000610352 18.2650012969971 17.9990005493164 17.7590007781982 17.8770008087158 17.5300006866455 17.484001159668 17.8020000457764 18.0550003051758 17.8870010375977 17.5240001678467 17.3500003814697 17.3700008392334 16.9680004119873 16.6389999389648 16.6630001068115 16.6550006866455 16.9450016021729 16.9770011901855 17.2520008087158 17.4860000610352 17.7920017242432 17.8790016174316 17.9830017089844 18.0540008544922 17.9770011901855 18.0360012054443 18.0920009613037 18.1190013885498 18.07200050354 18.1340007781982 18.2230014801025 18.3000011444092 18.4540004730225 18.4479999542236 18.4250011444092 -3.4e+38 -3.4e+38 -3.4e+38 -3.4e+38
19.2190017700195 19.1560001373291 18.8940010070801 18.6620006561279 18.4479999542236 18.2170009613037 18.060001373291 17.7950000762939 17.7290000915527 17.9620018005371 17.6120014190674 17.6230010986328 18.3190002441406 18.1100006103516 18.0790004730225 18.117000579834 17.8950004577637 17.6650009155273 17.7110004425049 17.734001159668 17.875 17.8850002288818 17.5550003051758 17.4750003814697 16.9590015411377 16.7490005493164 16.6750011444092 16.6400012969971 16.4990005493164 16.871000289917 17.068000793457 17.1720008850098 17.2990016937256 17.6660003662109 17.94700050354 17.9810009002686 17.9870014190674 18.0440006256104 18.0530014038086 18.0670013427734 18.0069999694824 17.9130001068115 18.1780014038086 18.2990016937256 18.3430004119873 18.4260005950928 18.5100002288818 18.5850009918213 -3.4e+38 -3.4e+38 -3.4e+38 -3.4e+38
19.1220016479492 19.1080017089844 18.9290008544922 18.3900012969971 18.4340000152588 18.3540000915527 17.9750003814697 17.6140003204346 17.6140003204346 17.4970016479492 17.480001449585 17.4830017089844 17.9540004730225 18.2000007629395 18.2890014648438 18.3650016784668 18.0980014801025 17.734001159668 17.8210010528564 17.5890007019043 17.7370014190674 17.871000289917 17.576000213623 17.5320014953613 17.1150016784668 17.0890007019043 16.9670009613037 16.8760013580322 16.5950012207031 16.9060001373291 17.0610008239746 17.1650009155273 17.0150012969971 17.4200000762939 17.7880001068115 17.8650016784668 17.9180011749268 17.9810009002686 17.9580001831055 17.9190006256104 17.8530006408691 17.7440013885498 17.9440002441406 18.1470012664795 18.3650016784668 18.5 18.5040016174316 18.625 -3.4e+38 -3.4e+38 -3.4e+38 -3.4e+38
18.988000869751 19.2030010223389 19.0650005340576 18.7090015411377 18.1790008544922 18.1630001068115 17.7940006256104 17.6340007781982 17.6430015563965 17.6100006103516 17.6830005645752 17.8850002288818 17.939001083374 18.0590000152588 17.7540016174316 17.9710006713867 18.1800003051758 17.7580013275146 17.6750011444092 17.6150016784668 17.5650005340576 17.7220001220703 17.8110008239746 17.6389999389648 17.5200004577637 17.5209999084473 17.2550010681152 17.2190017700195 17.0960006713867 17.105001449585 17.3810005187988 17.2709999084473 17.351001739502 17.371000289917 17.7450008392334 17.8020000457764 17.8959999084473 17.9190006256104 17.605001449585 17.6800003051758 17.8530006408691 17.8959999084473 18.113000869751 18.0530014038086 18.2639999389648 18.5010013580322 18.5950012207031 18.6460018157959 -3.4e+38 -3.4e+38 -3.4e+38 -3.4e+38
18.9520015716553 19.25 19.1550006866455 18.7320003509521 18.5270004272461 18.0139999389648 17.9020004272461 17.609001159668 17.6290016174316 17.8690013885498 17.9690017700195 17.9740009307861 17.75 17.8270015716553 17.7650012969971 17.8320007324219 18.068000793457 17.9210014343262 17.7950000762939 17.726001739502 17.5440006256104 17.5380001068115 17.7780017852783 17.9230003356934 17.9450016021729 17.9600009918213 17.6920013427734 17.5300006866455 17.4370002746582 17.5209999084473 17.6240005493164 17.5030002593994 17.5220012664795 17.5150012969971 17.7639999389648 17.8580017089844 17.8920001983643 17.8210010528564 17.6870002746582 17.8390007019043 18.0450000762939 18.1380004882812 18.2190017700195 18.1430015563965 18.3310012817383 18.3790016174316 18.6310005187988 18.7450008392334 18.6460018157959 18.6710014343262 -3.4e+38 -3.4e+38
18.8540000915527 19.2330017089844 19.1450004577637 18.9110012054443 18.2700004577637 17.8270015716553 17.7600002288818 17.7830009460449 17.7030010223389 17.5650005340576 17.6180000305176 17.6450004577637 17.5150012969971 17.6780014038086 17.8650016784668 17.9479999542236 17.8920001983643 17.9590015411377 17.9110012054443 17.8299999237061 17.6770000457764 17.6750011444092 17.613000869751 17.5620002746582 17.7900009155273 18.105001449585 18.2000007629395 18.0350017547607 17.9490013122559 17.9340000152588 17.7470016479492 17.7550010681152 17.7630004882812 17.5700016021729 17.6940002441406 17.9450016021729 17.7560005187988 17.7090015411377 17.5190010070801 17.8990001678467 17.9910011291504 17.8410015106201 18.0970001220703 18.2200012207031 18.435001373291 18.5200004577637 18.6990013122559 18.8240013122559 18.7230014801025 18.6860008239746 -3.4e+38 -3.4e+38
18.9700012207031 19.2470016479492 19.189001083374 19.0310001373291 18.4680004119873 18.3430004119873 18.1920013427734 17.8740005493164 17.5450000762939 17.4610004425049 17.4080009460449 17.4790000915527 17.6710014343262 17.8990001678467 17.7620010375977 17.6500015258789 17.6990013122559 17.7040004730225 17.8889999389648 17.9610004425049 17.9000015258789 17.9050006866455 17.7750015258789 17.57200050354 17.6520004272461 17.8650016784668 18.0450000762939 18.2530002593994 18.1909999847412 18.1740016937256 18.1710014343262 18.0950012207031 17.9490013122559 17.8380012512207 17.7950000762939 17.9120006561279 17.8200016021729 17.7860012054443 17.7350006103516 17.8900012969971 17.9110012054443 17.996000289917 18.0150012969971 18.2220001220703 18.3570003509521 18.5790004730225 18.7060012817383 18.7950000762939 18.8130016326904 18.7800006866455 18.681001663208 -3.4e+38
18.8610000610352 18.9850006103516 19.1360015869141 19.1110000610352 18.5670013427734 18.310001373291 18.1300010681152 17.9440002441406 17.8290004730225 17.734001159668 17.5310001373291 17.4970016479492 17.5700016021729 17.6260013580322 17.6230010986328 17.7730007171631 17.6870002746582 17.7430000305176 17.7750015258789 17.8070011138916 18.2190017700195 18.2430000305176 17.9560012817383 18.0120010375977 18.0020008087158 18.0340003967285 18.2770004272461 18.3270015716553 18.1870002746582 18.2670001983643 18.1990013122559 18.2100009918213 18.1950016021729 17.9740009307861 17.7150001525879 18.0300006866455 17.8889999389648 17.8200016021729 17.7610015869141 18.060001373291 18.0740013122559 18.1150016784668 18.1080017089844 18.2020015716553 18.4120006561279 18.5930004119873 18.6020011901855 18.6940002441406 18.8310012817383 18.8920001983643 18.7350006103516 -3.4e+38
18.8280010223389 18.7550010681152 18.7320003509521 18.7400016784668 18.6020011901855 18.5320014953613 18.4320011138916 18.2000007629395 17.931001663208 17.6690006256104 17.3690013885498 17.4210014343262 17.4440002441406 17.4640007019043 17.5350017547607 17.7639999389648 17.9500007629395 18.0970001220703 18.1510009765625 18.1740016937256 18.3350009918213 18.5170001983643 18.5110015869141 18.4150009155273 18.4660015106201 18.57200050354 18.4500007629395 18.3840007781982 18.2150001525879 18.2370014190674 18.3850002288818 18.431001663208 18.4640007019043 18.226001739502 17.976001739502 18.1610012054443 18.0790004730225 17.9070014953613 17.8340015411377 18.0370006561279 18.105001449585 18.1560001373291 18.1540012359619 18.306001663208 18.5530014038086 18.7250003814697 18.7360000610352 18.7790012359619 18.810001373291 18.7800006866455 18.6950016021729 -3.4e+38
18.8950004577637 18.7800006866455 18.7490005493164 18.5570011138916 18.2990016937256 18.1580009460449 18.0670013427734 17.8830013275146 17.8050003051758 17.818000793457 17.6340007781982 17.6350002288818 17.6979999542236 17.5060005187988 17.6630001068115 17.6790008544922 17.8720016479492 17.9320011138916 18.0270004272461 18.1760005950928 18.3840007781982 18.6880016326904 18.9320011138916 18.8520011901855 18.8910007476807 19.0300006866455 18.8110008239746 18.7610015869141 18.5340003967285 18.3310012817383 18.3240013122559 18.3310012817383 18.359001159668 18.439001083374 18.306001663208 18.2250003814697 17.9360008239746 18.0970001220703 17.8790016174316 17.9910011291504 18.2830009460449 18.2750015258789 18.2530002593994 18.4710006713867 18.4540004730225 18.7480010986328 18.8070011138916 18.7880001068115 18.8200016021729 18.7740001678467 18.7220001220703 18.5450000762939
18.8680000305176 18.8840007781982 18.7180004119873 18.4250011444092 18.1790008544922 18.0729999542236 17.9490013122559 17.7820014953613 17.7480010986328 17.818000793457 17.8570003509521 17.8970012664795 17.7630004882812 17.6790008544922 17.6510009765625 17.8200016021729 17.7080001831055 17.7090015411377 17.8770008087158 18.1650009155273 18.4260005950928 18.7130012512207 19.1420001983643 19.2030010223389 19.2190017700195 19.0270004272461 18.9220008850098 18.9450016021729 18.7930011749268 18.4540004730225 18.3330001831055 18.2250003814697 18.1180000305176 18.2049999237061 18.4080009460449 18.3740005493164 18.238000869751 18.2400016784668 17.9910011291504 18.1520004272461 18.3650016784668 18.3020000457764 18.3990001678467 18.5090007781982 18.5490016937256 18.6270008087158 18.7530002593994 18.7850017547607 18.8050003051758 18.7280006408691 18.6520004272461 18.4890003204346
18.9409999847412 18.9090003967285 18.7440013885498 18.3420009613037 18.0770015716553 17.9790000915527 17.8090000152588 17.7770004272461 17.7810001373291 17.8560009002686 17.9320011138916 17.94700050354 18.0480003356934 17.6280002593994 17.4860000610352 17.6550006866455 17.7790012359619 17.726001739502 17.8410015106201 18.0170001983643 18.3660011291504 18.7050018310547 19.1610012054443 19.2550010681152 19.064001083374 19.0890007019043 19.0030002593994 19.0120010375977 18.8930015563965 18.6950016021729 18.4950008392334 18.4690017700195 18.3080005645752 18.367000579834 18.4450016021729 18.4170017242432 18.3950004577637 18.3110008239746 18.314001083374 18.3520011901855 18.3400001525879 18.4210014343262 18.5050010681152 18.5980014801025 18.5910015106201 18.5670013427734 18.6480007171631 18.6750011444092 18.7430000305176 18.7030010223389 18.7040004730225 18.5050010681152
19.0990009307861 19.0160007476807 18.7600002288818 18.3350009918213 18.0750007629395 17.8700008392334 17.7870006561279 17.8360004425049 17.8250007629395 17.951000213623 17.9590015411377 18.0050010681152 17.8050003051758 17.7410011291504 17.6900005340576 17.5460014343262 17.734001159668 17.8390007019043 17.8190002441406 18.0910015106201 18.2639999389648 18.5320014953613 18.8480014801025 19.1060009002686 19.0960006713867 19.105001449585 19.0130004882812 18.9370002746582 18.9400005340576 18.82200050354 18.6440010070801 18.7540016174316 18.2930011749268 18.0900001525879 18.1700000762939 18.1760005950928 18.3800010681152 18.4200000762939 18.4100017547607 18.2660007476807 18.1640014648438 18.2680015563965 18.2580013275146 18.4210014343262 18.5180015563965 18.4900016784668 18.5160007476807 18.6960010528564 18.7240009307861 18.6690006256104 18.617000579834 18.5840015411377
19.226001739502 19.193000793457 18.8240013122559 18.5670013427734 18.117000579834 17.9150009155273 17.7790012359619 17.8850002288818 17.8580017089844 17.9300003051758 18.0860004425049 17.9160003662109 17.9700012207031 17.8810005187988 17.7360000610352 17.6530017852783 17.8159999847412 17.9230003356934 17.8790016174316 18.1520004272461 18.3900012969971 18.6140003204346 18.8210010528564 18.9479999542236 19.0580005645752 19.0240001678467 19.0260009765625 18.9110012054443 19.0650005340576 18.6370010375977 18.3970012664795 18.7810001373291 18.6330013275146 18.3460006713867 18.3400001525879 18.359001159668 18.2590007781982 18.435001373291 18.359001159668 18.2560005187988 18.0590000152588 18.0840015411377 18.1650009155273 18.2100009918213 18.2490005493164 18.3400001525879 18.5110015869141 18.5510005950928 18.7569999694824 18.5170001983643 18.6070003509521 18.5300006866455
19.0069999694824 19.07200050354 18.8990001678467 18.6350002288818 18.3299999237061 18.0330009460449 17.8070011138916 17.738000869751 17.7950000762939 17.8440017700195 18.0990009307861 17.9690017700195 17.9180011749268 17.7350006103516 17.8290004730225 17.7220001220703 17.7709999084473 18.0040016174316 17.9670009613037 18.0960006713867 18.2190017700195 18.3660011291504 18.4870014190674 18.5020008087158 18.6020011901855 18.7140007019043 18.875 19.0590000152588 19.0850009918213 18.818000793457 18.7160015106201 18.7400016784668 19.0440006256104 18.8300018310547 18.8610000610352 18.693000793457 18.2690010070801 17.9240016937256 17.9370002746582 18.0500011444092 18.109001159668 18.1120014190674 18.0130004882812 17.8480014801025 18.0060005187988 18.2590007781982 18.351001739502 18.5060005187988 18.8970012664795 18.8470001220703 18.7860012054443 18.7690010070801
18.8480014801025 18.9190006256104 19.0130004882812 18.6960010528564 18.4090003967285 18.0500011444092 17.8210010528564 17.6790008544922 17.6480007171631 17.9070014953613 18.181001663208 18.1400012969971 17.8580017089844 17.7520008087158 17.7650012969971 17.6240005493164 17.7000007629395 17.9030017852783 18.0460014343262 18.1450004577637 18.3570003509521 18.4640007019043 18.5930004119873 18.6290016174316 18.6450004577637 18.8020000457764 18.7710018157959 18.8860015869141 18.9060001373291 19.0320014953613 19.0260009765625 19.1500015258789 19.1390018463135 18.8250007629395 19.0340003967285 18.8640003204346 18.7770004272461 18.5190010070801 18.2400016784668 18.2860012054443 18.2690010070801 18.1240005493164 17.9400005340576 17.9700012207031 18.0550003051758 18.181001663208 18.4520015716553 18.7730007171631 19.0220012664795 19.3780002593994 19.2240009307861 19.1570014953613
