layers/vpdmin9.asc
NCOLS 421 
NROWS 354 
XLLCORNER -106.645833332895 
YLLCORNER 25.8541666666667 
CELLSIZE 0.0416666666669039 
NODATA_value -3.4e+38 
[rows 230 to 252 of 354, columns 260 to 311 of 421]
1.41200006008148 1.38700008392334 1.29200005531311 1.20300006866455 1.17599999904633 1.15700006484985 1.16000008583069 1.08300006389618 1.02600002288818 0.990000069141388 0.823000013828278 0.838000059127808 0.947000026702881 0.932000041007996 0.880000054836273 0.895000040531158 0.905000030994415 0.89000004529953 0.911000072956085 0.98500007390976 0.935000061988831 0.88100004196167 0.859000027179718 0.860000014305115 0.851000010967255 0.796000063419342 0.776000022888184 0.781000018119812 0.754000008106232 0.710000038146973 0.656000018119812 0.665000021457672 0.601000010967255 0.601000010967255 0.587000012397766 0.545000016689301 0.510000050067902 0.435000032186508 0.42100003361702 0.387000024318695 0.372000008821487 0.385000020265579 0.374000012874603 0.341000020503998 0.300000011920929 0.280000001192093 0.25900000333786 0.244000017642975 0.234000012278557 0.239000007510185 0.262000024318695 0.279000014066696
1.41100001335144 1.33800005912781 1.26900005340576 1.22900009155273 1.20200002193451 1.14400005340576 1.125 1.07300007343292 1.05400002002716 1.06000006198883 0.990000069141388 0.87200003862381 0.859000027179718 0.827000021934509 0.858000040054321 0.901000022888184 0.865000069141388 0.858000040054321 0.879000067710876 0.893000066280365 0.973000049591064 0.955000042915344 0.928000032901764 0.882000029087067 0.834000051021576 0.813000023365021 0.840000033378601 0.778000056743622 0.72900003194809 0.691000044345856 0.727000057697296 0.720000028610229 0.591000020503998 0.669000029563904 0.719000041484833 0.700000047683716 0.552000045776367 0.429000020027161 0.389000028371811 0.361000031232834 0.321000009775162 0.31700000166893 0.296000003814697 0.27700001001358 0.266000002622604 0.253000020980835 0.247000008821487 0.245000004768372 0.244000017642975 0.25 0.270000010728836 0.291000008583069
1.36100006103516 1.33400011062622 1.27400004863739 1.24600005149841 1.20800006389618 1.15700006484985 1.08000004291534 1.04800009727478 1.0550000667572 1.07700002193451 1.07800006866455 1.06800007820129 0.970000028610229 0.89900004863739 0.930000066757202 0.894000053405762 0.898000061511993 0.822000026702881 0.848000049591064 0.853000044822693 0.945000052452087 0.973000049591064 0.893000066280365 0.89000004529953 0.875000059604645 0.867000043392181 0.788000047206879 0.755000054836273 0.785000026226044 0.723000049591064 0.754000008106232 0.684000015258789 0.654000043869019 0.723000049591064 0.686000049114227 0.62200003862381 0.552000045776367 0.465000033378601 0.372000008821487 0.333000004291534 0.28600001335144 0.245000004768372 0.214000016450882 0.224000006914139 0.239000007510185 0.255000025033951 0.255000025033951 0.256000012159348 0.263000011444092 0.280000001192093 0.334000021219254 0.363000005483627
1.37400007247925 1.33900010585785 1.27500009536743 1.27300000190735 1.2940000295639 1.27900004386902 1.1710000038147 1.15900003910065 1.11900007724762 1.08800005912781 1.07000005245209 1.03100001811981 1.01900005340576 0.901000022888184 0.930000066757202 0.89000004529953 0.903000056743622 0.843000054359436 0.827000021934509 0.902000069618225 0.889000058174133 0.909000039100647 0.840000033378601 0.853000044822693 0.906000018119812 0.909000039100647 0.857000052928925 0.836000025272369 0.815000057220459 0.72900003194809 0.737000048160553 0.65200001001358 0.624000012874603 0.583000004291534 0.50600004196167 0.464000016450882 0.425000011920929 0.387000024318695 0.345000028610229 0.299000024795532 0.263000011444092 0.224000006914139 0.200000002980232 0.215000003576279 0.249000012874603 0.263999998569489 0.291000008583069 0.289000004529953 0.281000018119812 0.316000014543533 0.340000003576279 0.361000031232834
1.34900009632111 1.31500005722046 1.34500002861023 1.41800010204315 1.33100008964539 1.307000041008 1.28500008583069 1.25600004196167 1.20300006866455 1.16500008106232 1.12400007247925 1.0550000667572 1.08400011062622 0.936000049114227 0.875000059604645 0.840000033378601 0.865000069141388 0.822000026702881 0.869000017642975 0.952000021934509 0.836000025272369 0.839000046253204 0.782000064849854 0.798000037670135 0.815000057220459 0.810000061988831 0.800000011920929 0.835000038146973 0.805000066757202 0.817000031471252 0.685000061988831 0.677000045776367 0.644000053405762 0.615000009536743 0.51500004529953 0.427000015974045 0.401000022888184 0.354000002145767 0.314000010490417 0.310000002384186 0.274000018835068 0.263999998569489 0.245000004768372 0.242000013589859 0.276000022888184 0.280000001192093 0.312000006437302 0.314000010490417 0.320000022649765 0.33500000834465 0.352000027894974 0.379000008106232
1.38300001621246 1.42700004577637 1.45000004768372 1.3840000629425 1.41500008106232 1.42200005054474 1.45600008964539 1.34900009632111 1.33000004291534 1.27600002288818 1.23000001907349 1.16000008583069 1.12100005149841 0.98800003528595 0.910000026226044 0.852000057697296 0.825000047683716 0.804000020027161 0.843000054359436 0.915000021457672 0.787000060081482 0.736000061035156 0.77400004863739 0.836000025272369 0.817000031471252 0.790000021457672 0.732000052928925 0.760000050067902 0.692000031471252 0.690000057220459 0.662000060081482 0.595000028610229 0.585000038146973 0.50900000333786 0.484000027179718 0.480000019073486 0.457000017166138 0.416000008583069 0.392000019550323 0.334000021219254 0.332000017166138 0.306000024080276 0.290000021457672 0.276000022888184 0.288000017404556 0.305000007152557 0.312000006437302 0.325000017881393 0.337000012397766 0.333000004291534 0.363000005483627 0.397000014781952
1.42400002479553 1.43300008773804 1.45900011062622 1.4870001077652 1.5440000295639 1.57400012016296 1.54800009727478 1.48900008201599 1.44500005245209 1.44400012493134 1.39200007915497 1.29300010204315 1.17200005054474 1.04900002479553 0.901000022888184 0.840000033378601 0.819000065326691 0.798000037670135 0.802000045776367 0.815000057220459 0.769000053405762 0.769000053405762 0.88100004196167 0.887000024318695 0.843000054359436 0.724000036716461 0.66700005531311 0.724000036716461 0.63100004196167 0.621000051498413 0.593000054359436 0.564000010490417 0.564000010490417 0.466000020503998 0.442000031471252 0.451000034809113 0.476000010967255 0.434000015258789 0.40200001001358 0.38400000333786 0.361000031232834 0.333000004291534 0.321000009775162 0.313000023365021 0.299000024795532 0.309000015258789 0.327000021934509 0.34400001168251 0.33500000834465 0.346000015735626 0.39300000667572 0.397000014781952
1.35400009155273 1.36600005626678 1.40600001811981 1.48200011253357 1.56900012493134 1.64000010490417 1.67100012302399 1.58400011062622 1.52100002765656 1.47500002384186 1.34700012207031 1.24600005149841 1.22300004959106 1.10400009155273 0.97900003194809 0.892000019550323 0.840000033378601 0.779000043869019 0.742000043392181 0.713000059127808 0.692000031471252 0.771000027656555 0.849000036716461 0.778000056743622 0.746000051498413 0.726000010967255 0.614000022411346 0.677000045776367 0.587000012397766 0.564999997615814 0.485000014305115 0.447000026702881 0.453000009059906 0.435000032186508 0.410000026226044 0.436000019311905 0.438000023365021 0.438000023365021 0.430000007152557 0.407000005245209 0.379000008106232 0.34400001168251 0.382000029087067 0.35300001502037 0.333000004291534 0.33500000834465 0.33500000834465 0.312000006437302 0.338000029325485 0.355000019073486 0.38400000333786 0.417000025510788
1.41300010681152 1.43700003623962 1.43300008773804 1.45900011062622 1.51400005817413 1.55800008773804 1.59200012683868 1.56000006198883 1.46900010108948 1.42400002479553 1.35400009155273 1.22300004959106 1.15100002288818 1.10600006580353 1.01200008392334 0.887000024318695 0.810000061988831 0.780000030994415 0.758000016212463 0.754000008106232 0.719000041484833 0.830000042915344 0.810000061988831 0.724000036716461 0.688000023365021 0.691000044345856 0.670000016689301 0.641000032424927 0.572000026702881 0.474000036716461 0.454000025987625 0.420000016689301 0.407000005245209 0.369000017642975 0.365000009536743 0.377000004053116 0.386000007390976 0.409000009298325 0.437000006437302 0.419000029563904 0.373000025749207 0.364000022411346 0.390000015497208 0.381000012159348 0.364000022411346 0.329000025987625 0.318000018596649 0.329000025987625 0.339000016450882 0.340000003576279 0.369000017642975 0.40200001001358
1.3950001001358 1.40400004386902 1.39100003242493 1.3840000629425 1.40200006961823 1.44900012016296 1.44600009918213 1.46300005912781 1.41000008583069 1.34500002861023 1.24600005149841 1.1800000667572 1.12600004673004 1.07400000095367 1.0220000743866 0.919000029563904 0.833000063896179 0.788000047206879 0.802000045776367 0.813000023365021 0.784000039100647 0.780000030994415 0.780000030994415 0.720000028610229 0.659000039100647 0.626000046730042 0.611000001430511 0.594000041484833 0.54200005531311 0.487000018358231 0.449000030755997 0.400000005960464 0.392000019550323 0.38400000333786 0.363000005483627 0.351000010967255 0.368000030517578 0.404000014066696 0.434000015258789 0.41100001335144 0.374000012874603 0.359000027179718 0.369000017642975 0.380000025033951 0.346000015735626 0.306000024080276 0.332000017166138 0.322000026702881 0.32600000500679 0.345000028610229 0.371000021696091 -3.4e+38
1.39600002765656 1.3620001077652 1.36400008201599 1.31900000572205 1.32100009918213 1.33100008964539 1.34100008010864 1.36900007724762 1.34500002861023 1.26800000667572 1.23300004005432 1.19000005722046 1.11800003051758 1.03000009059906 1.01200008392334 0.940000057220459 0.844000041484833 0.865000069141388 0.859000027179718 0.843000054359436 0.788000047206879 0.743000030517578 0.734000027179718 0.719000041484833 0.63100004196167 0.602000057697296 0.61300003528595 0.593000054359436 0.568000018596649 0.504000008106232 0.448000013828278 0.406000018119812 0.394000023603439 0.410000026226044 0.404000014066696 0.382000029087067 0.397000014781952 0.413000017404556 0.415000021457672 0.406000018119812 0.408000022172928 0.390000015497208 0.390000015497208 0.354000002145767 0.325000017881393 0.325000017881393 0.305000007152557 0.313000023365021 0.32600000500679 0.343000024557114 0.374000012874603 -3.4e+38
1.35000002384186 1.31700003147125 1.307000041008 1.29800009727478 1.33900010585785 1.34300005435944 1.32500004768372 1.31700003147125 1.27400004863739 1.22700011730194 1.17500007152557 1.125 1.10500001907349 0.992000043392181 0.965000033378601 0.963000059127808 0.869000017642975 0.845000028610229 0.882000029087067 0.88100004196167 0.798000037670135 0.731000006198883 0.705000042915344 0.696000039577484 0.665000021457672 0.646000027656555 0.63400000333786 0.589000046253204 0.582000017166138 0.547000050544739 0.495000034570694 0.440000027418137 0.425000011920929 0.437000006437302 0.440000027418137 0.431000024080276 0.419000029563904 0.448000013828278 0.440000027418137 0.476000010967255 0.453000009059906 0.429000020027161 0.395000010728836 0.365000009536743 0.332000017166138 0.293000012636185 0.296000003814697 0.310000002384186 0.32600000500679 0.350000023841858 -3.4e+38 -3.4e+38
1.31400001049042 1.29900002479553 1.25500011444092 1.28900003433228 1.30200004577637 1.29500007629395 1.28900003433228 1.2370001077652 1.19700002670288 1.14100003242493 1.10400009155273 1.0460000038147 1 0.990000069141388 0.933000028133392 0.959000051021576 0.86300003528595 0.865000069141388 0.859000027179718 0.85400003194809 0.831000030040741 0.832000017166138 0.787000060081482 0.773000061511993 0.722000062465668 0.674000024795532 0.648000001907349 0.623000025749207 0.608000040054321 0.576000034809113 0.534000039100647 0.495000034570694 0.480000019073486 0.427000015974045 0.437000006437302 0.438000023365021 0.448000013828278 0.47900003194809 0.475000023841858 0.468000024557114 0.473000019788742 0.441000014543533 0.38400000333786 0.334000021219254 0.306000024080276 0.28600001335144 0.282000005245209 0.305000007152557 0.339000016450882 0.362000018358231 -3.4e+38 -3.4e+38
1.28900003433228 1.28100001811981 1.26400005817413 1.2590000629425 1.26500010490417 1.26200008392334 1.21400010585785 1.1710000038147 1.12400007247925 1.07600009441376 1.06000006198883 1.03500008583069 0.954000055789948 0.910000026226044 0.954000055789948 0.940000057220459 0.89000004529953 0.864000022411346 0.855000019073486 0.85400003194809 0.882000029087067 0.921000063419342 0.886000037193298 0.835000038146973 0.763000011444092 0.704000055789948 0.678000032901764 0.637000024318695 0.603000044822693 0.602000057697296 0.600000023841858 0.560000002384186 0.504000008106232 0.46900001168251 0.473000019788742 0.477000027894974 0.526000022888184 0.532000005245209 0.498000025749207 0.491000026464462 0.491000026464462 0.455000013113022 0.401000022888184 0.355000019073486 0.292000025510788 0.272000014781952 0.263999998569489 0.302000015974045 0.343000024557114 0.376000016927719 0.427000015974045 -3.4e+38
1.28500008583069 1.24500000476837 1.22400009632111 1.23600006103516 1.21300005912781 1.19400000572205 1.15299999713898 1.09700000286102 1.07000005245209 1.05099999904633 1.02600002288818 1.00499999523163 0.938000023365021 0.918000042438507 0.904000043869019 0.92600005865097 0.896000027656555 0.859000027179718 0.813000023365021 0.819000065326691 0.855000019073486 0.879000067710876 0.910000026226044 0.869000017642975 0.811000049114227 0.759000062942505 0.712000012397766 0.687000036239624 0.650000035762787 0.64900004863739 0.628000020980835 0.549000024795532 0.52400004863739 0.527999997138977 0.523000001907349 0.546000003814697 0.550000011920929 0.558000028133392 0.495000034570694 0.499000012874603 0.535000026226044 0.484000027179718 0.425000011920929 0.376000016927719 0.301000028848648 0.274000018835068 0.279000014066696 0.314000010490417 0.369000017642975 0.434000015258789 -3.4e+38 -3.4e+38
1.28800010681152 1.25200009346008 1.19600009918213 1.20700001716614 1.19700002670288 1.17400002479553 1.11300003528595 1.08300006389618 1.08400011062622 1.08200001716614 1.08600008487701 1.07300007343292 0.984000027179718 0.954000055789948 0.920000016689301 0.882000029087067 0.90800005197525 0.855000019073486 0.824000060558319 0.78600001335144 0.835000038146973 0.919000029563904 0.889000058174133 0.889000058174133 0.844000041484833 0.762000024318695 0.73800003528595 0.742000043392181 0.650000035762787 0.623000025749207 0.599000036716461 0.577000021934509 0.591000020503998 0.630000054836273 0.595000028610229 0.614000022411346 0.602000057697296 0.580000042915344 0.513999998569489 0.495000034570694 0.52400004863739 0.501000046730042 0.465000033378601 0.435000032186508 0.385000020265579 0.356000006198883 0.373000025749207 0.385000020265579 0.439000010490417 -3.4e+38 -3.4e+38 -3.4e+38
1.25400006771088 1.24700009822845 1.18900001049042 1.17599999904633 1.1800000667572 1.13300001621246 1.1360000371933 1.10400009155273 1.08200001716614 1.08300006389618 1.06900000572205 1.04700005054474 1.00600004196167 0.982000052928925 0.955000042915344 0.910000026226044 0.925000071525574 0.900000035762787 0.856000065803528 0.829000055789948 0.799000024795532 0.830000042915344 0.888000071048737 0.879000067710876 0.850000023841858 0.785000026226044 0.778000056743622 0.739000022411346 0.67600005865097 0.629000008106232 0.636000037193298 0.66100001335144 0.679000020027161 0.688000023365021 0.645000040531158 0.63400000333786 0.605000019073486 0.614000022411346 0.603000044822693 0.566000044345856 0.587000012397766 0.564999997615814 0.52400004863739 0.494000017642975 0.482000023126602 0.487000018358231 0.513999998569489 0.50900000333786 0.548000037670135 -3.4e+38 -3.4e+38 -3.4e+38
1.23800003528595 1.24600005149841 1.24600005149841 1.20800006389618 1.17800009250641 1.1470000743866 1.12900006771088 1.14900004863739 1.12300002574921 1.08600008487701 1.06800007820129 1.05599999427795 1.07700002193451 1.02400004863739 0.98500007390976 0.949000060558319 0.909000039100647 0.888000071048737 0.885000050067902 0.861000061035156 0.811000049114227 0.824000060558319 0.827000021934509 0.858000040054321 0.820000052452087 0.75600004196167 0.744000017642975 0.74700003862381 0.737000048160553 0.689000010490417 0.703000009059906 0.706000030040741 0.720000028610229 0.700000047683716 0.721000015735626 0.701000034809113 0.705000042915344 0.695000052452087 0.708000004291534 0.683000028133392 0.699000060558319 0.650000035762787 0.625 0.608000040054321 0.625 0.619000017642975 0.599000036716461 0.601000010967255 0.60400003194809 0.637000024318695 -3.4e+38 -3.4e+38
1.25400006771088 1.23400008678436 1.22400009632111 1.25600004196167 1.19800007343292 1.15600001811981 1.13700008392334 1.1800000667572 1.17200005054474 1.17400002479553 1.16200006008148 1.125 1.1470000743866 1.13900005817413 1.1010000705719 1.06500005722046 0.99700003862381 0.915000021457672 0.889000058174133 0.864000022411346 0.823000013828278 0.817000031471252 0.825000047683716 0.857000052928925 0.807000041007996 0.754000008106232 0.705000042915344 0.702000021934509 0.737000048160553 0.722000062465668 0.73800003528595 0.762000024318695 0.74700003862381 0.775000035762787 0.813000023365021 0.833000063896179 0.842000067234039 0.820000052452087 0.77400004863739 0.806000053882599 0.790000021457672 0.75600004196167 0.753000020980835 0.748000025749207 0.727000057697296 0.716000020503998 0.669000029563904 0.659000039100647 0.656000018119812 0.66700005531311 -3.4e+38 -3.4e+38
1.22900009155273 1.24700009822845 1.28600001335144 1.2610000371933 1.22900009155273 1.19800007343292 1.20400011539459 1.22000002861023 1.23500001430511 1.25500011444092 1.23500001430511 1.19700002670288 1.18400001525879 1.19200003147125 1.1710000038147 1.1450001001358 1.08200001716614 1.00400006771088 0.949000060558319 0.882000029087067 0.855000019073486 0.824000060558319 0.836000025272369 0.824000060558319 0.785000026226044 0.740000009536743 0.714000046253204 0.705000042915344 0.749000012874603 0.769000053405762 0.794000029563904 0.810000061988831 0.845000028610229 0.900000035762787 0.941000044345856 0.960000038146973 0.918000042438507 0.897000014781952 0.884000062942505 0.920000016689301 0.921000063419342 0.914000034332275 0.892000019550323 0.835000038146973 0.800000011920929 0.757000029087067 0.706000030040741 0.680000007152557 0.686000049114227 0.709000051021576 -3.4e+38 -3.4e+38
1.28000009059906 1.31000006198883 1.28500008583069 1.26500010490417 1.29000008106232 1.2720000743866 1.27800011634827 1.27600002288818 1.28700006008148 1.29800009727478 1.30200004577637 1.25500011444092 1.23300004005432 1.21400010585785 1.21700000762939 1.16200006008148 1.1010000705719 0.996000051498413 0.960000038146973 0.900000035762787 0.864000022411346 0.827000021934509 0.824000060558319 0.825000047683716 0.780000030994415 0.745000064373016 0.714000046253204 0.726000010967255 0.759000062942505 0.76500004529953 0.830000042915344 0.904000043869019 0.929000020027161 0.940000057220459 0.989000022411346 1.0110000371933 0.97900003194809 0.996000051498413 0.998000025749207 1.04300010204315 1.11600005626678 1.09100008010864 1.02400004863739 0.945000052452087 0.866000056266785 0.810000061988831 0.771000027656555 0.728000044822693 0.722000062465668 0.730000019073486 0.746000051498413 -3.4e+38
1.31400001049042 1.32900011539459 1.35200011730194 1.36000001430511 1.3840000629425 1.33900010585785 1.33500003814697 1.32000005245209 1.31500005722046 1.32300007343292 1.32300007343292 1.32000005245209 1.30000007152557 1.29300010204315 1.26200008392334 1.2260000705719 1.1340000629425 1.01900005340576 0.960000038146973 0.940000057220459 0.871000051498413 0.827000021934509 0.817000031471252 0.823000013828278 0.787000060081482 0.743000030517578 0.719000041484833 0.711000025272369 0.759000062942505 0.769000053405762 0.816000044345856 0.943000018596649 0.954000055789948 0.955000042915344 0.976000070571899 0.992000043392181 0.992000043392181 1.04100000858307 1.10900008678436 1.17500007152557 1.21400010585785 1.22500002384186 1.16200006008148 1.06900000572205 0.961000025272369 0.865000069141388 0.802000045776367 0.770000040531158 0.754000008106232 0.746000051498413 0.773000061511993 -3.4e+38
1.33400011062622 1.34400010108948 1.35500001907349 1.38000011444092 1.41000008583069 1.41300010681152 1.39000010490417 1.35600006580353 1.3620001077652 1.3970000743866 1.39000010490417 1.3950001001358 1.38300001621246 1.34200000762939 1.29800009727478 1.28400003910065 1.19400000572205 1.10500001907349 1.03600001335144 0.959000051021576 0.89900004863739 0.870000064373016 0.879000067710876 0.894000053405762 0.849000036716461 0.779000043869019 0.744000017642975 0.737000048160553 0.758000016212463 0.75600004196167 0.814000010490417 0.918000042438507 0.962000072002411 0.923000037670135 0.956000030040741 0.983000040054321 1.0090000629425 1.10900008678436 1.19700002670288 1.24800002574921 1.28000009059906 1.2590000629425 1.19200003147125 1.11800003051758 1.01300001144409 0.911000072956085 0.838000059127808 0.803000032901764 0.77400004863739 0.764000058174133 0.800000011920929 -3.4e+38
