layers/vpdmax9.asc
NCOLS 421 
NROWS 354 
XLLCORNER -106.645833332895 
YLLCORNER 25.8541666666667 
CELLSIZE 0.0416666666669039 
NODATA_value -3.4e+38 
[rows 23 to 45 of 354, columns 260 to 311 of 421]
12.7960004806519 12.7810001373291 12.8230009078979 12.7730007171631 12.6840009689331 12.613000869751 12.5160007476807 12.5210008621216 12.5560007095337 12.7350006103516 12.8790006637573 12.9310007095337 12.9640007019043 12.9900007247925 13.0440006256104 13.1270008087158 13.2370004653931 13.2350006103516 13.1640005111694 13.0170001983643 12.6480007171631 12.1680002212524 12.2970008850098 12.2300004959106 12.3010005950928 12.6110010147095 12.8190002441406 12.4200010299683 12.4270009994507 12.3420009613037 12.4100008010864 12.1920003890991 11.9700002670288 12.0870008468628 12.0950002670288 11.9800004959106 12.1240005493164 11.9640007019043 11.8980007171631 11.8830003738403 11.7890005111694 11.9330005645752 12.0220003128052 12.1340007781982 12.0700006484985 12.1280002593994 12.1290006637573 12.2960004806519 12.4380006790161 12.4590005874634 12.5520009994507 12.5460004806519
12.8250007629395 12.907000541687 12.8250007629395 12.738000869751 12.6560001373291 12.6850004196167 12.6890001296997 12.6050004959106 12.6920003890991 12.826000213623 12.9300003051758 12.9900007247925 13.0230007171631 13.0420007705688 13.068000793457 13.2080001831055 13.2740001678467 13.2740001678467 13.1460008621216 12.8030004501343 12.4780006408691 12.2800006866455 12.2290010452271 12.2540006637573 12.4590005874634 12.4400005340576 12.8950004577637 12.8350009918213 12.8650007247925 12.6110010147095 12.3240003585815 12.0740003585815 12.1440010070801 12.1830005645752 12.0790004730225 11.9500007629395 11.996000289917 11.9220008850098 11.9320001602173 11.8760004043579 11.8600006103516 11.8530006408691 11.9000005722046 11.91100025177 11.8830003738403 11.9700002670288 12.16100025177 12.3940010070801 12.5200004577637 12.3380002975464 12.4650001525879 12.4730005264282
12.9400005340576 13.0250005722046 13.0520009994507 13.07200050354 12.9380006790161 12.8450002670288 12.939001083374 12.8600006103516 12.939001083374 13.0130004882812 13.0740003585815 13.1120004653931 13.1460008621216 13.0550003051758 13.0380010604858 13.1750001907349 13.1980009078979 13.2150001525879 13.0890007019043 12.8450002670288 12.5450010299683 12.2990007400513 12.2740001678467 12.4270009994507 12.5840005874634 12.4350004196167 12.7330007553101 12.9290008544922 12.4610004425049 12.1760005950928 12.0690002441406 12.1950006484985 12.2900009155273 12.1810007095337 12.0140008926392 11.9120006561279 11.8920001983643 11.9720001220703 12.0620002746582 12.0940008163452 11.8810005187988 11.8100004196167 11.7880001068115 11.8150005340576 11.9390001296997 12.0040006637573 12.1000003814697 12.3020009994507 12.4540004730225 12.2310009002686 12.3510007858276 12.32200050354
13.1230010986328 13.0450010299683 13.0440006256104 13.0380010604858 13.0520009994507 13.1730003356934 13.1750001907349 13.1910009384155 13.2830009460449 13.2990007400513 13.2740001678467 13.2990007400513 13.2210006713867 13.1720008850098 13.1400003433228 13.0900001525879 13.0650005340576 13.0920009613037 13.0730009078979 12.7900009155273 12.5040006637573 12.3980007171631 12.3770008087158 12.6460008621216 12.6150007247925 12.3490009307861 12.6040010452271 12.8420009613037 12.5160007476807 12.2080001831055 12.3460006713867 12.3460006713867 12.0550003051758 11.9730005264282 12.0490007400513 11.9800004959106 12.0050001144409 11.992000579834 12.081000328064 12.1020002365112 12.1560001373291 12.0590009689331 11.8590002059937 12.0190010070801 12.1080007553101 12.0250005722046 12.2690010070801 12.3740005493164 12.2280006408691 12.3600006103516 12.4890003204346 12.4930009841919
13.1760005950928 13.2260007858276 13.1650009155273 13.2000007629395 13.1720008850098 13.2140007019043 13.2360010147095 13.3740005493164 13.4050006866455 13.4660005569458 13.5050010681152 13.4200010299683 13.32200050354 13.2880010604858 13.2500009536743 13.2120008468628 13.1090002059937 13.0390005111694 13.0090007781982 12.9710006713867 12.6790008544922 12.6030006408691 12.5670003890991 12.7070007324219 12.5860004425049 12.5400009155273 12.5920009613037 12.6500005722046 12.2900009155273 12.1980009078979 12.3460006713867 12.1690006256104 12.077000617981 12.0330009460449 12.1150007247925 12.1840009689331 12.1060009002686 11.956000328064 12.0270004272461 11.9730005264282 12.1940002441406 12.3370008468628 12.0180006027222 12.1590003967285 12.3370008468628 12.1830005645752 12.0970001220703 12.3900003433228 12.3750009536743 12.4140005111694 12.6100006103516 12.6540002822876
13.1260004043579 13.1740007400513 13.1540002822876 13.1360006332397 13.1450004577637 13.2770004272461 13.4420003890991 13.5080003738403 13.568000793457 13.6190004348755 13.5980005264282 13.5540008544922 13.4710006713867 13.3750009536743 13.3300008773804 13.2650003433228 13.1790008544922 13.1240005493164 13.0470008850098 12.9690008163452 12.9720010757446 12.9310007095337 12.7930002212524 12.7680006027222 12.6200008392334 12.6380004882812 12.702000617981 12.4690008163452 12.3390007019043 12.2710008621216 12.278000831604 12.1830005645752 12.0940008163452 12.1010007858276 12.1640005111694 12.3100004196167 12.1940002441406 12.0310001373291 12.0200004577637 11.9630002975464 12.1400003433228 12.4200010299683 12.5290002822876 12.1420001983643 12.3330001831055 12.4250001907349 12.1500005722046 12.3750009536743 12.5460004806519 12.5450010299683 12.7050008773804 12.8030004501343
13.1370010375977 13.1390008926392 13.1650009155273 13.1600008010864 13.2790002822876 13.4400005340576 13.5450010299683 13.7150011062622 13.7050008773804 13.7080001831055 13.6160001754761 13.5550003051758 13.5150003433228 13.4540004730225 13.3280010223389 13.2600002288818 13.238000869751 13.1450004577637 13.0880002975464 13.1270008087158 13.0940008163452 13.1090002059937 13.0350008010864 12.8540010452271 12.814001083374 12.6720008850098 12.4890003204346 12.3990001678467 12.326000213623 12.2830009460449 12.1840009689331 12.0040006637573 11.9680004119873 12.0630006790161 12.202000617981 12.3780002593994 12.3430004119873 12.2800006866455 12.1240005493164 12.0860004425049 12.0480003356934 12.3770008087158 12.6600008010864 12.6780004501343 12.4130010604858 12.7070007324219 12.5170001983643 12.5700006484985 12.5920009613037 12.6550006866455 12.7140007019043 12.9460010528564
13.246000289917 13.2070007324219 13.0840005874634 13.2440004348755 13.3830003738403 13.5350008010864 13.6010007858276 13.6660003662109 13.7260007858276 13.6910009384155 13.6110010147095 13.4890003204346 13.452000617981 13.3940010070801 13.2740001678467 13.157000541687 13.1730003356934 13.1440010070801 13.1820001602173 13.1960010528564 13.1760005950928 13.2850008010864 13.2230005264282 12.9300003051758 12.8500003814697 12.5560007095337 12.403000831604 12.3940010070801 12.2720003128052 12.206000328064 12.1180009841919 11.9840002059937 12.0850009918213 12.2210006713867 12.2430009841919 12.3840007781982 12.4150009155273 12.3900003433228 12.3490009307861 12.0540008544922 12.0440006256104 12.2760009765625 12.3900003433228 12.7080001831055 12.8350009918213 12.8120002746582 12.831000328064 12.6460008621216 12.6100006103516 12.7030010223389 12.7870006561279 13.0220003128052
13.278000831604 13.3980007171631 13.2330007553101 13.1680002212524 13.3340005874634 13.4840002059937 13.5370006561279 13.7520008087158 13.6650009155273 13.6450004577637 13.6060009002686 13.5310010910034 13.4240007400513 13.2850008010864 13.2000007629395 13.0940008163452 13.1220006942749 13.1340007781982 13.0550003051758 13.0830001831055 13.0880002975464 13.2490005493164 13.2700004577637 13.1390008926392 12.8800010681152 12.488000869751 12.3430004119873 12.2500009536743 12.2170009613037 12.1950006484985 12.1580009460449 12.0940008163452 12.1200008392334 12.1110010147095 12.1820001602173 12.2950010299683 12.3520002365112 12.4870004653931 12.4840002059937 12.3970003128052 12.1440010070801 12.3070001602173 12.6230001449585 12.6700010299683 12.8020009994507 12.9000005722046 12.9540004730225 12.9930009841919 13.0150003433228 12.9550008773804 12.9830007553101 13.0330009460449
13.367000579834 13.5290002822876 13.3760004043579 13.4020004272461 13.4900007247925 13.5920009613037 13.6360006332397 13.7350006103516 13.5880002975464 13.5990009307861 13.4780006408691 13.3740005493164 13.2920007705688 13.2250003814697 13.1390008926392 13.081000328064 13.0550003051758 13.0460004806519 12.9980001449585 13.0400009155273 13.0630006790161 13.1250009536743 13.1740007400513 13.2630004882812 12.7650003433228 12.4820003509521 12.3350009918213 12.1340007781982 12.1520004272461 12.1940002441406 12.2540006637573 12.246000289917 12.1750001907349 12.1750001907349 12.2400007247925 12.3300008773804 12.5160007476807 12.6760005950928 12.7040004730225 12.6100006103516 12.3540010452271 12.4460010528564 12.4980001449585 12.7400007247925 12.7680006027222 12.8500003814697 12.8850002288818 12.8820009231567 12.9420003890991 12.8700008392334 12.9210004806519 13.0150003433228
13.4850006103516 13.4840002059937 13.3200006484985 13.2240009307861 13.3950004577637 13.439001083374 13.5000009536743 13.5140008926392 13.4160003662109 13.3530006408691 13.2400007247925 13.1940002441406 13.1690006256104 13.1100006103516 13.068000793457 13.0500001907349 13.0240001678467 12.9450006484985 12.9320001602173 12.9100008010864 12.9180002212524 12.9460010528564 12.8300008773804 12.8730001449585 12.7830009460449 12.4090003967285 12.4260005950928 12.2240009307861 12.1550006866455 12.0890007019043 12.1140003204346 12.2890005111694 12.3340005874634 12.326000213623 12.4970006942749 12.5800008773804 12.6600008010864 12.6890001296997 12.7390003204346 12.7290010452271 12.6840009689331 12.6460008621216 12.5870008468628 12.7500009536743 12.826000213623 12.7730007171631 12.7210006713867 12.6540002822876 12.8700008392334 12.8700008392334 12.7600002288818 12.4670009613037
13.5340003967285 13.3200006484985 13.3610010147095 13.3000001907349 13.3050003051758 13.41100025177 13.326000213623 13.3340005874634 13.157000541687 13.1480007171631 13.07200050354 13.0250005722046 12.9990005493164 12.9950008392334 13.0310010910034 13.0250005722046 13.0150003433228 12.8340005874634 12.8650007247925 12.8400001525879 12.8300008773804 12.7900009155273 12.7300004959106 12.6300010681152 12.5890007019043 12.5340003967285 12.44700050354 12.4400005340576 12.3410005569458 12.1290006637573 12.1300001144409 12.1880006790161 12.4150009155273 12.568000793457 12.6100006103516 12.576000213623 12.5150003433228 12.5000009536743 12.6150007247925 12.6650009155273 12.7110004425049 12.6950006484985 12.8050003051758 12.8100004196167 12.7770004272461 12.5820007324219 12.3330001831055 12.3920001983643 12.5100002288818 12.6680002212524 12.5780010223389 12.5690002441406
13.564001083374 13.3860006332397 13.2700004577637 13.2950010299683 13.3360004425049 13.4340009689331 13.2570009231567 13.1770009994507 13.121000289917 13.0250005722046 12.9640007019043 12.8590002059937 12.8850002288818 12.9800004959106 13.0560007095337 13.0500001907349 13.0260009765625 12.8800010681152 12.8150005340576 12.8050003051758 12.7590007781982 12.7550010681152 12.5920009613037 12.4500007629395 12.4200010299683 12.3940010070801 12.2940006256104 12.0590009689331 12.16100025177 12.2910003662109 12.2400007247925 12.3880004882812 12.4770002365112 12.2530002593994 12.2830009460449 12.4760007858276 12.6060009002686 12.7040004730225 12.7190008163452 12.6510009765625 12.6670007705688 12.6470003128052 12.6790008544922 12.6480007171631 12.6480007171631 12.4820003509521 12.3430004119873 12.4090003967285 12.4910001754761 12.5670003890991 12.4150009155273 12.3020009994507
13.581000328064 13.5000009536743 13.3600006103516 13.1500005722046 13.1470003128052 13.2000007629395 13.2370004653931 13.0790004730225 12.9670009613037 12.9620008468628 12.9160003662109 12.91100025177 12.9720010757446 13.0040006637573 13.0140008926392 13.0850009918213 12.9540004730225 12.8940010070801 12.8760004043579 12.7640008926392 12.6730003356934 12.7750005722046 12.5870008468628 12.4630002975464 12.4710006713867 12.5410003662109 12.4440002441406 12.3580007553101 12.2520008087158 11.996000289917 11.9640007019043 12.3450002670288 12.2790002822876 12.1120004653931 12.4090003967285 12.7110004425049 12.6230001449585 12.6620006561279 12.5160007476807 12.5050010681152 12.5860004425049 12.6690006256104 12.6730003356934 12.6850004196167 12.5390005111694 12.5240001678467 12.4130010604858 12.3780002593994 12.4400005340576 12.4390001296997 12.3400001525879 12.3400001525879
13.4550008773804 13.4680004119873 13.3540010452271 13.3450002670288 13.2920007705688 13.2310009002686 13.1700010299683 13.0910005569458 12.9730005264282 12.8990001678467 12.8080005645752 12.8010005950928 12.8200006484985 12.8430004119873 12.8620004653931 12.9260005950928 13.0260009765625 12.9830007553101 12.9350004196167 12.7150001525879 12.7040004730225 12.7340002059937 12.7840003967285 12.5580005645752 12.4340009689331 12.3730001449585 12.1370010375977 12.1200008392334 12.0180006027222 12.0870008468628 12.2830009460449 12.4340009689331 12.2080001831055 12.2520008087158 12.5750007629395 12.7330007553101 12.4950008392334 12.3970003128052 12.6150007247925 12.6940002441406 12.7140007019043 12.7140007019043 12.7270002365112 12.6790008544922 12.451000213623 12.4850006103516 12.4250001907349 12.4080009460449 12.4390001296997 12.3920001983643 12.5400009155273 12.7710008621216
13.4020004272461 13.3800010681152 13.2900009155273 13.2830009460449 13.2640008926392 13.1910009384155 13.1150007247925 13.0940008163452 13.0010004043579 12.91100025177 12.8280010223389 12.7660007476807 12.7030010223389 12.7130002975464 12.7400007247925 12.7480001449585 12.8050003051758 12.8880004882812 12.9440002441406 12.9160003662109 12.8250007629395 12.7640008926392 12.5700006484985 12.4990005493164 12.3500003814697 12.2530002593994 12.1690006256104 12.0080003738403 12.1240005493164 12.1340007781982 12.3970003128052 12.2840003967285 12.2270002365112 12.6690006256104 12.6500005722046 12.6910009384155 12.5880002975464 12.5910005569458 12.7620010375977 12.7140007019043 12.6840009689331 12.7610006332397 12.814001083374 12.6990003585815 12.5410003662109 12.5740003585815 12.5580005645752 12.5560007095337 12.5200004577637 12.5090007781982 12.7410001754761 12.7050008773804
13.3190002441406 13.2930002212524 13.2440004348755 13.238000869751 13.2590007781982 13.1750001907349 13.0940008163452 12.9760007858276 12.8950004577637 12.7900009155273 12.7630004882812 12.7050008773804 12.6840009689331 12.6740007400513 12.7220010757446 12.78600025177 12.8200006484985 12.8390007019043 12.7890005111694 12.7340002059937 12.7250003814697 12.7170009613037 12.4450006484985 12.41100025177 12.3520002365112 12.1190004348755 12.1190004348755 12.2720003128052 12.3350009918213 12.5630006790161 12.4890003204346 12.1800003051758 12.4380006790161 12.6400003433228 12.4500007629395 12.6810007095337 12.5170001983643 12.6100006103516 12.7700004577637 12.8510007858276 12.6100006103516 12.5240001678467 12.7260007858276 12.6780004501343 12.6220006942749 12.6460008621216 12.6980009078979 12.7190008163452 12.6900005340576 12.7830009460449 12.7130002975464 12.8190002441406
13.3340005874634 13.2680006027222 13.2450008392334 13.2300004959106 13.2650003433228 13.206000328064 13.0890007019043 13.0020008087158 12.9290008544922 12.8050003051758 12.7480001449585 12.6710004806519 12.6140003204346 12.6430006027222 12.6920003890991 12.7220010757446 12.6840009689331 12.6520004272461 12.7050008773804 12.6990003585815 12.6200008392334 12.6080007553101 12.5620002746582 12.3920001983643 12.2750005722046 12.1450004577637 12.2260007858276 12.2800006866455 12.4040002822876 12.4540004730225 12.1830005645752 12.1670007705688 12.4860010147095 12.4900007247925 12.3540010452271 12.5130004882812 12.4910001754761 12.6390008926392 12.6270008087158 12.778000831604 12.6050004959106 12.443000793457 12.5550003051758 12.6670007705688 12.7170009613037 12.7310009002686 12.7730007171631 12.7930002212524 12.8100004196167 12.7690010070801 12.952000617981 13.1440010070801
13.3900003433228 13.3030004501343 13.2440004348755 13.2250003814697 13.2700004577637 13.2410001754761 13.1150007247925 13.0470008850098 12.9730005264282 12.8530006408691 12.7990007400513 12.7300004959106 12.6850004196167 12.6090002059937 12.5980005264282 12.5690002441406 12.6190004348755 12.6550006866455 12.6010007858276 12.6590003967285 12.6580009460449 12.4970006942749 12.528000831604 12.4320001602173 12.3390007019043 12.1990003585815 12.2370004653931 12.2870006561279 12.3400001525879 12.4120006561279 12.0900001525879 12.2740001678467 12.3010005950928 12.3520002365112 12.3810005187988 12.4980001449585 12.5340003967285 12.5090007781982 12.5970001220703 12.5980005264282 12.5210008621216 12.4990005493164 12.5690002441406 12.6630010604858 12.8010005950928 12.9190006256104 12.9540004730225 13.0490007400513 13.0440006256104 12.9850006103516 13.0450010299683 13.1770009994507
13.4940004348755 13.4350004196167 13.3650007247925 13.318000793457 13.3800010681152 13.326000213623 13.2490005493164 13.1000003814697 13.0140008926392 12.9800004959106 12.8860006332397 12.82200050354 12.7570009231567 12.7100009918213 12.7290010452271 12.6980009078979 12.6300010681152 12.6790008544922 12.6590003967285 12.6400003433228 12.6230001449585 12.5080003738403 12.4900007247925 12.4820003509521 12.3810005187988 12.3950004577637 12.4240007400513 12.4340009689331 12.5060005187988 12.3060007095337 12.0440006256104 12.0570001602173 12.1590003967285 12.2890005111694 12.6190004348755 12.7360010147095 12.778000831604 12.5290002822876 12.693000793457 12.6240005493164 12.6360006332397 12.5790004730225 12.6710004806519 12.7140007019043 12.8380002975464 12.9970006942749 13.1320009231567 13.2090005874634 13.2210006713867 13.2100009918213 13.2150001525879 13.2730007171631
13.6600008010864 13.6180009841919 13.5170001983643 13.4220008850098 13.5300006866455 13.5000009536743 13.4250001907349 13.3020009994507 13.1340007781982 13.0340003967285 12.9990005493164 12.9270009994507 12.8960008621216 12.8700008392334 12.7610006332397 12.6680002212524 12.6760005950928 12.6580009460449 12.6250009536743 12.7050008773804 12.6730003356934 12.5450010299683 12.5820007324219 12.5120010375977 12.4550008773804 12.5040006637573 12.5290002822876 12.3800001144409 12.3030004501343 12.1150007247925 12.2350006103516 12.1900005340576 12.1890001296997 12.3140001296997 12.6190004348755 12.9000005722046 13.0350008010864 12.9650001525879 12.8760004043579 12.8600006103516 12.7270002365112 12.6640005111694 12.7710008621216 12.8170003890991 12.9370002746582 13.1290006637573 13.2230005264282 13.2470006942749 13.2550010681152 13.2660007476807 13.2170009613037 13.1630010604858
13.8740005493164 13.7300004959106 13.5870008468628 13.4660005569458 13.4410009384155 13.5250005722046 13.4750003814697 13.3680009841919 13.3070001602173 13.2230005264282 13.1320009231567 13.0670003890991 13.07200050354 13.0580005645752 12.8900003433228 12.7900009155273 12.6050004959106 12.66100025177 12.7090005874634 12.7810001373291 12.7030010223389 12.5690002441406 12.6900005340576 12.5900001525879 12.532000541687 12.3660001754761 12.2440004348755 12.1790008544922 12.3230009078979 12.2730007171631 12.4590005874634 12.6070003509521 12.4500007629395 12.5410003662109 12.6740007400513 12.8210010528564 12.9220008850098 13.2500009536743 13.2640008926392 13.1270008087158 12.8850002288818 12.7930002212524 12.8550004959106 12.9580001831055 13.0020008087158 13.0900001525879 13.0800008773804 13.1790008544922 13.2930002212524 13.1990003585815 13.1460008621216 13.0510005950928
14.0160007476807 13.9140005111694 13.706000328064 13.5460004806519 13.4080009460449 13.496000289917 13.4760007858276 13.3770008087158 13.3530006408691 13.3500003814697 13.2530002593994 13.2900009155273 13.2550010681152 13.3390007019043 13.1590003967285 13.0150003433228 12.9050006866455 12.7450008392334 12.8090009689331 12.8390007019043 12.7290010452271 12.5850009918213 12.6990003585815 12.7550010681152 12.7550010681152 12.4370002746582 12.3990001678467 12.2520008087158 12.451000213623 12.7030010223389 12.7650003433228 12.6800003051758 12.7210006713867 12.8130006790161 12.6860008239746 12.6290006637573 12.9300003051758 12.988000869751 13.0610008239746 13.278000831604 13.0130004882812 12.9210004806519 12.9370002746582 12.9590005874634 13.0310010910034 13.1230010986328 13.1840009689331 13.2830009460449 13.2910003662109 13.2140007019043 13.1080007553101 13.0310010910034
