layers/vpdmin9.asc
NCOLS 421 
NROWS 354 
XLLCORNER -106.645833332895 
YLLCORNER 25.8541666666667 
CELLSIZE 0.0416666666669039 
NODATA_value -3.4e+38 
[rows 46 to 68 of 354, columns 260 to 311 of 421]
1.26400005817413 1.28500008583069 1.32300007343292 1.37000012397766 1.38200008869171 1.3950001001358 1.35200011730194 1.30600011348724 1.30300009250641 1.32500004768372 1.32800006866455 1.34100008010864 1.34500002861023 1.34400010108948 1.37400007247925 1.40500009059906 1.43800008296967 1.47700011730194 1.50000011920929 1.50000011920929 1.53600001335144 1.54600012302399 1.56800007820129 1.54500007629395 1.57700002193451 1.59200012683868 1.58000004291534 1.58000004291534 1.53200006484985 1.44600009918213 1.3950001001358 1.3620001077652 1.26500010490417 1.10900008678436 1.04700005054474 1.07600009441376 1.03299999237061 1.03400003910065 1.07500004768372 1.1470000743866 1.18400001525879 1.17000007629395 1.28900003433228 1.35500001907349 1.32800006866455 1.37100005149841 1.28700006008148 1.28500008583069 1.26600003242493 1.34800004959106 1.39800012111664 1.3620001077652
1.29000008106232 1.31400001049042 1.33400011062622 1.35400009155273 1.38100004196167 1.39300000667572 1.3970000743866 1.36500000953674 1.33700001239777 1.34900009632111 1.36300003528595 1.37400007247925 1.37400007247925 1.35800004005432 1.36500000953674 1.40600001811981 1.45600008964539 1.47300004959106 1.49500012397766 1.5090000629425 1.52900004386902 1.54500007629395 1.50300002098083 1.52400004863739 1.52300012111664 1.5440000295639 1.55200004577637 1.57700002193451 1.49300003051758 1.41500008106232 1.32400012016296 1.24800002574921 1.16500008106232 1.05099999904633 0.987000048160553 1.03600001335144 1.06000006198883 1.07600009441376 1.10000002384186 1.1710000038147 1.24300003051758 1.21000003814697 1.29900002479553 1.34800004959106 1.29500007629395 1.42400002479553 1.35800004005432 1.30900001525879 1.33900010585785 1.40700006484985 1.3840000629425 1.36700010299683
1.32500004768372 1.35400009155273 1.35800004005432 1.34400010108948 1.34700012207031 1.38500010967255 1.40000009536743 1.3970000743866 1.37400007247925 1.40000009536743 1.36500000953674 1.39400005340576 1.36600005626678 1.35800004005432 1.36600005626678 1.42000007629395 1.46600008010864 1.47400009632111 1.49100005626678 1.51700007915497 1.53000009059906 1.49000012874603 1.45900011062622 1.47700011730194 1.4870001077652 1.52400004863739 1.54000008106232 1.52700006961823 1.54900002479553 1.40100002288818 1.36600005626678 1.31000006198883 1.1710000038147 1.06900000572205 1.01900005340576 1.03400003910065 1.04100000858307 1.11300003528595 1.19800007343292 1.24700009822845 1.30600011348724 1.28800010681152 1.21700000762939 1.29900002479553 1.32800006866455 1.40000009536743 1.35800004005432 1.35900008678436 1.37000012397766 1.39800012111664 1.37900006771088 1.36500000953674
1.37000012397766 1.36900007724762 1.37700009346008 1.38700008392334 1.37000012397766 1.41600000858307 1.4410001039505 1.33900010585785 1.31900000572205 1.34400010108948 1.33500003814697 1.36900007724762 1.38200008869171 1.38200008869171 1.39600002765656 1.4410001039505 1.46000003814697 1.45500004291534 1.47000002861023 1.4760000705719 1.48200011253357 1.46700012683868 1.44900012016296 1.47300004959106 1.56500005722046 1.5900000333786 1.55600011348724 1.57400012016296 1.53000009059906 1.40900003910065 1.35700011253357 1.29800009727478 1.22000002861023 1.12100005149841 1.07400000095367 1.11000001430511 1.10400009155273 1.1580001115799 1.23400008678436 1.34600007534027 1.34200000762939 1.38900005817413 1.35800004005432 1.32800006866455 1.35500001907349 1.4190000295639 1.39900004863739 1.38900005817413 1.39100003242493 1.42300009727478 1.3950001001358 1.35800004005432
1.43500006198883 1.43400001525879 1.42000007629395 1.41700005531311 1.3950001001358 1.38100004196167 1.3840000629425 1.34900009632111 1.32000005245209 1.31400001049042 1.35200011730194 1.37800002098083 1.39600002765656 1.41300010681152 1.41300010681152 1.42200005054474 1.42300009727478 1.45400011539459 1.46400010585785 1.43900001049042 1.41500008106232 1.41600000858307 1.40400004386902 1.41000008583069 1.48000001907349 1.49900007247925 1.50600004196167 1.52500009536743 1.5090000629425 1.4650000333786 1.4190000295639 1.37600004673004 1.2960000038147 1.22700011730194 1.1450001001358 1.11400008201599 1.19400000572205 1.20800006389618 1.24900007247925 1.28900003433228 1.33200001716614 1.28800010681152 1.37900006771088 1.42000007629395 1.42200005054474 1.4410001039505 1.44500005245209 1.43800008296967 1.3970000743866 1.41400003433228 1.40400004386902 1.36100006103516
1.45500004291534 1.44300007820129 1.44200003147125 1.41500008106232 1.40000009536743 1.39300000667572 1.37000012397766 1.32900011539459 1.3400000333786 1.34500002861023 1.36600005626678 1.36400008201599 1.36800003051758 1.38500010967255 1.39000010490417 1.40100002288818 1.42000007629395 1.42100012302399 1.42100012302399 1.43500006198883 1.46300005912781 1.44000005722046 1.42600011825562 1.3950001001358 1.43500006198883 1.46000003814697 1.5220000743866 1.47100007534027 1.45000004768372 1.46800005435944 1.42500007152557 1.35600006580353 1.31900000572205 1.2720000743866 1.21900010108948 1.16000008583069 1.1450001001358 1.16300010681152 1.16800010204315 1.21800005435944 1.24400007724762 1.30600011348724 1.35900008678436 1.42000007629395 1.44500005245209 1.4650000333786 1.47200012207031 1.49200010299683 1.46800005435944 1.42500007152557 1.3950001001358 1.34400010108948
1.49600005149841 1.47300004959106 1.46900010108948 1.4410001039505 1.4190000295639 1.41400003433228 1.37500011920929 1.33000004291534 1.35700011253357 1.38300001621246 1.39100003242493 1.37700009346008 1.38100004196167 1.40900003910065 1.4080001115799 1.39800012111664 1.3860000371933 1.42100012302399 1.45000004768372 1.44800007343292 1.45000004768372 1.45900011062622 1.41500008106232 1.42600011825562 1.38800001144409 1.42400002479553 1.48000001907349 1.42900002002716 1.47500002384186 1.43900001049042 1.42200005054474 1.39800012111664 1.38000011444092 1.27800011634827 1.24000000953674 1.22000002861023 1.18700003623962 1.24400007724762 1.28800010681152 1.34200000762939 1.34900009632111 1.36300003528595 1.40400004386902 1.42400002479553 1.45200002193451 1.4870001077652 1.51300013065338 1.56400012969971 1.55800008773804 1.48300004005432 1.38900005817413 1.36000001430511
1.48400008678436 1.45500004291534 1.4650000333786 1.44200003147125 1.42900002002716 1.40500009059906 1.36400008201599 1.38300001621246 1.37000012397766 1.38100004196167 1.37800002098083 1.39300000667572 1.41700005531311 1.41100001335144 1.40500009059906 1.39200007915497 1.40900003910065 1.44600009918213 1.46200001239777 1.44800007343292 1.44500005245209 1.44800007343292 1.4300000667572 1.3950001001358 1.37500011920929 1.41500008106232 1.45100009441376 1.41800010204315 1.43100011348724 1.4300000667572 1.37900006771088 1.37200009822845 1.34700012207031 1.38300001621246 1.33200001716614 1.30300009250641 1.3050000667572 1.32500004768372 1.33700001239777 1.37900006771088 1.3840000629425 1.39400005340576 1.42100012302399 1.44200003147125 1.45400011539459 1.47300004959106 1.51900005340576 1.59600007534027 1.60800004005432 1.52400004863739 1.39400005340576 1.30000007152557
1.46400010585785 1.4650000333786 1.44800007343292 1.44000005722046 1.45100009441376 1.4190000295639 1.40300011634827 1.39600002765656 1.39100003242493 1.38200008869171 1.39300000667572 1.42500007152557 1.44200003147125 1.43900001049042 1.43900001049042 1.43600010871887 1.42000007629395 1.42700004577637 1.43400001525879 1.48000001907349 1.5090000629425 1.47400009632111 1.46600008010864 1.44600009918213 1.38900005817413 1.3840000629425 1.41500008106232 1.37200009822845 1.40700006484985 1.41000008583069 1.41500008106232 1.3840000629425 1.37000012397766 1.36600005626678 1.37000012397766 1.37200009822845 1.37500011920929 1.35600006580353 1.34700012207031 1.36400008201599 1.37800002098083 1.3840000629425 1.40000009536743 1.4190000295639 1.43500006198883 1.45900011062622 1.50000011920929 1.52700006961823 1.53100001811981 1.50700008869171 1.36900007724762 1.26800000667572
1.46300005912781 1.43400001525879 1.44500005245209 1.45900011062622 1.45000004768372 1.43900001049042 1.44900012016296 1.43500006198883 1.38900005817413 1.37600004673004 1.40300011634827 1.42400002479553 1.43500006198883 1.42800009250641 1.43700003623962 1.41500008106232 1.39200007915497 1.41500008106232 1.42600011825562 1.43500006198883 1.47300004959106 1.47100007534027 1.46800005435944 1.48000001907349 1.47900009155273 1.41100001335144 1.37000012397766 1.38900005817413 1.42200005054474 1.3950001001358 1.40700006484985 1.42200005054474 1.39200007915497 1.37100005149841 1.37900006771088 1.39400005340576 1.39400005340576 1.37200009822845 1.36800003051758 1.36100006103516 1.35300004482269 1.36000001430511 1.36500000953674 1.38100004196167 1.39300000667572 1.4300000667572 1.46200001239777 1.46900010108948 1.4760000705719 1.42900002002716 1.39200007915497 1.307000041008
1.4650000333786 1.4410001039505 1.43100011348724 1.44600009918213 1.45200002193451 1.44900012016296 1.45200002193451 1.46000003814697 1.43400001525879 1.40600001811981 1.40500009059906 1.44000005722046 1.43400001525879 1.42400002479553 1.40900003910065 1.39300000667572 1.40900003910065 1.39900004863739 1.4190000295639 1.41700005531311 1.44200003147125 1.42400002479553 1.4190000295639 1.41000008583069 1.38100004196167 1.37600004673004 1.36400008201599 1.37900006771088 1.40200006961823 1.42500007152557 1.40300011634827 1.42200005054474 1.40400004386902 1.39400005340576 1.38900005817413 1.39900004863739 1.39200007915497 1.38900005817413 1.40000009536743 1.38000011444092 1.35500001907349 1.34800004959106 1.36300003528595 1.3840000629425 1.37800002098083 1.40000009536743 1.40000009536743 1.43600010871887 1.42800009250641 1.43700003623962 1.4190000295639 1.37900006771088
1.43900001049042 1.44200003147125 1.42800009250641 1.43700003623962 1.45800006389618 1.45500004291534 1.45400011539459 1.47500002384186 1.45900011062622 1.47200012207031 1.4410001039505 1.42100012302399 1.40700006484985 1.40200006961823 1.3950001001358 1.40400004386902 1.41500008106232 1.40200006961823 1.39300000667572 1.40100002288818 1.43300008773804 1.47700011730194 1.45900011062622 1.47300004959106 1.41100001335144 1.46600008010864 1.41300010681152 1.41700005531311 1.3950001001358 1.40000009536743 1.39600002765656 1.39400005340576 1.42000007629395 1.40100002288818 1.38200008869171 1.40000009536743 1.41000008583069 1.43100011348724 1.42900002002716 1.4300000667572 1.4080001115799 1.38700008392334 1.36700010299683 1.35900008678436 1.38000011444092 1.39000010490417 1.40200006961823 1.41600000858307 1.42400002479553 1.40200006961823 1.37100005149841 1.33300006389618
1.42300009727478 1.43400001525879 1.44800007343292 1.45300006866455 1.47500002384186 1.48200011253357 1.45300006866455 1.45200002193451 1.47100007534027 1.4650000333786 1.41700005531311 1.4190000295639 1.43800008296967 1.42500007152557 1.4190000295639 1.42100012302399 1.42800009250641 1.43500006198883 1.42500007152557 1.44400012493134 1.49000012874603 1.51900005340576 1.47300004959106 1.45900011062622 1.41500008106232 1.46800005435944 1.43700003623962 1.43600010871887 1.49600005149841 1.45000004768372 1.42900002002716 1.43900001049042 1.41600000858307 1.37100005149841 1.36500000953674 1.35400009155273 1.38100004196167 1.3950001001358 1.40900003910065 1.41500008106232 1.38700008392334 1.3840000629425 1.37400007247925 1.37400007247925 1.37000012397766 1.39600002765656 1.38500010967255 1.41100001335144 1.40900003910065 1.33900010585785 1.33900010585785 1.37500011920929
1.45500004291534 1.45000004768372 1.46400010585785 1.48600006103516 1.48100006580353 1.49400007724762 1.43900001049042 1.43300008773804 1.44900012016296 1.44000005722046 1.4190000295639 1.41300010681152 1.4300000667572 1.47500002384186 1.50400006771088 1.5090000629425 1.48300004005432 1.47800004482269 1.46400010585785 1.48600006103516 1.50700008869171 1.53600001335144 1.52300012111664 1.4760000705719 1.50200009346008 1.46600008010864 1.46900010108948 1.48900008201599 1.48200011253357 1.44200003147125 1.42200005054474 1.4190000295639 1.40900003910065 1.38800001144409 1.34600007534027 1.31100010871887 1.30900001525879 1.38000011444092 1.40000009536743 1.40000009536743 1.38200008869171 1.3840000629425 1.38500010967255 1.36700010299683 1.35700011253357 1.37500011920929 1.39000010490417 1.42000007629395 1.43500006198883 1.45000004768372 1.35700011253357 1.35700011253357
1.44900012016296 1.45900011062622 1.47400009632111 1.48000001907349 1.45500004291534 1.46000003814697 1.432000041008 1.4190000295639 1.42500007152557 1.43500006198883 1.43700003623962 1.40500009059906 1.41600000858307 1.46600008010864 1.50100004673004 1.49000012874603 1.46700012683868 1.51600003242493 1.53600001335144 1.57500004768372 1.60000002384186 1.55900001525879 1.56800007820129 1.53000009059906 1.49700009822845 1.47500002384186 1.46700012683868 1.46900010108948 1.46900010108948 1.43400001525879 1.42600011825562 1.42400002479553 1.42500007152557 1.41200006008148 1.37200009822845 1.33000004291534 1.31500005722046 1.34600007534027 1.37600004673004 1.3860000371933 1.37900006771088 1.38500010967255 1.37600004673004 1.36700010299683 1.35000002384186 1.37100005149841 1.38900005817413 1.40600001811981 1.40300011634827 1.43300008773804 1.42800009250641 1.38300001621246
1.4410001039505 1.44500005245209 1.43800008296967 1.43500006198883 1.44400012493134 1.46200001239777 1.46100008487701 1.43500006198883 1.42600011825562 1.43900001049042 1.42100012302399 1.39900004863739 1.41000008583069 1.44600009918213 1.45700001716614 1.45000004768372 1.45300006866455 1.47900009155273 1.50400006771088 1.52100002765656 1.5660001039505 1.58300006389618 1.49300003051758 1.46900010108948 1.43900001049042 1.44700002670288 1.45000004768372 1.46000003814697 1.45100009441376 1.42800009250641 1.4190000295639 1.40300011634827 1.42600011825562 1.37700009346008 1.36400008201599 1.33400011062622 1.32600009441376 1.32700002193451 1.34800004959106 1.38900005817413 1.37100005149841 1.3400000333786 1.33000004291534 1.33100008964539 1.34300005435944 1.3620001077652 1.37300002574921 1.38100004196167 1.39600002765656 1.3970000743866 1.4080001115799 1.35600006580353
1.45500004291534 1.4410001039505 1.42600011825562 1.43600010871887 1.44800007343292 1.46600008010864 1.46400010585785 1.45500004291534 1.43400001525879 1.41800010204315 1.41000008583069 1.41800010204315 1.432000041008 1.44500005245209 1.46200001239777 1.45900011062622 1.43700003623962 1.44900012016296 1.47800004482269 1.47200012207031 1.42900002002716 1.45600008964539 1.42000007629395 1.43100011348724 1.4410001039505 1.43900001049042 1.44700002670288 1.44600009918213 1.43500006198883 1.39300000667572 1.3950001001358 1.40400004386902 1.37800002098083 1.32000005245209 1.30400002002716 1.30100011825562 1.29800009727478 1.32000005245209 1.33600008487701 1.35700011253357 1.34300005435944 1.31200003623962 1.3050000667572 1.31800007820129 1.31200003623962 1.31400001049042 1.33500003814697 1.34700012207031 1.36800003051758 1.39600002765656 1.37000012397766 1.3050000667572
1.44400012493134 1.43600010871887 1.41400003433228 1.42500007152557 1.43500006198883 1.44200003147125 1.45900011062622 1.45800006389618 1.44200003147125 1.40300011634827 1.41200006008148 1.41100001335144 1.42400002479553 1.43900001049042 1.45300006866455 1.46100008487701 1.44900012016296 1.47200012207031 1.46400010585785 1.45400011539459 1.46200001239777 1.53100001811981 1.56500005722046 1.51200008392334 1.50700008869171 1.49300003051758 1.49200010299683 1.48800003528595 1.48200011253357 1.41500008106232 1.38000011444092 1.37900006771088 1.36900007724762 1.33900010585785 1.31700003147125 1.28000009059906 1.31500005722046 1.35800004005432 1.37800002098083 1.35400009155273 1.34400010108948 1.3050000667572 1.29700005054474 1.29500007629395 1.29300010204315 1.2940000295639 1.2940000295639 1.30900001525879 1.31500005722046 1.3400000333786 1.34200000762939 1.28900003433228
1.42300009727478 1.43300008773804 1.42900002002716 1.43100011348724 1.45100009441376 1.44400012493134 1.45700001716614 1.45900011062622 1.42300009727478 1.37500011920929 1.37200009822845 1.39000010490417 1.39300000667572 1.38900005817413 1.40700006484985 1.43400001525879 1.46000003814697 1.46000003814697 1.44900012016296 1.46200001239777 1.48900008201599 1.5090000629425 1.47000002861023 1.48500001430511 1.50500011444092 1.52100002765656 1.5200001001358 1.5090000629425 1.47800004482269 1.41000008583069 1.38900005817413 1.37800002098083 1.36000001430511 1.34300005435944 1.32400012016296 1.35000002384186 1.33500003814697 1.35800004005432 1.3510000705719 1.3400000333786 1.32800006866455 1.29500007629395 1.26200008392334 1.28000009059906 1.25100004673004 1.25500011444092 1.24000000953674 1.2610000371933 1.26600003242493 1.28000009059906 1.26900005340576 1.28100001811981
1.42500007152557 1.42900002002716 1.43900001049042 1.45400011539459 1.46100008487701 1.45800006389618 1.44800007343292 1.43400001525879 1.41400003433228 1.39400005340576 1.38700008392334 1.39900004863739 1.40400004386902 1.40000009536743 1.3970000743866 1.41600000858307 1.43900001049042 1.43900001049042 1.42200005054474 1.42000007629395 1.40700006484985 1.43800008296967 1.45400011539459 1.4650000333786 1.49600005149841 1.5110000371933 1.50800001621246 1.48500001430511 1.44500005245209 1.36900007724762 1.34700012207031 1.3510000705719 1.33900010585785 1.33900010585785 1.37500011920929 1.3840000629425 1.39400005340576 1.38500010967255 1.3620001077652 1.32800006866455 1.31800007820129 1.28100001811981 1.25500011444092 1.25700008869171 1.25500011444092 1.25400006771088 1.22100007534027 1.21300005912781 1.20300006866455 1.20400011539459 1.23500001430511 1.25400006771088
1.44000005722046 1.43400001525879 1.44500005245209 1.46900010108948 1.47900009155273 1.47400009632111 1.45400011539459 1.44800007343292 1.45500004291534 1.42600011825562 1.41000008583069 1.40400004386902 1.41200006008148 1.40900003910065 1.40400004386902 1.42300009727478 1.43500006198883 1.46000003814697 1.43600010871887 1.40900003910065 1.42100012302399 1.41200006008148 1.42000007629395 1.44600009918213 1.46300005912781 1.47300004959106 1.48800003528595 1.47000002861023 1.43500006198883 1.37600004673004 1.34900009632111 1.33500003814697 1.3510000705719 1.35500001907349 1.3950001001358 1.41100001335144 1.41000008583069 1.39100003242493 1.36400008201599 1.34700012207031 1.32200002670288 1.29000008106232 1.26500010490417 1.2610000371933 1.22400009632111 1.19200003147125 1.18700003623962 1.17900002002716 1.19400000572205 1.20500004291534 1.20400011539459 1.2260000705719
1.45800006389618 1.45000004768372 1.45400011539459 1.46100008487701 1.49300003051758 1.47900009155273 1.47100007534027 1.47400009632111 1.47200012207031 1.44000005722046 1.41000008583069 1.41100001335144 1.41000008583069 1.40900003910065 1.41100001335144 1.43300008773804 1.43800008296967 1.45400011539459 1.46300005912781 1.44400012493134 1.42500007152557 1.40300011634827 1.39400005340576 1.41100001335144 1.43700003623962 1.43900001049042 1.44900012016296 1.43300008773804 1.3950001001358 1.34300005435944 1.31500005722046 1.32300007343292 1.3510000705719 1.36900007724762 1.35900008678436 1.38500010967255 1.39800012111664 1.38900005817413 1.36900007724762 1.35200011730194 1.33800005912781 1.31100010871887 1.26700007915497 1.24800002574921 1.23800003528595 1.21400010585785 1.19700002670288 1.21800005435944 1.20300006866455 1.2260000705719 1.2150000333786 1.21200001239777
1.45400011539459 1.4870001077652 1.47700011730194 1.49400007724762 1.49900007247925 1.47400009632111 1.50000011920929 1.50200009346008 1.5090000629425 1.45600008964539 1.42800009250641 1.42400002479553 1.42200005054474 1.42100012302399 1.41700005531311 1.42500007152557 1.43100011348724 1.43400001525879 1.45300006866455 1.4300000667572 1.40700006484985 1.40500009059906 1.40000009536743 1.3860000371933 1.40600001811981 1.40900003910065 1.41700005531311 1.42000007629395 1.39100003242493 1.33600008487701 1.29100000858307 1.33300006389618 1.34300005435944 1.34100008010864 1.34700012207031 1.34900009632111 1.36600005626678 1.36600005626678 1.35000002384186 1.3510000705719 1.33000004291534 1.3160001039505 1.26000010967255 1.23500001430511 1.22400009632111 1.20300006866455 1.20000004768372 1.21000003814697 1.19200003147125 1.20500004291534 1.23000001907349 1.22500002384186
