layers/vpdmax11.asc
NCOLS 421 
NROWS 354 
XLLCORNER -106.645833332895 
YLLCORNER 25.8541666666667 
CELLSIZE 0.0416666666669039 
NODATA_value -3.4e+38 
[rows 253 to 275 of 354, columns 52 to 103 of 421]
29.2350006103516 28.7150020599365 30.226001739502 29.9090023040771 29.1200008392334 28.7140007019043 28.8680019378662 29.2080020904541 30.5790023803711 31.9730014801025 33.2600021362305 34.1650009155273 32.9029998779297 31.0870018005371 29.9770011901855 29.9120006561279 29.8420009613037 29.2160015106201 30.5000019073486 30.5940017700195 31.238000869751 32.5910034179688 30.6740016937256 31.117000579834 31.9730014801025 35.1080017089844 35.8850021362305 35.8400001525879 35.1560020446777 35.6580009460449 35.6840019226074 34.9099998474121 34.5230026245117 35.3550033569336 35.4200019836426 34.2230033874512 34.2650032043457 34.3500022888184 34.3630027770996 35.3870010375977 35.609001159668 35.6240005493164 35.7040023803711 35.9240036010742 35.7630004882812 35.5510025024414 35.3950004577637 35.1290016174316 35.2569999694824 35.4960021972656 35.7709999084473 35.8290023803711
29.6120014190674 30.1550006866455 31.3440017700195 31.427001953125 30.859001159668 29.6980018615723 29.7430019378662 29.7700023651123 31.2250022888184 32.5450019836426 33.6140022277832 34.669002532959 33.4610023498535 31.1260013580322 31.6070022583008 30.7500019073486 29.3000011444092 29.8320007324219 31.2220020294189 30.9710006713867 31.3920021057129 33.2400016784668 31.1210021972656 32.7900009155273 32.4640007019043 32.2150001525879 35.3310012817383 36.677001953125 36.044002532959 36.1550025939941 35.5100021362305 35.4040031433105 35.3460006713867 35.4099998474121 35.7650032043457 35.3480033874512 35.0870018005371 36.1640014648438 36.2230033874512 36.2820014953613 36.1800003051758 35.617000579834 35.7490005493164 36.294002532959 36.3940010070801 36.3540000915527 36.201000213623 36.0920028686523 35.8860015869141 36.109001159668 36.3810005187988 36.1870002746582
26.7750015258789 30.6180019378662 31.6650009155273 32.6480026245117 32.0580024719238 30.9480018615723 30.5820007324219 30.4210014343262 32.3380012512207 33.5220031738281 34.6430015563965 35.0480003356934 34.0060005187988 32.3150024414062 33.3880004882812 32.8580017089844 33.4400024414062 33.6140022277832 33.7200012207031 32.4690017700195 31.5000019073486 33.3390007019043 34.1430015563965 33.7870025634766 33.326000213623 32.3080024719238 35.745002746582 37.0560035705566 37.0110015869141 36.3080024719238 35.9480018615723 35.2919998168945 35.052001953125 34.5790023803711 34.5460014343262 35.4070014953613 35.8980026245117 36.1800003051758 35.6450004577637 36.8950004577637 36.310001373291 36.8870010375977 36.6760025024414 36.7569999694824 36.7910003662109 36.7330017089844 36.6700019836426 36.7200012207031 36.4670028686523 36.435001373291 36.6730003356934 36.6900024414062
28.601001739502 31.3840007781982 32.9550018310547 33.6070022583008 33.253002166748 32.0800018310547 31.6510009765625 31.8090019226074 33.4720001220703 34.5080032348633 35.245002746582 35.3360023498535 34.003002166748 31.7610015869141 31.4090023040771 34.4750022888184 34.3280029296875 33.9680023193359 33.8800010681152 33.4700012207031 34.3090019226074 34.4980010986328 34.3120002746582 33.851001739502 34.2610015869141 33.2709999084473 36.4960021972656 37.5890007019043 37.8080024719238 37.2060012817383 36.4800033569336 35.0240020751953 33.9850006103516 34.6410026550293 35.4370002746582 36.177001953125 35.8850021362305 35.9470024108887 35.5560035705566 35.5750007629395 36.4070014953613 36.9940032958984 36.8400001525879 37.1030006408691 37.2569999694824 37.1670036315918 37.1650009155273 37.310001373291 37.0720024108887 36.9090003967285 37.1130027770996 37.044002532959
30.2160015106201 26.5110015869141 31.5390014648438 34.8850021362305 33.6480026245117 33.2800025939941 32.9050025939941 32.6340026855469 33.492000579834 35.3889999389648 36.2020034790039 35.6680030822754 34.1830024719238 32.5890007019043 34.0310020446777 34.9710006713867 34.617000579834 35.0800018310547 35.1290016174316 35.1900024414062 35.3920021057129 35.298999786377 35.2280006408691 35.1630020141602 34.4640007019043 34.5080032348633 37.3470001220703 38.4170036315918 38.5 37.5530014038086 36.6590003967285 35.9570007324219 35.8840026855469 34.7779998779297 36.2750015258789 37.2410011291504 37.3210029602051 37.2580032348633 37.1980018615723 36.8250007629395 36.8000030517578 37.0020027160645 36.7770004272461 37.0990028381348 37.0130004882812 37.2840003967285 37.5650024414062 37.4310035705566 37.2580032348633 37.7639999389648 38.1319999694824 38.1650009155273
35.0800018310547 32.1620025634766 30.3540019989014 34.5430030822754 33.7919998168945 32.9130020141602 34.0060005187988 33.6050033569336 33.9710006713867 36.0810012817383 36.9420013427734 36.5040016174316 35.4260025024414 33.7000007629395 34.0820007324219 35.8220024108887 33.8660011291504 35.6780014038086 35.7080001831055 35.7890014648438 35.7620010375977 35.2779998779297 35.2970008850098 35.8320007324219 35.0110015869141 30.2200012207031 35.5390014648438 37.4450035095215 38.8140029907227 39.0290031433105 38.310001373291 37.6310005187988 37.5560035705566 37.8870010375977 38.1230010986328 38.4040031433105 38.3800010681152 38.3250007629395 38.2070007324219 37.862003326416 37.8250007629395 37.2990036010742 37.0820007324219 37.0370025634766 36.8910026550293 36.9740028381348 37.0150032043457 37.0920028686523 37.367000579834 37.5090026855469 38.044002532959 -3.4e+38
39.3000030517578 37.1840019226074 36.2030029296875 35.8230018615723 35.661003112793 34.3320007324219 35.2160034179688 34.4050025939941 35.6400032043457 37.0750007629395 37.5880012512207 37.1290016174316 35.6380004882812 33.6550025939941 35.1890029907227 36.4610023498535 36.5240020751953 36.370002746582 36.2639999389648 36.226001739502 35.6040000915527 35.2800025939941 35.3570022583008 35.911003112793 36.4740028381348 36.3980026245117 35.7620010375977 32.8310012817383 36.0840034484863 37.8130035400391 39.4880027770996 39.161003112793 38.8650016784668 39.3540000915527 39.5430030822754 39.5500030517578 38.935001373291 38.8060035705566 38.745002746582 38.7050018310547 38.2840003967285 37.8140029907227 37.5 37.669002532959 37.4890022277832 37.5620002746582 37.8240013122559 39.0310020446777 38.1500015258789 37.5040016174316 -3.4e+38 -3.4e+38
41.1500015258789 39.4420013427734 38.1730003356934 37.1150016784668 37.4540023803711 35.6030006408691 36.4450035095215 34.5530014038086 36.5950012207031 38.0300025939941 38.4180030822754 37.9490013122559 35.5010032653809 34.2050018310547 35.9300003051758 36.8140029907227 36.9570007324219 37.0020027160645 36.9800033569336 36.4890022277832 35.4910011291504 34.8680000305176 33.992000579834 34.0380020141602 34.6630020141602 35.2080001831055 37.0940017700195 35.8550033569336 34.8610000610352 36.7890014648438 38.9260025024414 40.1450004577637 39.9610023498535 40.1620025634766 40.2300033569336 40.3560028076172 39.2850036621094 38.9470024108887 39.1810035705566 38.5740013122559 38.3120002746582 39.0430030822754 39.2660026550293 39.120002746582 39.125 -3.4e+38 -3.4e+38 -3.4e+38 -3.4e+38 -3.4e+38 -3.4e+38 -3.4e+38
42.4080009460449 40.9000015258789 39.8630027770996 39.8030014038086 38.2200012207031 36.9140014648438 38.4540023803711 39.0100021362305 39.1020011901855 38.7180023193359 37.6100006103516 37.3450012207031 37.1330032348633 35.753002166748 34.6560020446777 36.919002532959 37.2660026550293 37.560001373291 37.6510009765625 37.3050003051758 36.5100021362305 35.5040016174316 35.1350021362305 35.2600021362305 34.6490020751953 34.9780006408691 35.1700019836426 37.9500007629395 38.0139999389648 37.2510032653809 38.1510009765625 40.0670013427734 40.8530006408691 40.9400024414062 40.9290008544922 41.302001953125 39.9620018005371 39.7610015869141 39.6640014648438 37.8490028381348 37.9070014953613 40.0460014343262 41.7070007324219 -3.4e+38 -3.4e+38 -3.4e+38 -3.4e+38 -3.4e+38 -3.4e+38 -3.4e+38 -3.4e+38 -3.4e+38
43.1780014038086 42.0040016174316 41.3330001831055 41.0150032043457 39.4210014343262 39.3470001220703 40.1440010070801 40.3050003051758 39.1660003662109 38.2290000915527 36.8870010375977 35.0300025939941 34.1540031433105 33.1389999389648 34.0930023193359 35.628002166748 36.7410011291504 37.375 37.734001159668 37.9400024414062 37.4990005493164 36.7350006103516 36.6180000305176 36.2910003662109 30.0340023040771 35.0130004882812 35.8740005493164 36.6550025939941 39.2070007324219 39.5300025939941 39.5370025634766 39.2600021362305 41.068000793457 41.7590026855469 42.1500015258789 42.362003326416 41.0890007019043 41.4320030212402 39.7110023498535 36.5400009155273 38.5430030822754 40.6880035400391 43.8840026855469 -3.4e+38 -3.4e+38 -3.4e+38 -3.4e+38 -3.4e+38 -3.4e+38 -3.4e+38 -3.4e+38 -3.4e+38
43.9610023498535 42.9280014038086 42.4850006103516 42.0300025939941 41.1640014648438 41.5960006713867 41.370002746582 40.2000007629395 38.9210014343262 37.625 35.7390022277832 33.9680023193359 33.048999786377 31.6750011444092 33.8800010681152 33.3800010681152 32.5340003967285 36.3600006103516 36.9160003662109 37.6389999389648 38.367000579834 37.9360008239746 37.8900032043457 37.1700019836426 32.3370018005371 35.0250015258789 36.5300025939941 37.2790031433105 38.7850036621094 40.1720008850098 40.4330024719238 40.826000213623 40.7430000305176 41.1910018920898 41.5130004882812 41.7230033874512 39.3680000305176 42.6440010070801 41.8050003051758 38.1560020446777 37.1290016174316 45.2250022888184 -3.4e+38 -3.4e+38 -3.4e+38 -3.4e+38 -3.4e+38 -3.4e+38 -3.4e+38 -3.4e+38 -3.4e+38 -3.4e+38
-3.4e+38 44.2670021057129 43.5850028991699 43.0790023803711 42.609001159668 42.726001739502 41.935001373291 40.6880035400391 39.3140029907227 36.7240028381348 34.6960029602051 34.6550025939941 34.2510032653809 32.617000579834 32.1340026855469 33.9700012207031 34.6110000610352 37.0020027160645 38.4490013122559 38.6590003967285 38.9990005493164 38.6300010681152 38.1890029907227 37.9810028076172 38.4300003051758 38.3310012817383 38.4730033874512 38.992000579834 39.1500015258789 40.5250015258789 40.9450035095215 41.1810035705566 39.6260032653809 38.1420021057129 39.9060020446777 40.101001739502 41.4640007019043 43.1890029907227 43.6470031738281 42.1490020751953 43.987003326416 -3.4e+38 -3.4e+38 -3.4e+38 -3.4e+38 -3.4e+38 -3.4e+38 -3.4e+38 -3.4e+38 -3.4e+38 -3.4e+38 -3.4e+38
-3.4e+38 -3.4e+38 -3.4e+38 44.0880012512207 43.7400016784668 43.2830009460449 42.2080001831055 40.7350006103516 38.6590003967285 36.6420021057129 37.109001159668 36.3280029296875 34.8959999084473 33.0550003051758 33.8210029602051 33.3380012512207 34.2690010070801 35.7210006713867 37.3240013122559 37.8570022583008 39.2560005187988 38.451000213623 37.5910034179688 37.9140014648438 37.8450012207031 37.3970031738281 38.4130020141602 39.2170028686523 38.0780029296875 33.8550033569336 38.0790023803711 40.3070030212402 39.560001373291 37.7510032653809 36.8520011901855 37.1800003051758 37.1590003967285 41.4050025939941 42.044002532959 43.3320007324219 45.068000793457 -3.4e+38 -3.4e+38 -3.4e+38 -3.4e+38 -3.4e+38 -3.4e+38 -3.4e+38 -3.4e+38 -3.4e+38 -3.4e+38 -3.4e+38
-3.4e+38 -3.4e+38 -3.4e+38 -3.4e+38 -3.4e+38 43.8560028076172 43.609001159668 41.2290000915527 38.4810028076172 35.286003112793 34.6570014953613 35.2690010070801 34.7000007629395 33.3819999694824 33.6420021057129 33.3570022583008 33.2100028991699 34.5900001525879 36.6990013122559 37.193000793457 38.9940032958984 36.9020004272461 37.2170028686523 36.0410003662109 34.7050018310547 34.9530029296875 37.8640022277832 38.351001739502 37.036003112793 34.3030014038086 35.5870018005371 39.076000213623 39.4220008850098 37.8790016174316 35.6560020446777 34.3819999694824 31.9560012817383 40.0570030212402 43.4090003967285 44.4230003356934 -3.4e+38 -3.4e+38 -3.4e+38 -3.4e+38 -3.4e+38 -3.4e+38 -3.4e+38 -3.4e+38 -3.4e+38 -3.4e+38 -3.4e+38 -3.4e+38
-3.4e+38 -3.4e+38 -3.4e+38 -3.4e+38 -3.4e+38 -3.4e+38 44.4780006408691 42.4620018005371 37.7390022277832 34.7660026550293 33.3360023498535 33.4130020141602 34.302001953125 34.0940017700195 35.1990013122559 33.2210006713867 33.237003326416 33.1980018615723 37.1600036621094 38.8420028686523 40.5480003356934 39.5710029602051 38.2000007629395 36.1380004882812 33.1940002441406 34.7150001525879 36.7600021362305 37.0650024414062 38.1050033569336 37.794002532959 37.3980026245117 39.6840019226074 39.9780006408691 38.5890007019043 37.044002532959 30.6070022583008 31.5700016021729 38.6710014343262 44.0490036010742 45.5950012207031 -3.4e+38 -3.4e+38 -3.4e+38 -3.4e+38 -3.4e+38 -3.4e+38 -3.4e+38 -3.4e+38 -3.4e+38 -3.4e+38 -3.4e+38 -3.4e+38
-3.4e+38 -3.4e+38 -3.4e+38 -3.4e+38 -3.4e+38 -3.4e+38 -3.4e+38 44.0390014648438 40.4490013122559 35.8230018615723 34.6560020446777 34.068000793457 33.5349998474121 34.6990013122559 36.576000213623 35.0470008850098 33.0340003967285 33.3030014038086 37.4980010986328 39.1060028076172 41.1800003051758 40.7510032653809 39.7850036621094 38.4970016479492 35.3360023498535 33.4940032958984 37.5040016174316 38.2720031738281 38.2760009765625 38.3680000305176 38.7950019836426 40.0770034790039 40.5970001220703 39.2720031738281 37.5350036621094 29.2440013885498 32.298999786377 38.9050025939941 44.8090019226074 46.4130020141602 -3.4e+38 -3.4e+38 -3.4e+38 -3.4e+38 -3.4e+38 -3.4e+38 -3.4e+38 -3.4e+38 -3.4e+38 -3.4e+38 -3.4e+38 -3.4e+38
-3.4e+38 -3.4e+38 -3.4e+38 -3.4e+38 -3.4e+38 -3.4e+38 -3.4e+38 -3.4e+38 44.3940010070801 40.8150024414062 36.1880035400391 33.310001373291 34.0370025634766 34.8490028381348 37.9060020446777 40.3210029602051 37.185001373291 34.5190010070801 36.2360000610352 38.5480003356934 40.5620002746582 41.3600006103516 41.0620002746582 39.6550025939941 39.2240028381348 38.6190032958984 37.6890029907227 35.7630004882812 36.5250015258789 37.0060005187988 37.737003326416 38.6780014038086 40.0340003967285 40.0290031433105 37.9660034179688 32.6669998168945 34.7709999084473 39.2840003967285 44.0070037841797 -3.4e+38 -3.4e+38 -3.4e+38 -3.4e+38 -3.4e+38 -3.4e+38 -3.4e+38 -3.4e+38 -3.4e+38 -3.4e+38 -3.4e+38 -3.4e+38 -3.4e+38
-3.4e+38 -3.4e+38 -3.4e+38 -3.4e+38 -3.4e+38 -3.4e+38 -3.4e+38 -3.4e+38 -3.4e+38 -3.4e+38 42.8650016784668 40.6060028076172 38.5820007324219 36.6740036010742 39.1460037231445 42.6560020446777 41.0430030822754 38.9200019836426 38.0450019836426 39.4540023803711 40.867000579834 41.9440002441406 42.5160026550293 41.8370018005371 40.7080001831055 39.6430015563965 38.7410011291504 36.9000015258789 34.6430015563965 34.2230033874512 35.6700019836426 37.4740028381348 38.9360008239746 41.1620025634766 40.0040016174316 37.0139999389648 35.7540016174316 38.0800018310547 -3.4e+38 -3.4e+38 -3.4e+38 -3.4e+38 -3.4e+38 -3.4e+38 -3.4e+38 -3.4e+38 -3.4e+38 -3.4e+38 -3.4e+38 -3.4e+38 -3.4e+38 -3.4e+38
-3.4e+38 -3.4e+38 -3.4e+38 -3.4e+38 -3.4e+38 -3.4e+38 -3.4e+38 -3.4e+38 -3.4e+38 -3.4e+38 -3.4e+38 -3.4e+38 -3.4e+38 43.419002532959 44.6320037841797 44.3370018005371 41.8200035095215 43.9300003051758 43.536003112793 42.6460037231445 42.3230018615723 43.3860015869141 43.5890007019043 42.6030006408691 41.2070007324219 37.8530006408691 36.5550003051758 32.7550010681152 26.2250003814697 27.4060020446777 30.7500019073486 37.3380012512207 38.9980010986328 42.0720024108887 42.7730026245117 40.7950019836426 36.560001373291 39.3040008544922 -3.4e+38 -3.4e+38 -3.4e+38 -3.4e+38 -3.4e+38 -3.4e+38 -3.4e+38 -3.4e+38 -3.4e+38 -3.4e+38 -3.4e+38 -3.4e+38 -3.4e+38 -3.4e+38
-3.4e+38 -3.4e+38 -3.4e+38 -3.4e+38 -3.4e+38 -3.4e+38 -3.4e+38 -3.4e+38 -3.4e+38 -3.4e+38 -3.4e+38 -3.4e+38 -3.4e+38 -3.4e+38 -3.4e+38 -3.4e+38 -3.4e+38 43.8230018615723 41.818000793457 44.0320014953613 44.4960021972656 44.9180030822754 43.0620002746582 43.1250038146973 41.0180015563965 36.0060005187988 34.9440002441406 25.6110019683838 23.8660011291504 28.1480007171631 33.2190017700195 37.4610023498535 40.7640037536621 42.5510025024414 44.4750022888184 42.6880035400391 40.1890029907227 41.3220024108887 42.6890029907227 -3.4e+38 -3.4e+38 -3.4e+38 -3.4e+38 -3.4e+38 -3.4e+38 -3.4e+38 -3.4e+38 -3.4e+38 -3.4e+38 -3.4e+38 -3.4e+38 -3.4e+38
-3.4e+38 -3.4e+38 -3.4e+38 -3.4e+38 -3.4e+38 -3.4e+38 -3.4e+38 -3.4e+38 -3.4e+38 -3.4e+38 -3.4e+38 -3.4e+38 -3.4e+38 -3.4e+38 -3.4e+38 -3.4e+38 -3.4e+38 -3.4e+38 40.5810012817383 40.0860023498535 45.2680015563965 45.8340034484863 45.294002532959 44.1110038757324 41.8130035400391 39.120002746582 34.2840003967285 28.3350009918213 28.992000579834 33.1870002746582 37.5670013427734 38.237003326416 42.427001953125 44.0650024414062 45.0100021362305 44.995002746582 44.1290016174316 43.5850028991699 -3.4e+38 -3.4e+38 -3.4e+38 -3.4e+38 -3.4e+38 -3.4e+38 -3.4e+38 -3.4e+38 -3.4e+38 -3.4e+38 -3.4e+38 -3.4e+38 -3.4e+38 -3.4e+38
-3.4e+38 -3.4e+38 -3.4e+38 -3.4e+38 -3.4e+38 -3.4e+38 -3.4e+38 -3.4e+38 -3.4e+38 -3.4e+38 -3.4e+38 -3.4e+38 -3.4e+38 -3.4e+38 -3.4e+38 -3.4e+38 -3.4e+38 -3.4e+38 -3.4e+38 -3.4e+38 41.3140029907227 46.6700019836426 46.8450012207031 45.109001159668 43.2400016784668 40.2350006103516 36.8889999389648 31.5950012207031 32.1760025024414 37.2600021362305 40.5590019226074 42.1860008239746 43.7110023498535 45.0670013427734 46.0640029907227 45.9880027770996 -3.4e+38 -3.4e+38 -3.4e+38 -3.4e+38 -3.4e+38 -3.4e+38 -3.4e+38 -3.4e+38 -3.4e+38 -3.4e+38 -3.4e+38 -3.4e+38 -3.4e+38 -3.4e+38 -3.4e+38 -3.4e+38
-3.4e+38 -3.4e+38 -3.4e+38 -3.4e+38 -3.4e+38 -3.4e+38 -3.4e+38 -3.4e+38 -3.4e+38 -3.4e+38 -3.4e+38 -3.4e+38 -3.4e+38 -3.4e+38 -3.4e+38 -3.4e+38 -3.4e+38 -3.4e+38 -3.4e+38 -3.4e+38 -3.4e+38 -3.4e+38 -3.4e+38 46.7840003967285 44.653003692627 42.6500015258789 41.6130027770996 33.8340034484863 37.9650001525879 41.560001373291 42.6550025939941 40.6790008544922 45.0840034484863 45.8190040588379 46.5400009155273 -3.4e+38 -3.4e+38 -3.4e+38 -3.4e+38 -3.4e+38 -3.4e+38 -3.4e+38 -3.4e+38 -3.4e+38 -3.4e+38 -3.4e+38 -3.4e+38 -3.4e+38 -3.4e+38 -3.4e+38 -3.4e+38 -3.4e+38
