layers/vpdmin9.asc
NCOLS 421 
NROWS 354 
XLLCORNER -106.645833332895 
YLLCORNER 25.8541666666667 
CELLSIZE 0.0416666666669039 
NODATA_value -3.4e+38 
[rows 138 to 160 of 354, columns 156 to 207 of 421]
2.46500015258789 2.4520001411438 2.45300006866455 2.44700002670288 2.44600009918213 2.43800020217896 2.44600009918213 2.46200013160706 2.44900012016296 2.42500019073486 2.39000010490417 2.37200021743774 2.36700010299683 2.3510000705719 2.29900002479553 2.33500003814697 2.34500002861023 2.33500003814697 2.3490002155304 2.35900020599365 2.35000014305115 2.33200001716614 2.34400010108948 2.31800007820129 2.30700016021729 2.29500007629395 2.29500007629395 2.29900002479553 2.27600002288818 2.24500012397766 2.27900004386902 2.27900004386902 2.26200008392334 2.25300002098083 2.28200006484985 2.30800008773804 2.32400012016296 2.36300015449524 2.42600011825562 2.42900013923645 2.39000010490417 2.35000014305115 2.32300019264221 2.29400014877319 2.27400016784668 2.27000021934509 2.24500012397766 2.15900015830994 2.13600015640259 2.12800002098083 2.13700008392334 2.14400005340576
2.49000000953674 2.48400020599365 2.48400020599365 2.48000001907349 2.45700001716614 2.45400023460388 2.46600008010864 2.45500016212463 2.4740002155304 2.46200013160706 2.44300007820129 2.44500017166138 2.41600012779236 2.35000014305115 2.31500005722046 2.34600019454956 2.38000011444092 2.382000207901 2.39000010490417 2.39000010490417 2.35199999809265 2.31900000572205 2.34100008010864 2.33700013160706 2.32500004768372 2.30700016021729 2.32300019264221 2.33300018310547 2.32400012016296 2.3030002117157 2.30100011825562 2.29400014877319 2.22000002861023 2.1710000038147 2.16000008583069 2.2720000743866 2.34500002861023 2.36600017547607 2.37900018692017 2.41300010681152 2.40800023078918 2.39900016784668 2.3600001335144 2.32600021362305 2.28900003433228 2.27300000190735 2.23200011253357 2.16900014877319 2.1340000629425 2.13499999046326 2.14600014686584 2.15799999237061
2.49200010299683 2.51600003242493 2.51500010490417 2.5 2.49900007247925 2.50500011444092 2.50500011444092 2.507000207901 2.51000022888184 2.50800013542175 2.49700021743774 2.49300003051758 2.47100019454956 2.42000007629395 2.39600014686584 2.43400001525879 2.44000005722046 2.41900014877319 2.43300008773804 2.43400001525879 2.3840000629425 2.35500001907349 2.34200000762939 2.33800005912781 2.33200001716614 2.35900020599365 2.35700011253357 2.35300016403198 2.35500001907349 2.3510000705719 2.32400012016296 2.28000020980835 2.21500015258789 2.16200017929077 2.17600011825562 2.21700000762939 2.31900000572205 2.38900017738342 2.44900012016296 2.4300000667572 2.40900015830994 2.38800001144409 2.3600001335144 2.33400011062622 2.31100010871887 2.29500007629395 2.2480001449585 2.17900013923645 2.12900018692017 2.12700009346008 2.14300012588501 2.15700006484985
2.51300001144409 2.51900005340576 2.53600001335144 2.53900003433228 2.54000020027161 2.51600003242493 2.53900003433228 2.5530002117157 2.53800010681152 2.5460000038147 2.53500008583069 2.51800012588501 2.50600004196167 2.48300004005432 2.4520001411438 2.46400022506714 2.44300007820129 2.45100021362305 2.43900012969971 2.4210000038147 2.40900015830994 2.39400005340576 2.38900017738342 2.37800002098083 2.39400005340576 2.40900015830994 2.40900015830994 2.39000010490417 2.38500022888184 2.35400009155273 2.32000017166138 2.28299999237061 2.21700000762939 2.18400001525879 2.2039999961853 2.26800012588501 2.34000015258789 2.41400003433228 2.46800017356873 2.44800019264221 2.38600015640259 2.35900020599365 2.34300017356873 2.32400012016296 2.31100010871887 2.27900004386902 2.27000021934509 2.2240002155304 2.16600012779236 2.16000008583069 2.16800022125244 2.18099999427795
2.53600001335144 2.55700016021729 2.55800008773804 2.57200002670288 2.55100011825562 2.5310001373291 2.56900000572205 2.57000017166138 2.55800008773804 2.5460000038147 2.53600001335144 2.5220000743866 2.52100014686584 2.507000207901 2.47900009155273 2.44700002670288 2.45100021362305 2.44700002670288 2.42600011825562 2.41000008583069 2.40700006484985 2.41900014877319 2.42500019073486 2.41800022125244 2.4060001373291 2.41700005531311 2.42500019073486 2.41900014877319 2.40300011634827 2.39400005340576 2.36300015449524 2.29500007629395 2.24500012397766 2.27000021934509 2.27400016784668 2.2960000038147 2.34200000762939 2.39800000190735 2.39400005340576 2.37100005149841 2.31300020217896 2.28500008583069 2.27000021934509 2.24900007247925 2.27500009536743 2.24400019645691 2.25300002098083 2.2260000705719 2.19000005722046 2.17600011825562 2.20300006866455 2.2039999961853
2.58800005912781 2.61100006103516 2.63600015640259 2.61300015449524 2.56200003623962 2.55800008773804 2.57800006866455 2.58400011062622 2.57200002670288 2.55000019073486 2.5550000667572 2.55400013923645 2.55100011825562 2.5090000629425 2.47900009155273 2.47100019454956 2.46400022506714 2.44000005722046 2.42900013923645 2.41600012779236 2.42900013923645 2.44800019264221 2.44500017166138 2.44500017166138 2.44600009918213 2.44500017166138 2.44400000572205 2.42400002479553 2.40500020980835 2.38500022888184 2.34500002861023 2.32500004768372 2.32000017166138 2.3490002155304 2.3490002155304 2.35000014305115 2.3600001335144 2.35000014305115 2.34000015258789 2.29100012779236 2.22000002861023 2.14000010490417 2.11600017547607 2.13800001144409 2.2020001411438 2.21600008010864 2.2110002040863 2.21300005912781 2.19900012016296 2.1800000667572 2.2039999961853 2.20700001716614
2.66000008583069 2.65900015830994 2.65300011634827 2.61300015449524 2.58200001716614 2.57500004768372 2.57500004768372 2.57900023460388 2.58100008964539 2.57600021362305 2.57600021362305 2.57900023460388 2.55700016021729 2.53900003433228 2.53000020980835 2.48900008201599 2.48400020599365 2.46400022506714 2.46200013160706 2.44900012016296 2.47100019454956 2.48700022697449 2.48200011253357 2.49200010299683 2.4850001335144 2.47900009155273 2.46000003814697 2.44200015068054 2.43200016021729 2.39300012588501 2.3970000743866 2.37200021743774 2.38100004196167 2.38500022888184 2.37900018692017 2.382000207901 2.36800003051758 2.35500001907349 2.2960000038147 2.23400020599365 2.14000010490417 2.03700017929077 2.0310001373291 2.08000016212463 2.14300012588501 2.17300009727478 2.18500018119812 2.1800000667572 2.16500020027161 2.17000007629395 2.14900016784668 2.14300012588501
2.71800017356873 2.7020001411438 2.67300009727478 2.65900015830994 2.6100001335144 2.59400010108948 2.60000014305115 2.60200023651123 2.60000014305115 2.59000015258789 2.61900019645691 2.60400009155273 2.60500001907349 2.59700012207031 2.56900000572205 2.53900003433228 2.51400017738342 2.50400018692017 2.50500011444092 2.50200009346008 2.50400018692017 2.52000021934509 2.53900003433228 2.54700016975403 2.53400015830994 2.51200008392334 2.4850001335144 2.47700023651123 2.44000005722046 2.43200016021729 2.42000007629395 2.40100002288818 2.39200019836426 2.39600014686584 2.40500020980835 2.39800000190735 2.37700009346008 2.35400009155273 2.31400012969971 2.2350001335144 2.14800000190735 2.09200000762939 2.07000017166138 2.0789999961853 2.11700010299683 2.125 2.12100005149841 2.12100005149841 2.13000011444092 2.13100004196167 2.0990002155304 2.07400012016296
2.78500008583069 2.74700021743774 2.68900012969971 2.6800000667572 2.65500020980835 2.62000012397766 2.62800002098083 2.63700008392334 2.63900017738342 2.64900016784668 2.65900015830994 2.61700010299683 2.58700013160706 2.58200001716614 2.57500004768372 2.57400012016296 2.57600021362305 2.5550000667572 2.56000018119812 2.52500009536743 2.53400015830994 2.54800009727478 2.58100008964539 2.56200003623962 2.53900003433228 2.51900005340576 2.49000000953674 2.49500012397766 2.49100017547607 2.46400022506714 2.44200015068054 2.42000007629395 2.41200017929077 2.40500020980835 2.40100002288818 2.41500020027161 2.39500021934509 2.38800001144409 2.3360002040863 2.28400015830994 2.19400000572205 2.14600014686584 2.08800005912781 2.07800006866455 2.07600021362305 2.07000017166138 2.07100009918213 2.08400011062622 2.08899998664856 2.07300019264221 2.02300000190735 1.96800005435944
2.79700016975403 2.77000021934509 2.75200009346008 2.72300004959106 2.69500017166138 2.7020001411438 2.69100022315979 2.70500016212463 2.71600008010864 2.7260000705719 2.68100023269653 2.66800022125244 2.62900018692017 2.59600019454956 2.58900022506714 2.57500004768372 2.6100001335144 2.6100001335144 2.60900020599365 2.60700011253357 2.55900001525879 2.58800005912781 2.60200023651123 2.58900022506714 2.55700016021729 2.51400017738342 2.5 2.52500009536743 2.52700018882751 2.50500011444092 2.46000003814697 2.43500018119812 2.42500019073486 2.40800023078918 2.42300009727478 2.44800019264221 2.42900013923645 2.39300012588501 2.33100008964539 2.27800011634827 2.21800017356873 2.12000012397766 2.05200004577637 2.0090000629425 2.01900005340576 2.00800013542175 2.01100015640259 2.04200005531311 2.04100012779236 2.02700018882751 1.99500012397766 1.90900003910065
2.83300018310547 2.80100011825562 2.77000021934509 2.7480001449585 2.76000022888184 2.75100016593933 2.74300003051758 2.76500010490417 2.78000020980835 2.78000020980835 2.74000024795532 2.7240002155304 2.70700001716614 2.68100023269653 2.66600012779236 2.63900017738342 2.63000011444092 2.65000009536743 2.62700009346008 2.62500023841858 2.62700009346008 2.60400009155273 2.62500023841858 2.58900022506714 2.56400012969971 2.55100011825562 2.55600023269653 2.56000018119812 2.56400012969971 2.55000019073486 2.48400020599365 2.44000005722046 2.4210000038147 2.39900016784668 2.41300010681152 2.44400000572205 2.43400001525879 2.37800002098083 2.31400012969971 2.24500012397766 2.1710000038147 2.07400012016296 1.98900008201599 1.91500008106232 1.90000009536743 1.89600014686584 1.92700004577637 1.9760000705719 2.0090000629425 2.01500010490417 1.99700009822845 1.95500004291534
2.81300020217896 2.8050000667572 2.79100012779236 2.78200006484985 2.8050000667572 2.81500005722046 2.80200004577637 2.81400012969971 2.83500003814697 2.82000017166138 2.8270001411438 2.81300020217896 2.78600001335144 2.72800016403198 2.66000008583069 2.66300010681152 2.68900012969971 2.68700003623962 2.62800002098083 2.58800005912781 2.62600016593933 2.66400003433228 2.65500020980835 2.61300015449524 2.5860002040863 2.56400012969971 2.58800005912781 2.59600019454956 2.59200000762939 2.56200003623962 2.50400018692017 2.44800019264221 2.41100001335144 2.39500021934509 2.38800001144409 2.39800000190735 2.36500000953674 2.32500004768372 2.28500008583069 2.21700000762939 2.11700010299683 2.00800013542175 1.88100004196167 1.76000010967255 1.72900009155273 1.78800010681152 1.8510000705719 1.93400013446808 1.97900009155273 2.0090000629425 2.00400018692017 1.98600006103516
2.79300022125244 2.80000019073486 2.80700016021729 2.81100010871887 2.83000016212463 2.8490002155304 2.87700009346008 2.89300012588501 2.91800022125244 2.92000007629395 2.91600012779236 2.90900015830994 2.85400009155273 2.78400015830994 2.7480001449585 2.73200011253357 2.7240002155304 2.69600009918213 2.65700006484985 2.63900017738342 2.65400004386902 2.69900012016296 2.6800000667572 2.62100005149841 2.59500002861023 2.56500005722046 2.57800006866455 2.57000017166138 2.56500005722046 2.55000019073486 2.49000000953674 2.44000005722046 2.39400005340576 2.38600015640259 2.38500022888184 2.36700010299683 2.34500002861023 2.30200004577637 2.24300003051758 2.17500019073486 2.09600019454956 1.98800003528595 1.84400010108948 1.69700002670288 1.67000007629395 1.74200010299683 1.82500004768372 1.92000007629395 1.96300005912781 1.99900007247925 2.02500009536743 2.01500010490417
2.80200004577637 2.80400013923645 2.83300018310547 2.84100008010864 2.86500024795532 2.87700009346008 2.90700006484985 2.95100021362305 2.98900008201599 3.00400018692017 3.01500010490417 2.9760000705719 2.91200017929077 2.84800004959106 2.81700015068054 2.78700017929077 2.75500011444092 2.71500015258789 2.69900012016296 2.70300006866455 2.77000021934509 2.79400014877319 2.75400018692017 2.66800022125244 2.59500002861023 2.56500005722046 2.56900000572205 2.56000018119812 2.54300022125244 2.52500009536743 2.5 2.4520001411438 2.41500020027161 2.39100003242493 2.36900019645691 2.35400009155273 2.32400012016296 2.27700018882751 2.2240002155304 2.16500020027161 2.10900020599365 2.01400017738342 1.91300010681152 1.82400012016296 1.79500007629395 1.82300007343292 1.87200009822845 1.932000041008 1.98300004005432 2.01900005340576 2.05400013923645 2.04900002479553
2.77600002288818 2.81200003623962 2.8490002155304 2.87400007247925 2.88500022888184 2.88900017738342 2.94000005722046 2.98600006103516 3.01900005340576 3.06000018119812 3.09300017356873 3.07400012016296 3.01400017738342 2.93400025367737 2.88900017738342 2.81100010871887 2.7810001373291 2.79200005531311 2.83000016212463 2.84000015258789 2.85500001907349 2.84600019454956 2.81800007820129 2.71000003814697 2.62900018692017 2.55600023269653 2.5550000667572 2.54500007629395 2.53200006484985 2.51500010490417 2.4850001335144 2.4610002040863 2.42600011825562 2.41900014877319 2.38500022888184 2.35600018501282 2.32000017166138 2.28400015830994 2.24600005149841 2.20900011062622 2.15900015830994 2.08400011062622 2.02500009536743 1.96200013160706 1.92900013923645 1.92900013923645 1.95500004291534 1.98400008678436 2.02900004386902 2.07500004768372 2.09300017356873 2.07300019264221
2.77400016784668 2.81300020217896 2.8490002155304 2.86100006103516 2.88800024986267 2.91300010681152 2.94100022315979 2.97700023651123 2.97900009155273 3.02300024032593 3.05900025367737 3.05200004577637 2.99400019645691 2.94400024414062 2.90400004386902 2.83400011062622 2.8490002155304 2.87500023841858 2.88800024986267 2.90900015830994 2.87400007247925 2.83700013160706 2.76900005340576 2.73300004005432 2.6560001373291 2.57500004768372 2.5460000038147 2.55200004577637 2.53300023078918 2.50100016593933 2.48900008201599 2.46300005912781 2.44200015068054 2.41800022125244 2.40400004386902 2.37400007247925 2.35900020599365 2.33300018310547 2.30400013923645 2.26300001144409 2.22000002861023 2.18400001525879 2.13000011444092 2.08100008964539 2.03299999237061 1.99500012397766 2.02400016784668 2.0460000038147 2.07600021362305 2.08800005912781 2.1100001335144 2.09700012207031
2.78600001335144 2.80600023269653 2.81900024414062 2.83400011062622 2.86400008201599 2.89000010490417 2.91500020027161 2.94000005722046 2.9520001411438 2.97800016403198 2.99100017547607 2.98800015449524 2.95500016212463 2.90700006484985 2.88900017738342 2.86400008201599 2.89000010490417 2.90200018882751 2.93400025367737 2.92200016975403 2.86100006103516 2.83900022506714 2.80100011825562 2.7260000705719 2.65400004386902 2.57800006866455 2.56000018119812 2.54700016975403 2.52700018882751 2.51700019836426 2.49600005149841 2.47900009155273 2.4760000705719 2.45000004768372 2.44000005722046 2.42000007629395 2.41000008583069 2.39600014686584 2.36500000953674 2.32600021362305 2.29000020027161 2.23400020599365 2.1780002117157 2.14000010490417 2.125 2.10500001907349 2.11700010299683 2.10300016403198 2.10800004005432 2.09500002861023 2.08400011062622 2.08400011062622
2.78200006484985 2.79400014877319 2.78800010681152 2.82000017166138 2.82000017166138 2.84700012207031 2.88600015640259 2.93400025367737 2.95000004768372 2.94400024414062 2.96200013160706 2.95500016212463 2.95300006866455 2.89900016784668 2.86500024795532 2.89300012588501 2.89800024032593 2.91100025177002 2.90000009536743 2.85800004005432 2.83900022506714 2.78800010681152 2.74000024795532 2.69500017166138 2.64300012588501 2.5990002155304 2.56200003623962 2.54400014877319 2.51900005340576 2.51500010490417 2.51700019836426 2.50200009346008 2.51800012588501 2.51300001144409 2.51900005340576 2.49300003051758 2.47500014305115 2.46000003814697 2.44300007820129 2.42900013923645 2.39400005340576 2.32100009918213 2.2720000743866 2.24400019645691 2.21000003814697 2.18099999427795 2.18200016021729 2.15400004386902 2.11600017547607 2.0990002155304 2.09500002861023 2.08500003814697
2.81500005722046 2.81500005722046 2.82300019264221 2.8270001411438 2.8050000667572 2.84700012207031 2.88900017738342 2.92500019073486 2.94300007820129 2.95000004768372 2.9520001411438 2.93400025367737 2.93200016021729 2.92100024223328 2.9060001373291 2.89500021934509 2.90000009536743 2.88700008392334 2.85300016403198 2.83300018310547 2.82000017166138 2.7810001373291 2.74500012397766 2.72200012207031 2.66200017929077 2.64600014686584 2.59400010108948 2.58200001716614 2.57000017166138 2.55600023269653 2.55700016021729 2.5550000667572 2.57000017166138 2.55700016021729 2.5460000038147 2.56300020217896 2.59500002861023 2.63600015640259 2.63900017738342 2.62600016593933 2.54800009727478 2.48400020599365 2.39000010490417 2.3490002155304 2.31200003623962 2.27900004386902 2.24100017547607 2.19200015068054 2.15500020980835 2.12900018692017 2.11900019645691 2.10500001907349
2.83800005912781 2.8360002040863 2.84000015258789 2.83800005912781 2.81900024414062 2.82200002670288 2.84200024604797 2.88900017738342 2.94000005722046 2.93600010871887 2.92000007629395 2.9060001373291 2.882000207901 2.87600016593933 2.87000012397766 2.86100006103516 2.85200023651123 2.83000016212463 2.83000016212463 2.82200002670288 2.80100011825562 2.79500007629395 2.78600001335144 2.77300024032593 2.73000001907349 2.6800000667572 2.62000012397766 2.60900020599365 2.59000015258789 2.58900022506714 2.58900022506714 2.60900020599365 2.62900018692017 2.62400007247925 2.63000011444092 2.67500019073486 2.73800015449524 2.80600023269653 2.85300016403198 2.84200024604797 2.74500012397766 2.63300013542175 2.53200006484985 2.4520001411438 2.39200019836426 2.33400011062622 2.32200002670288 2.26900005340576 2.22500014305115 2.19300007820129 2.17400002479553 2.15400004386902
2.90000009536743 2.88300013542175 2.87000012397766 2.87900018692017 2.87800002098083 2.86900019645691 2.83400011062622 2.85500001907349 2.93700003623962 2.91200017929077 2.8970000743866 2.89800024032593 2.89200019836426 2.87500023841858 2.87000012397766 2.87400007247925 2.85600018501282 2.86600017547607 2.87100005149841 2.86500024795532 2.82400012016296 2.81100010871887 2.81400012969971 2.79700016975403 2.78900003433228 2.75000023841858 2.72100019454956 2.68400001525879 2.66500020027161 2.64300012588501 2.65900015830994 2.67600011825562 2.67900013923645 2.66300010681152 2.66900014877319 2.72900009155273 2.80400013923645 2.90400004386902 2.98300004005432 2.9850001335144 2.89000010490417 2.73300004005432 2.61900019645691 2.52000021934509 2.44900012016296 2.43500018119812 2.41000008583069 2.35800004005432 2.32100009918213 2.26500010490417 2.21900010108948 2.16000008583069
2.95100021362305 2.94100022315979 2.91100025177002 2.86500024795532 2.87800002098083 2.88900017738342 2.88900017738342 2.88900017738342 2.90300011634827 2.90400004386902 2.90900015830994 2.92200016975403 2.91600012779236 2.91000008583069 2.91300010681152 2.87000012397766 2.87700009346008 2.87800002098083 2.87600016593933 2.8840000629425 2.89100003242493 2.87200021743774 2.86400008201599 2.85700011253357 2.8510000705719 2.79700016975403 2.80600023269653 2.75600004196167 2.74200010299683 2.69400024414062 2.68600010871887 2.68600010871887 2.6780002117157 2.68300008773804 2.70300006866455 2.73700022697449 2.81800007820129 2.90400004386902 2.9740002155304 2.9760000705719 2.90400004386902 2.78000020980835 2.65700006484985 2.56300020217896 2.5310001373291 2.50300002098083 2.45700001716614 2.41100001335144 2.38500022888184 2.3289999961853 2.29500007629395 2.25100016593933
2.95300006866455 2.9740002155304 2.97100019454956 2.89100003242493 2.89000010490417 2.92700004577637 2.91900014877319 2.9300000667572 2.94300007820129 2.94700002670288 2.92700004577637 2.92000007629395 2.92400002479553 2.93800020217896 2.92900013923645 2.92600011825562 2.92900013923645 2.93400025367737 2.92300009727478 2.93600010871887 2.95400023460388 2.91300010681152 2.8840000629425 2.8730001449585 2.89300012588501 2.84400010108948 2.80000019073486 2.78300023078918 2.78400015830994 2.77500009536743 2.74200010299683 2.70000004768372 2.68400001525879 2.68500018119812 2.72100019454956 2.74900007247925 2.79800009727478 2.86900019645691 2.92000007629395 2.92700004577637 2.86700010299683 2.7720000743866 2.67600011825562 2.61700010299683 2.54300022125244 2.54200005531311 2.53200006484985 2.44400000572205 2.4210000038147 2.35000014305115 2.31100010871887 2.30000019073486
