layers/vpdmin11.asc
NCOLS 421 
NROWS 354 
XLLCORNER -106.645833332895 
YLLCORNER 25.8541666666667 
CELLSIZE 0.0416666666669039 
NODATA_value -3.4e+38 
[rows 207 to 229 of 354, columns 52 to 103 of 421]
6.1080002784729 6.32900047302246 6.26900053024292 6.13400030136108 6.07200050354004 6.08000040054321 6.08600044250488 6.07100009918213 6.07500028610229 6.09700012207031 6.12000036239624 6.14800024032593 6.17900037765503 6.13600015640259 6.11900043487549 6.03000020980835 6.00000047683716 5.9680004119873 5.92900037765503 5.92100048065186 5.92400026321411 5.92500019073486 5.90200042724609 5.79200029373169 5.69800043106079 5.68800020217896 5.72400045394897 5.83200025558472 5.90900039672852 5.94300031661987 5.94200038909912 5.92900037765503 5.92100048065186 5.90900039672852 5.90100049972534 5.9060001373291 5.90800046920776 5.93800020217896 5.93100023269653 5.96100044250488 5.96200037002563 6.0620002746582 6.12000036239624 6.13700008392334 6.16800022125244 6.18900012969971 6.25000047683716 6.28500032424927 6.29900026321411 6.28200006484985 6.28800010681152 6.34500026702881
6.05100011825562 6.04600048065186 6.05100011825562 6.04300022125244 6.0290002822876 6.02700042724609 6.02000045776367 6.05200052261353 6.04100036621094 6.06500005722046 6.09400033950806 6.12100028991699 6.14100027084351 6.15200042724609 6.15000009536743 6.10900020599365 6.06900024414062 6.00200033187866 5.96500015258789 5.96400022506714 5.95400047302246 5.95900011062622 5.92100048065186 5.84000015258789 5.74300050735474 5.76900005340576 5.83700037002563 5.89100027084351 5.92300033569336 5.96500015258789 5.94800043106079 5.91100025177002 5.86800050735474 5.85200023651123 5.87000036239624 5.90900039672852 5.93400049209595 5.97300004959106 5.98700046539307 6.02700042724609 6.04900026321411 6.16100025177002 6.28800010681152 6.24000024795532 6.20400047302246 6.22700023651123 6.25200033187866 6.29900026321411 6.32500028610229 6.31900024414062 6.31600046157837 6.30700016021729
6.04500007629395 6.04600048065186 6.0310001373291 6.04300022125244 6.03700017929077 6.01100015640259 6.02000045776367 6.05700016021729 6.04900026321411 6.02600049972534 6.0620002746582 6.14400005340576 6.16600036621094 6.16400051116943 6.17900037765503 6.15700006484985 6.1540002822876 6.1080002784729 6.06300020217896 6.03500032424927 6.01600027084351 5.9980001449585 5.95300006866455 5.89800024032593 5.81500005722046 5.85000038146973 5.91700029373169 5.96900033950806 5.98600006103516 6.02600049972534 5.9980001449585 5.86500024795532 5.77000045776367 5.75100040435791 5.8560004234314 5.88500022888184 5.94900035858154 6.00000047683716 6.04200029373169 6.07400035858154 6.12700033187866 6.20400047302246 6.34600019454956 6.32200050354004 6.25000047683716 6.23400020599365 6.25000047683716 6.29200029373169 6.33100032806396 6.36900043487549 6.389000415802 6.33200025558472
6.04400014877319 6.13000011444092 6.10500049591064 6.04500007629395 6.07300043106079 6.00300025939941 5.99900007247925 6.02000045776367 6.01100015640259 6.01100015640259 6.07600021362305 6.16500043869019 6.13400030136108 6.14800024032593 6.16700029373169 6.17500019073486 6.16300010681152 6.16300010681152 6.13300037384033 6.08900022506714 6.05500030517578 6.03200006484985 6.01600027084351 5.9810004234314 5.92900037765503 5.88700008392334 5.96900033950806 6.05800008773804 6.09800052642822 6.1100001335144 6.07200050354004 5.89900016784668 5.71400022506714 5.65900039672852 5.78500032424927 5.88000011444092 5.96600008010864 6.03900051116943 6.10100030899048 6.16300010681152 6.16800022125244 6.18900012969971 6.26800012588501 6.31300020217896 6.33000040054321 6.23900032043457 6.24000024795532 6.28500032424927 6.32600021362305 6.35400009155273 6.3430004119873 6.3270001411438
6.22100019454956 6.16000032424927 6.01200008392334 6.06800031661987 6.03500032424927 5.96100044250488 5.98600006103516 5.99300050735474 5.99900007247925 6.03000020980835 6.08400011062622 6.13000011444092 6.11200046539307 6.11300039291382 6.13700008392334 6.16500043869019 6.17100048065186 6.16300010681152 6.15900039672852 6.1230001449585 6.09600019454956 6.05900049209595 6.03500032424927 6.03000020980835 6.00200033187866 6.00700044631958 6.03300046920776 6.12700033187866 6.17500019073486 6.19500017166138 6.16400051116943 6.0310001373291 5.86300039291382 5.75700044631958 5.8120002746582 5.90500020980835 5.9810004234314 6.10400009155273 6.18000030517578 6.20400047302246 6.20000028610229 6.21500015258789 6.23800039291382 6.21500015258789 6.16700029373169 6.2330002784729 6.24000024795532 6.23000049591064 6.28200006484985 6.3430004119873 6.32800006866455 6.30900049209595
6.16400051116943 6.09200048446655 5.9850001335144 5.92600011825562 5.92100048065186 5.93000030517578 5.98900032043457 6.014000415802 6.00200033187866 6.0290002822876 6.06800031661987 6.13000011444092 6.09900045394897 6.1080002784729 6.13400030136108 6.15100049972534 6.16200017929077 6.17500019073486 6.14300012588501 6.16000032424927 6.12000036239624 6.07500028610229 6.0620002746582 6.08800029754639 6.06800031661987 6.07300043106079 6.11200046539307 6.16700029373169 6.20500040054321 6.18100023269653 6.17900037765503 6.08800029754639 5.98900032043457 5.89900016784668 5.91400051116943 5.95300006866455 6.01900005340576 6.11800050735474 6.23800039291382 6.26700019836426 6.27200031280518 6.25600051879883 6.24600028991699 6.22600030899048 6.13300037384033 6.14600038528442 6.1870002746582 6.23000049591064 6.31500053405762 6.32900047302246 6.2790002822876 6.27000045776367
6.21100044250488 6.10200023651123 5.95800018310547 5.95400047302246 6.04200029373169 5.99900007247925 6.05900049209595 6.04600048065186 6.06900024414062 6.08900022506714 6.10700035095215 6.14500045776367 6.14400005340576 6.13600015640259 6.13600015640259 6.14100027084351 6.1540002822876 6.16500043869019 6.1540002822876 6.13000011444092 6.08200025558472 6.12500047683716 6.11900043487549 6.09400033950806 6.09900045394897 6.12100028991699 6.15500020980835 6.17500019073486 6.16500043869019 6.16700029373169 6.13100051879883 6.08700037002563 6.03000020980835 5.97500038146973 5.96300029754639 5.98400020599365 6.05700016021729 6.12900018692017 6.27100038528442 6.32000017166138 6.32600021362305 6.3270001411438 6.29700040817261 6.20400047302246 6.13000011444092 6.10400009155273 6.18400049209595 6.2180004119873 6.24900007247925 6.30300045013428 6.2790002822876 6.27200031280518
5.99000024795532 5.97000026702881 5.9830002784729 6.01700019836426 6.08400011062622 5.99400043487549 6.04500007629395 6.06500005722046 6.08000040054321 6.09000015258789 6.139000415802 6.16500043869019 6.15800046920776 6.13000011444092 6.1230001449585 6.10200023651123 6.12600040435791 6.15500020980835 6.17200040817261 6.12400007247925 6.11900043487549 6.14100027084351 6.13400030136108 6.15000009536743 6.15100049972534 6.15200042724609 6.14200019836426 6.16900014877319 6.17000007629395 6.10100030899048 6.0770001411438 6.05700016021729 6.02500009536743 6.01300048828125 5.96100044250488 5.9830002784729 6.05500030517578 6.14900016784668 6.29200029373169 6.37100028991699 6.39800024032593 6.35500049591064 6.31400012969971 6.21900033950806 6.18100023269653 6.14700031280518 6.12500047683716 6.1540002822876 6.15500020980835 6.17300033569336 6.24400043487549 6.22400045394897
5.89400005340576 5.97500038146973 6.02500009536743 6.09700012207031 6.03000020980835 6.00900030136108 6.05900049209595 6.04900026321411 6.06900024414062 6.07100009918213 6.16100025177002 6.13300037384033 6.12200021743774 6.09500026702881 6.08600044250488 6.08400011062622 6.11500024795532 6.14400005340576 6.17700052261353 6.1540002822876 6.13500022888184 6.17300033569336 6.19000005722046 6.21700048446655 6.19600009918213 6.15100049972534 6.13100051879883 6.13800048828125 6.09900045394897 6.08000040054321 6.06900024414062 6.04400014877319 6.0310001373291 6.00900030136108 5.97400045394897 5.99500036239624 6.01500034332275 6.09800052642822 6.23400020599365 6.34000015258789 6.36900043487549 6.30900049209595 6.23700046539307 6.23700046539307 6.24000024795532 6.18100023269653 6.16300010681152 6.14700031280518 6.13700008392334 6.10400009155273 6.17600011825562 6.25200033187866
5.91400051116943 5.95400047302246 6.0930004119873 6.39300012588501 6.21600008010864 6.14500045776367 6.12200021743774 6.05100011825562 6.04600048065186 6.0930004119873 6.1540002822876 6.15000009536743 6.1230001449585 6.0770001411438 6.05400037765503 6.07300043106079 6.11600017547607 6.15100049972534 6.19000005722046 6.17500019073486 6.19000005722046 6.21200037002563 6.21700048446655 6.23600006103516 6.23000049591064 6.17900037765503 6.16500043869019 6.10900020599365 6.11100006103516 6.0770001411438 6.06800031661987 6.05600023269653 6.014000415802 5.99700021743774 5.98400020599365 6.01300048828125 6.04400014877319 6.06800031661987 6.12800025939941 6.19500017166138 6.20900011062622 6.23000049591064 6.21000051498413 6.17500019073486 6.17000007629395 6.17500019073486 6.16800022125244 6.14800024032593 6.13400030136108 6.13500022888184 6.25800037384033 6.33200025558472
5.91500043869019 5.90800046920776 6.02500009536743 6.17000007629395 6.14700031280518 6.06500005722046 6.07100009918213 6.07300043106079 6.09400033950806 6.12000036239624 6.13000011444092 6.1540002822876 6.14100027084351 6.08400011062622 6.03300046920776 6.08900022506714 6.12000036239624 6.18100023269653 6.2020001411438 6.21400022506714 6.2020001411438 6.21900033950806 6.23400020599365 6.27100038528442 6.28400039672852 6.25200033187866 6.14700031280518 6.12600040435791 6.11900043487549 6.08800029754639 6.05200052261353 6.02400016784668 6.01000022888184 5.99500036239624 5.97200012207031 5.98000049591064 6.00000047683716 6.03000020980835 6.05900049209595 6.05500030517578 6.11100006103516 6.18800020217896 6.20900011062622 6.18800020217896 6.20600032806396 6.18300008773804 6.16100025177002 6.15700006484985 6.16200017929077 6.17200040817261 6.34700012207031 6.43400049209595
5.9850001335144 5.96900033950806 6.04200029373169 6.11500024795532 6.12200021743774 6.1100001335144 6.06300020217896 6.07000017166138 6.11600017547607 6.13400030136108 6.15500020980835 6.13800048828125 6.14200019836426 6.12200021743774 6.07900047302246 6.10400009155273 6.15000009536743 6.16700029373169 6.1540002822876 6.13800048828125 6.14100027084351 6.21700048446655 6.28000020980835 6.32800006866455 6.32500028610229 6.25100040435791 6.21600008010864 6.19400024414062 6.16200017929077 6.1060004234314 6.04400014877319 6.01900005340576 6.01300048828125 5.95800018310547 5.92400026321411 5.92400026321411 5.96400022506714 5.97300004959106 5.94000005722046 5.92100048065186 5.97500038146973 6.09000015258789 6.14900016784668 6.16200017929077 6.16900014877319 6.14900016784668 6.16200017929077 6.16800022125244 6.21500015258789 6.26100015640259 6.3580002784729 6.40200042724609
6.06100034713745 6.03400039672852 6.09900045394897 6.14400005340576 6.14000034332275 6.10700035095215 6.10100030899048 6.07200050354004 6.10500049591064 6.12600040435791 6.17600011825562 6.18800020217896 6.17700052261353 6.17100048065186 6.13200044631958 6.13100051879883 6.13600015640259 6.11400032043457 6.08100032806396 6.03400039672852 6.07000017166138 6.20000028610229 6.34900045394897 6.41900014877319 6.37600040435791 6.31400012969971 6.26500034332275 6.2330002784729 6.1870002746582 6.10900020599365 6.10900020599365 6.04500007629395 6.00600051879883 5.93400049209595 5.89300012588501 5.91300010681152 5.90800046920776 5.86200046539307 5.83000040054321 5.79400014877319 5.89100027084351 6.00000047683716 6.02200031280518 6.07300043106079 6.11900043487549 6.11800050735474 6.16500043869019 6.18900012969971 6.25700044631958 6.3580002784729 6.47000026702881 6.639000415802
6.03900051116943 6.05400037765503 6.21700048446655 6.38100051879883 6.40100049972534 6.29900026321411 6.17900037765503 6.12500047683716 6.12200021743774 6.15000009536743 6.17600011825562 6.17100048065186 6.16700029373169 6.16400051116943 6.16100025177002 6.14100027084351 6.13300037384033 6.0930004119873 5.9980001449585 5.91800022125244 6.01300048828125 6.2310004234314 6.45600032806396 6.50600051879883 6.46900033950806 6.389000415802 6.32400035858154 6.26600027084351 6.19400024414062 6.16000032424927 6.08200025558472 6.01100015640259 5.99000024795532 5.93100023269653 5.85900020599365 5.84800004959106 5.84000015258789 5.77000045776367 5.75000047683716 5.70900011062622 5.81900024414062 5.90700006484985 5.94200038909912 5.98400020599365 6.03600025177002 6.10000038146973 6.16500043869019 6.27600049972534 6.36100053787231 6.58400011062622 6.72000026702881 6.78400039672852
6.14500045776367 6.18000030517578 6.52700042724609 6.60000038146973 6.35900020599365 6.22700023651123 6.14900016784668 6.11800050735474 6.13800048828125 6.15500020980835 6.15900039672852 6.14100027084351 6.14600038528442 6.16900014877319 6.15300035476685 6.13200044631958 6.13100051879883 6.10000038146973 5.98900032043457 5.95800018310547 6.08300018310547 6.30400037765503 6.50000047683716 6.60400009155273 6.54200029373169 6.44000053405762 6.36700010299683 6.3120002746582 6.25100040435791 6.18200016021729 6.139000415802 6.05100011825562 5.97000026702881 5.89800024032593 5.83000040054321 5.80000019073486 5.72800016403198 5.64700031280518 5.54700040817261 5.56300020217896 5.57500028610229 5.69600009918213 5.89000034332275 5.99200010299683 6.09900045394897 6.15900039672852 6.20300006866455 6.36200046539307 6.56500053405762 6.71000051498413 6.72400045394897 6.76500034332275
6.03500032424927 6.27100038528442 6.78600025177002 6.47900009155273 6.22800016403198 6.17300033569336 6.16000032424927 6.14500045776367 6.17600011825562 6.20000028610229 6.1870002746582 6.16800022125244 6.16700029373169 6.13700008392334 6.17100048065186 6.19300031661987 6.19900035858154 6.17000007629395 6.09400033950806 6.0930004119873 6.14900016784668 6.30300045013428 6.47200012207031 6.55100011825562 6.514000415802 6.47000026702881 6.41600036621094 6.38200044631958 6.33800029754639 6.25500011444092 6.21400022506714 6.15900039672852 6.02000045776367 5.95900011062622 5.8730001449585 5.83300018310547 5.71600008010864 5.54800033569336 5.39000034332275 5.37200021743774 5.46700048446655 5.60500049591064 5.77300024032593 5.85500049591064 6.07600021362305 6.26600027084351 6.42700052261353 6.56500053405762 6.63700008392334 6.65900039672852 6.72600030899048 6.74700021743774
5.94000005722046 6.0290002822876 6.26300048828125 6.24400043487549 6.3120002746582 6.27500009536743 6.22700023651123 6.17100048065186 6.21100044250488 6.23600006103516 6.2020001411438 6.16600036621094 6.15300035476685 6.14100027084351 6.16000032424927 6.19100046157837 6.23000049591064 6.20900011062622 6.17800045013428 6.19900035858154 6.20700025558472 6.29300022125244 6.37900018692017 6.46000051498413 6.48000049591064 6.4370002746582 6.41800022125244 6.40500020980835 6.36400032043457 6.31100034713745 6.25500011444092 6.17000007629395 6.07800006866455 5.97700023651123 5.92000007629395 5.88000011444092 5.75300025939941 5.57600021362305 5.41300010681152 5.39500045776367 5.46000003814697 5.60700035095215 5.7180004119873 5.89600038528442 6.07100009918213 6.26500034332275 6.40000009536743 6.57000017166138 6.66200017929077 6.66000032424927 6.70100021362305 6.74100017547607
6.26800012588501 6.19800043106079 6.31500053405762 6.28800010681152 6.32900047302246 6.3430004119873 6.28500032424927 6.22000026702881 6.24300050735474 6.26100015640259 6.27700042724609 6.24100017547607 6.21200037002563 6.17300033569336 6.16600036621094 6.18000030517578 6.19000005722046 6.24100017547607 6.26100015640259 6.22500038146973 6.22500038146973 6.30100011825562 6.34500026702881 6.41100025177002 6.45500040054321 6.41400051116943 6.40900039672852 6.4040002822876 6.38500022888184 6.35700035095215 6.30400037765503 6.2020001411438 6.12700033187866 6.05300045013428 6.00200033187866 5.96500015258789 5.83500051498413 5.72200012207031 5.59500026702881 5.54500007629395 5.57900047302246 5.64800024032593 5.77600049972534 5.9980001449585 6.14900016784668 6.30400037765503 6.4520001411438 6.61700010299683 6.6870002746582 6.7350001335144 6.70900011062622 6.71900033950806
7.45100021362305 6.96700048446655 6.59400033950806 6.48700046539307 6.4520001411438 6.37900018692017 6.32900047302246 6.40500020980835 6.39100027084351 6.40500020980835 6.34400033950806 6.29900026321411 6.23600006103516 6.18900012969971 6.18300008773804 6.21100044250488 6.21300029754639 6.22200012207031 6.22000026702881 6.22200012207031 6.24100017547607 6.28000020980835 6.33000040054321 6.36500024795532 6.37500047683716 6.40700054168701 6.42100048065186 6.39900016784668 6.38400030136108 6.37200021743774 6.3270001411438 6.23600006103516 6.19900035858154 6.1540002822876 6.12500047683716 6.08500051498413 6.03700017929077 5.95700025558472 5.8730001449585 5.78200006484985 5.80200004577637 5.83800029754639 5.9520001411438 6.11800050735474 6.23400020599365 6.37500047683716 6.514000415802 6.63500022888184 6.72000026702881 6.80200052261353 6.84800052642822 6.84400033950806
7.63100051879883 7.48700046539307 7.4370002746582 7.43400049209595 7.20700025558472 6.66100025177002 6.45500040054321 6.54100036621094 6.58900022506714 6.58000040054321 6.52800035476685 6.37900018692017 6.24900007247925 6.17100048065186 6.17900037765503 6.22100019454956 6.24200010299683 6.22400045394897 6.22100019454956 6.23400020599365 6.24300050735474 6.26500034332275 6.29900026321411 6.31500053405762 6.33200025558472 6.35900020599365 6.38400030136108 6.41300010681152 6.40900039672852 6.37800025939941 6.3560004234314 6.30900049209595 6.29000043869019 6.26300048828125 6.28400039672852 6.27100038528442 6.21300029754639 6.1230001449585 6.05500030517578 6.01900005340576 6.04300022125244 6.0600004196167 6.09800052642822 6.1870002746582 6.31600046157837 6.45300006866455 6.56400012969971 6.69000053405762 6.79400014877319 6.86900043487549 6.94700050354004 6.94500017166138
6.29400014877319 6.53200054168701 6.75500011444092 6.69900035858154 6.67900037765503 6.74600028991699 6.50000047683716 6.50100040435791 6.67500019073486 6.84600019454956 6.77000045776367 6.58100032806396 6.34900045394897 6.22400045394897 6.18900012969971 6.20500040054321 6.19000005722046 6.1850004196167 6.21900033950806 6.24600028991699 6.27000045776367 6.28200006484985 6.34500026702881 6.36900043487549 6.37400007247925 6.36100053787231 6.38200044631958 6.41300010681152 6.41800022125244 6.38600015640259 6.3730001449585 6.35200023651123 6.35500049591064 6.4040002822876 6.44900035858154 6.4350004196167 6.3560004234314 6.29900026321411 6.26800012588501 6.20500040054321 6.21500015258789 6.27700042724609 6.26900053024292 6.31600046157837 6.40100049972534 6.58600044250488 6.65500020980835 6.71200037002563 6.83100032806396 6.90900039672852 6.96400022506714 7.01600027084351
5.72000026702881 5.69300031661987 5.8100004196167 6.05900049209595 6.20500040054321 6.38100051879883 6.48200035095215 6.62000036239624 6.86400032043457 7.16900014877319 7.07800054550171 6.83500051498413 6.52000045776367 6.29100036621094 6.20800018310547 6.16000032424927 6.16100025177002 6.15300035476685 6.18100023269653 6.20000028610229 6.23600006103516 6.29300022125244 6.34400033950806 6.35300016403198 6.35300016403198 6.38800048828125 6.39700031280518 6.40700054168701 6.40200042724609 6.41100025177002 6.42800045013428 6.46000051498413 6.48400020599365 6.55100011825562 6.59500026702881 6.56300020217896 6.53300046920776 6.51500034332275 6.47500038146973 6.42200040817261 6.38400030136108 6.37900018692017 6.36700010299683 6.35900020599365 6.45800018310547 6.62100028991699 6.72000026702881 6.77500009536743 6.90200042724609 6.9660005569458 7.02500009536743 7.0600004196167
5.55300045013428 5.58700037002563 5.52600049972534 5.90100049972534 6.22900009155273 6.59600019454956 6.60900020599365 6.74500036239624 7.21900033950806 7.50100040435791 7.30300045013428 6.93200016021729 6.5930004119873 6.33500051498413 6.2310004234314 6.13400030136108 6.11300039291382 6.11300039291382 6.14400005340576 6.16500043869019 6.17800045013428 6.24500036239624 6.29400014877319 6.31900024414062 6.33300018310547 6.37000036239624 6.39300012588501 6.39400053024292 6.41600036621094 6.46100044250488 6.49900007247925 6.55300045013428 6.60900020599365 6.67700052261353 6.73400020599365 6.75600051879883 6.78200054168701 6.75500011444092 6.72900009155273 6.72800016403198 6.57200050354004 6.50700044631958 6.47400045394897 6.4810004234314 6.47400045394897 6.51600027084351 6.61900043487549 6.72100019454956 6.80900049209595 6.87900018692017 6.95400047302246 7.04100036621094
