layers/vpdmin11.asc
NCOLS 421 
NROWS 354 
XLLCORNER -106.645833332895 
YLLCORNER 25.8541666666667 
CELLSIZE 0.0416666666669039 
NODATA_value -3.4e+38 
[rows 207 to 229 of 354, columns 0 to 51 of 421]
8.22200012207031 8.1200008392334 7.75200033187866 7.65900039672852 7.87700033187866 7.90000057220459 7.88800048828125 7.92700052261353 7.82100057601929 7.74000024795532 7.67700052261353 7.61500024795532 7.50000047683716 7.42500019073486 7.36400032043457 6.97900056838989 6.83400011062622 6.7350001335144 6.50600051879883 6.25400018692017 6.21100044250488 5.89000034332275 5.79900026321411 5.70800018310547 5.77600049972534 6.04500007629395 5.89600038528442 5.91100025177002 5.79400014877319 5.68900012969971 5.66600036621094 5.63600015640259 5.58200025558472 5.48400020599365 5.47600030899048 5.50200033187866 5.54100036621094 5.71000003814697 5.82000017166138 6.00900030136108 6.31500053405762 6.9370002746582 5.88300037384033 5.51600027084351 6.25800037384033 7.33100032806396 6.6560001373291 6.39900016784668 6.27700042724609 6.08300018310547 6.04000043869019 6.05500030517578
-3.4e+38 8.03600025177002 7.62400054931641 7.67400026321411 8.16600036621094 8.53000068664551 8.42500019073486 8.3730001449585 8.25 8.07100009918213 7.87800025939941 7.77500057220459 7.5620002746582 7.5930004119873 7.63400030136108 7.17300033569336 6.83500051498413 6.67900037765503 6.50100040435791 6.14800024032593 6.1100001335144 5.98000049591064 5.77500009536743 5.66500043869019 5.98200035095215 6.53900051116943 6.26700019836426 5.6870002746582 5.69500017166138 5.889000415802 5.72700023651123 5.60900020599365 5.54200029373169 5.44300031661987 5.40900039672852 5.4830002784729 5.58700037002563 5.7310004234314 5.79700040817261 6.02000045776367 6.35400009155273 7.15500020980835 5.84200048446655 5.84000015258789 7.52800035476685 7.39400053024292 6.30600023269653 6.18100023269653 6.15800046920776 6.08900022506714 6.02100038528442 6.05000019073486
7.8870005607605 7.95500040054321 7.69900035858154 7.77400016784668 8.54300022125244 9.01800060272217 8.92200088500977 8.78500080108643 8.61900043487549 8.35400009155273 8.09200000762939 7.91500043869019 7.76700019836426 7.75000047683716 7.72800016403198 7.19500017166138 6.87700033187866 6.7950005531311 6.69300031661987 6.61700010299683 6.46500015258789 5.96200037002563 5.764000415802 5.64300012588501 5.61300039291382 5.54200029373169 5.48900032043457 5.49400043487549 6.61500024795532 5.99900007247925 5.66200017929077 5.57400035858154 5.5290002822876 5.46000003814697 5.47200012207031 5.50600004196167 5.58900022506714 5.70000028610229 5.83500051498413 6.02200031280518 6.39100027084351 7.00000047683716 7.36600017547607 7.43000030517578 8.07000064849854 7.66300058364868 6.35200023651123 6.13800048828125 6.02000045776367 6.02000045776367 6.03200006484985 6.03300046920776
-3.4e+38 8.07500076293945 8.09899997711182 7.80500030517578 8.86400032043457 9.31599998474121 9.22100067138672 9.11300086975098 8.88800048828125 8.53400039672852 8.19200038909912 8.00699996948242 7.83700037002563 7.72000026702881 7.45500040054321 7.05900049209595 6.96500015258789 7.04900026321411 6.88600015640259 6.87800025939941 6.73200035095215 6.20000028610229 5.79200029373169 5.62900018692017 5.51900005340576 5.42800045013428 5.40800046920776 5.40300035476685 5.53800010681152 6.06700038909912 5.6100001335144 5.55300045013428 5.53900003433228 5.5290002822876 5.5600004196167 5.59600019454956 5.63500022888184 5.69100046157837 5.83000040054321 6.01700019836426 6.33700037002563 7.19600057601929 7.25200033187866 7.35100030899048 7.88400030136108 7.41400051116943 6.19700050354004 6.09400033950806 5.95400047302246 6.00700044631958 6.02400016784668 6.00000047683716
-3.4e+38 -3.4e+38 8.41200065612793 8.47200012207031 9.39100074768066 9.41800022125244 9.48300075531006 9.3700008392334 8.97900009155273 8.59800052642822 8.23900032043457 8.02500057220459 7.8580002784729 7.6560001373291 7.47000026702881 7.06300020217896 7.01600027084351 6.95400047302246 6.99200010299683 6.97900056838989 6.85900020599365 6.13600015640259 5.72200012207031 5.60200023651123 5.52200031280518 5.44400024414062 5.41400003433228 5.41900014877319 5.46700048446655 5.54000043869019 5.57000017166138 5.56900024414062 5.56600046157837 5.56300020217896 5.6100001335144 5.70600032806396 5.71300029754639 5.73700046539307 5.7790002822876 5.98900032043457 6.264000415802 6.94300031661987 6.69200038909912 6.69300031661987 7.50100040435791 7.86100053787231 7.23000049591064 6.42600011825562 6.06400012969971 5.97000026702881 5.97700023651123 6.00600051879883
-3.4e+38 -3.4e+38 -3.4e+38 -3.4e+38 -3.4e+38 -3.4e+38 9.14000034332275 9.14300060272217 9.0290002822876 8.65500068664551 8.19700050354004 7.93400049209595 7.79600048065186 7.6850004196167 7.53800058364868 7.30500030517578 7.05600023269653 6.96100044250488 7.09000015258789 6.9850001335144 6.79400014877319 6.31100034713745 5.64300012588501 5.5290002822876 5.47000026702881 5.46300029754639 5.41400003433228 5.45000028610229 5.48400020599365 5.54100036621094 5.57400035858154 5.58500003814697 5.57900047302246 5.64700031280518 5.67000007629395 5.77200031280518 5.78900051116943 5.81500005722046 5.78900051116943 5.91600036621094 6.16300010681152 6.39700031280518 6.45000028610229 6.59600019454956 7.31600046157837 7.7180004119873 7.68200016021729 6.44800043106079 6.0290002822876 6.19400024414062 5.9830002784729 5.93600034713745
-3.4e+38 -3.4e+38 -3.4e+38 -3.4e+38 -3.4e+38 -3.4e+38 -3.4e+38 8.68100070953369 8.58100032806396 8.57299995422363 8.34899997711182 7.89200019836426 7.75800037384033 7.65700054168701 7.52300024032593 7.36500024795532 6.98800039291382 6.88600015640259 7.07300043106079 6.89900016784668 6.79700040817261 6.34700012207031 5.62400007247925 5.42100048065186 5.36200046539307 5.37200021743774 5.3580002784729 5.39900016784668 5.44900035858154 5.53700017929077 5.59900045394897 5.63000011444092 5.65000009536743 5.69800043106079 5.75900030136108 5.84800004959106 5.85900020599365 5.86400032043457 5.87100028991699 5.9060001373291 6.02300024032593 6.19300031661987 6.39000034332275 6.56100034713745 6.98400020599365 7.7620005607605 7.85500049591064 7.4850001335144 6.33100032806396 6.1100001335144 5.88800048828125 5.85700035095215
-3.4e+38 -3.4e+38 -3.4e+38 -3.4e+38 -3.4e+38 -3.4e+38 -3.4e+38 8.50699996948242 8.16900062561035 8.07600021362305 8.28200054168701 8 7.69000053405762 7.54100036621094 7.40200042724609 7.27400016784668 7.36200046539307 7.2180004119873 7.0120005607605 6.86900043487549 6.75800037384033 6.45400047302246 5.82200050354004 5.48000049591064 5.42400026321411 5.32900047302246 5.35000038146973 5.40000009536743 5.50400018692017 5.56400012969971 5.61600017547607 5.66400003433228 5.71500015258789 5.75900030136108 5.84400033950806 5.89500045776367 5.95000028610229 5.97700023651123 5.97200012207031 5.96400022506714 5.98000049591064 6.06600046157837 6.29900026321411 6.50100040435791 6.83900022506714 7.61200046539307 7.86400032043457 7.55000019073486 7.01000022888184 6.32800006866455 6.05600023269653 5.88600015640259
-3.4e+38 -3.4e+38 -3.4e+38 -3.4e+38 -3.4e+38 -3.4e+38 -3.4e+38 -3.4e+38 7.99500036239624 7.65300035476685 7.77600049972534 7.95300054550171 7.62400054931641 7.42600011825562 7.22800016403198 7.08500051498413 7.14100027084351 6.94000053405762 6.86500024795532 6.83000040054321 6.89900016784668 6.9810004234314 6.55300045013428 5.63300037384033 5.34900045394897 5.4040002822876 5.40300035476685 5.44500017166138 5.54500007629395 5.58400011062622 5.62600040435791 5.6560001373291 5.69900035858154 5.76600027084351 5.85400009155273 5.94100046157837 6.09100008010864 6.13500022888184 6.03300046920776 6.03200006484985 5.9980001449585 5.97700023651123 6.10400009155273 6.36700010299683 7.03000020980835 7.64000034332275 7.80100059509277 7.78000020980835 7.54400014877319 6.9850001335144 6.49000024795532 6.01900005340576
-3.4e+38 -3.4e+38 -3.4e+38 -3.4e+38 -3.4e+38 -3.4e+38 -3.4e+38 -3.4e+38 -3.4e+38 7.34700012207031 7.19300031661987 7.47600030899048 7.45600032806396 7.28000020980835 7.05400037765503 6.90900039672852 6.7950005531311 6.71300029754639 6.70500040054321 6.76500034332275 6.8600001335144 7.10300016403198 6.82900047302246 6.29900026321411 5.81800031661987 5.52500009536743 5.37200021743774 5.45000028610229 5.54300022125244 5.57200002670288 5.62700033187866 5.64900016784668 5.68600034713745 5.76100015640259 6.27500009536743 6.92400026321411 6.57200050354004 6.50200033187866 6.26900053024292 6.15800046920776 6.12800025939941 6.07100009918213 6.04900026321411 6.17400026321411 6.82800054550171 7.3410005569458 7.16300010681152 7.55600023269653 7.79100036621094 7.25800037384033 6.51000022888184 6.02000045776367
-3.4e+38 -3.4e+38 -3.4e+38 -3.4e+38 -3.4e+38 -3.4e+38 -3.4e+38 -3.4e+38 -3.4e+38 7.05200052261353 6.81300020217896 6.8580002784729 7.0450005531311 6.92600011825562 6.97200012207031 6.7330002784729 6.61500024795532 6.57900047302246 6.61200046539307 6.75400018692017 7.06600046157837 7.22900056838989 7.01500034332275 6.59600019454956 5.77400016784668 5.32900047302246 5.39300012588501 5.43100023269653 5.4810004234314 5.52700042724609 5.59400033950806 5.63400030136108 5.64900016784668 5.72500038146973 5.84900045394897 6.13300037384033 6.62400054931641 7.39900016784668 7.34200048446655 6.54500007629395 6.33200025558472 6.25300025939941 6.16900014877319 6.09200048446655 6.18900012969971 6.24600028991699 6.42100048065186 7.13000011444092 7.73400020599365 7.1560001373291 6.39900016784668 6.05600023269653
-3.4e+38 -3.4e+38 -3.4e+38 -3.4e+38 -3.4e+38 -3.4e+38 -3.4e+38 -3.4e+38 -3.4e+38 -3.4e+38 6.42900037765503 6.40000009536743 6.46500015258789 6.72700023651123 6.85100030899048 6.70400047302246 6.54400014877319 6.47100019454956 6.44900035858154 6.68800020217896 6.88100051879883 6.98000049591064 7.16100025177002 6.99900054931641 6.67500019073486 5.6540002822876 5.41500043869019 5.42600011825562 5.53300046920776 5.49500036239624 5.53600025177002 5.5600004196167 5.57000017166138 5.6870002746582 5.77700042724609 5.85500049591064 6.25900030136108 7.13200044631958 7.5290002822876 6.95800018310547 6.97500038146973 6.88200044631958 6.38000011444092 6.19500017166138 6.09400033950806 6.0290002822876 6.14300012588501 6.59000015258789 7.45900058746338 7.67200040817261 6.80100011825562 6.17000007629395
-3.4e+38 -3.4e+38 -3.4e+38 -3.4e+38 -3.4e+38 -3.4e+38 -3.4e+38 -3.4e+38 -3.4e+38 -3.4e+38 -3.4e+38 5.96500015258789 5.94400024414062 6.08500051498413 6.3100004196167 6.48900032043457 6.60000038146973 6.49900007247925 6.48800039291382 6.58900022506714 6.66900014877319 6.67900037765503 6.89000034332275 7.16200017929077 7.26000022888184 6.74700021743774 5.79500007629395 5.33600044250488 5.39200019836426 5.44800043106079 5.49500036239624 5.49400043487549 5.56900024414062 5.62800025939941 5.639000415802 5.72500038146973 5.97900009155273 6.57600021362305 7.51300048828125 7.54000043869019 7.50100040435791 6.83400011062622 6.80000019073486 6.33900022506714 6.17900037765503 5.98200035095215 6.00900030136108 6.32000017166138 7.43400049209595 7.74200057983398 7.41900014877319 6.39200019836426
-3.4e+38 -3.4e+38 -3.4e+38 -3.4e+38 -3.4e+38 -3.4e+38 -3.4e+38 -3.4e+38 -3.4e+38 -3.4e+38 -3.4e+38 -3.4e+38 -3.4e+38 5.65100049972534 5.74500036239624 5.99900007247925 6.38400030136108 6.42000007629395 6.39100027084351 6.41300010681152 6.42500019073486 6.51200008392334 6.61400032043457 6.70100021362305 6.84900045394897 7.07500028610229 6.39900016784668 5.57400035858154 5.38600015640259 5.37700033187866 5.39600038528442 5.4350004196167 5.49200010299683 5.50400018692017 5.53300046920776 5.59400033950806 5.76100015640259 6.16600036621094 7.05000019073486 7.33800029754639 6.83100032806396 6.6540002822876 6.87700033187866 6.32400035858154 6.19600009918213 6.01200008392334 5.97800016403198 6.22900009155273 6.9370002746582 7.66800022125244 7.43000030517578 6.30600023269653
-3.4e+38 -3.4e+38 -3.4e+38 -3.4e+38 -3.4e+38 -3.4e+38 -3.4e+38 -3.4e+38 -3.4e+38 -3.4e+38 -3.4e+38 -3.4e+38 -3.4e+38 -3.4e+38 -3.4e+38 -3.4e+38 5.65500020980835 6.07100009918213 6.3270001411438 6.49200010299683 6.60400009155273 6.62600040435791 6.6100001335144 6.5620002746582 6.67900037765503 6.95700025558472 6.57900047302246 6.28200006484985 6.00600051879883 5.35700035095215 5.30900001525879 5.38100004196167 5.37100028991699 5.38400030136108 5.40500020980835 5.4350004196167 5.5600004196167 5.84200048446655 6.42800045013428 7.1850004196167 7.07900047302246 6.55800008773804 6.9370002746582 6.41700029373169 6.28300046920776 6.10200023651123 5.94800043106079 6.15900039672852 6.92800045013428 7.01000022888184 7.10400056838989 6.57200050354004
-3.4e+38 -3.4e+38 -3.4e+38 -3.4e+38 -3.4e+38 -3.4e+38 -3.4e+38 -3.4e+38 -3.4e+38 -3.4e+38 -3.4e+38 -3.4e+38 -3.4e+38 -3.4e+38 -3.4e+38 -3.4e+38 -3.4e+38 5.66300010681152 5.96500015258789 6.38000011444092 6.43000030517578 6.59100008010864 6.53000020980835 6.50100040435791 6.52700042724609 6.78200054168701 6.51700019836426 6.08000040054321 5.82600021362305 5.50500011444092 5.42500019073486 5.36700010299683 5.32000017166138 5.34500026702881 5.37000036239624 5.40000009536743 5.50400018692017 5.85900020599365 6.26500034332275 7.12000036239624 7.29300022125244 7.17300033569336 7.20400047302246 6.47300052642822 6.34700012207031 6.18600034713745 5.93200016021729 5.95800018310547 6.15900039672852 6.3270001411438 6.53400039672852 6.25600051879883
-3.4e+38 -3.4e+38 -3.4e+38 -3.4e+38 -3.4e+38 -3.4e+38 -3.4e+38 -3.4e+38 -3.4e+38 -3.4e+38 -3.4e+38 -3.4e+38 -3.4e+38 -3.4e+38 -3.4e+38 -3.4e+38 -3.4e+38 -3.4e+38 5.66300010681152 5.83900022506714 6.18000030517578 6.38000011444092 6.39400053024292 6.37500047683716 6.37700033187866 6.41100025177002 6.17600011825562 6.0600004196167 6.28000020980835 5.74400043487549 5.4520001411438 5.37500047683716 5.41800022125244 5.38800048828125 5.63200044631958 5.66200017929077 5.86600017547607 5.93000030517578 6.37800025939941 7.20800018310547 7.35100030899048 7.09800052642822 6.9520001411438 6.51000022888184 6.47000026702881 6.33200025558472 6.04200029373169 5.88000011444092 6.00900030136108 6.05800008773804 6.16500043869019 6.17800045013428
-3.4e+38 -3.4e+38 -3.4e+38 -3.4e+38 -3.4e+38 -3.4e+38 -3.4e+38 -3.4e+38 -3.4e+38 -3.4e+38 -3.4e+38 -3.4e+38 -3.4e+38 -3.4e+38 -3.4e+38 -3.4e+38 -3.4e+38 -3.4e+38 -3.4e+38 5.53500032424927 5.74700021743774 5.95400047302246 6.12500047683716 6.26900053024292 6.20000028610229 6.27100038528442 6.23200035095215 6.13500022888184 6.38200044631958 6.65700054168701 5.72000026702881 5.44400024414062 5.46400022506714 5.47200012207031 5.90500020980835 6.31400012969971 6.25200033187866 6.7790002822876 7.27200031280518 7.35700035095215 7.27200031280518 6.65000009536743 6.83400011062622 6.84200048446655 7.28800058364868 6.73400020599365 6.21400022506714 5.91500043869019 5.99600028991699 6.46500015258789 6.57400035858154 6.60000038146973
-3.4e+38 -3.4e+38 -3.4e+38 -3.4e+38 -3.4e+38 -3.4e+38 -3.4e+38 -3.4e+38 -3.4e+38 -3.4e+38 -3.4e+38 -3.4e+38 -3.4e+38 -3.4e+38 -3.4e+38 -3.4e+38 -3.4e+38 -3.4e+38 -3.4e+38 -3.4e+38 5.4350004196167 5.61400032043457 5.89700031280518 6.02300024032593 6.05500030517578 6.32800006866455 6.47200012207031 6.57400035858154 6.22400045394897 5.77100038528442 5.58900022506714 5.50000047683716 5.54900026321411 5.53900003433228 5.56500005722046 5.75000047683716 5.78000020980835 6.6100001335144 7.11300039291382 7.19000053405762 7.12500047683716 6.99400043487549 6.72500038146973 7.15200042724609 7.33900022506714 6.46300029754639 6.26000022888184 6.02100038528442 5.94200038909912 6.11300039291382 6.88600015640259 7.57500028610229
-3.4e+38 -3.4e+38 -3.4e+38 -3.4e+38 -3.4e+38 -3.4e+38 -3.4e+38 -3.4e+38 -3.4e+38 -3.4e+38 -3.4e+38 -3.4e+38 -3.4e+38 -3.4e+38 -3.4e+38 -3.4e+38 -3.4e+38 -3.4e+38 -3.4e+38 -3.4e+38 -3.4e+38 5.40800046920776 5.58500003814697 5.76800012588501 6.02500009536743 6.44300031661987 6.53900051116943 6.97400045394897 6.61500024795532 6.30000019073486 5.70700025558472 5.59400033950806 5.64000034332275 5.65100049972534 5.64100027084351 5.97500038146973 5.55000019073486 5.53900003433228 5.71900033950806 6.45000028610229 7.22100019454956 7.37000036239624 6.95400047302246 6.72900009155273 6.65900039672852 6.39600038528442 6.26700019836426 6.11700010299683 5.91400051116943 5.93400049209595 6.16800022125244 6.67500019073486
-3.4e+38 -3.4e+38 -3.4e+38 -3.4e+38 -3.4e+38 -3.4e+38 -3.4e+38 -3.4e+38 -3.4e+38 -3.4e+38 -3.4e+38 -3.4e+38 -3.4e+38 -3.4e+38 -3.4e+38 -3.4e+38 -3.4e+38 -3.4e+38 -3.4e+38 -3.4e+38 -3.4e+38 -3.4e+38 -3.4e+38 5.62400007247925 5.94300031661987 6.35900020599365 6.63700008392334 6.86200046539307 6.7160005569458 6.21000051498413 5.92900037765503 5.83800029754639 5.7330002784729 5.75500011444092 5.764000415802 5.73700046539307 5.58600044250488 5.5290002822876 5.63000011444092 6.27600049972534 6.96900033950806 6.90200042724609 7.20500040054321 6.89400053024292 6.48900032043457 6.42000007629395 6.29800033569336 6.14400005340576 5.9350004196167 5.84000015258789 5.87900018692017 5.97900009155273
-3.4e+38 -3.4e+38 -3.4e+38 -3.4e+38 -3.4e+38 -3.4e+38 -3.4e+38 -3.4e+38 -3.4e+38 -3.4e+38 -3.4e+38 -3.4e+38 -3.4e+38 -3.4e+38 -3.4e+38 -3.4e+38 -3.4e+38 -3.4e+38 -3.4e+38 -3.4e+38 -3.4e+38 -3.4e+38 -3.4e+38 -3.4e+38 -3.4e+38 6.19900035858154 6.51700019836426 6.66700029373169 6.66600036621094 6.4060001373291 6.14000034332275 5.9850001335144 5.889000415802 5.83100032806396 5.80000019073486 5.72100019454956 5.68800020217896 5.6540002822876 5.66100025177002 5.8600001335144 6.32200050354004 6.30800008773804 6.66400051116943 6.53800010681152 6.49300050735474 6.41400051116943 6.31600046157837 6.06300020217896 5.82900047302246 5.75000047683716 5.77300024032593 5.72900009155273
-3.4e+38 -3.4e+38 -3.4e+38 -3.4e+38 -3.4e+38 -3.4e+38 -3.4e+38 -3.4e+38 -3.4e+38 -3.4e+38 -3.4e+38 -3.4e+38 -3.4e+38 -3.4e+38 -3.4e+38 -3.4e+38 -3.4e+38 -3.4e+38 -3.4e+38 -3.4e+38 -3.4e+38 -3.4e+38 -3.4e+38 -3.4e+38 -3.4e+38 6.01100015640259 6.42600011825562 6.64900016784668 6.69800043106079 7.11500024795532 6.37600040435791 6.17600011825562 6.0600004196167 6.0310001373291 5.89600038528442 5.87500047683716 5.82900047302246 5.78900051116943 5.89100027084351 5.96700048446655 6.42800045013428 6.24600028991699 6.36100053787231 6.47300052642822 6.46900033950806 6.46600008010864 6.37400007247925 6.10900020599365 5.84000015258789 5.75600004196167 5.70400047302246 5.6080002784729
