layers/vpdmax11.asc
NCOLS 421 
NROWS 354 
XLLCORNER -106.645833332895 
YLLCORNER 25.8541666666667 
CELLSIZE 0.0416666666669039 
NODATA_value -3.4e+38 
[rows 207 to 229 of 354, columns 208 to 259 of 421]
29.3570022583008 29.3350009918213 29.0140018463135 28.935001373291 28.8840007781982 29.0590019226074 29.2950019836426 28.9280014038086 28.6100006103516 28.6950016021729 28.9330005645752 28.9420013427734 29.0270004272461 29.0650005340576 28.8610019683838 28.6910018920898 28.5650005340576 28.5440006256104 28.2520008087158 28.3850021362305 28.3400020599365 27.9500007629395 27.8230018615723 27.7880020141602 27.6740016937256 27.6620006561279 27.6330013275146 27.4870014190674 27.3620014190674 27.1200008392334 26.9360008239746 26.9290008544922 26.943000793457 26.8340015411377 26.6470012664795 26.5420017242432 26.3640003204346 26.3050003051758 26.193000793457 25.9090003967285 25.871000289917 26.0580005645752 26.1610012054443 26.355001449585 26.5200004577637 26.4720020294189 26.3900012969971 26.4200019836426 26.4420013427734 26.5220012664795 26.802001953125 26.7670021057129
29.0140018463135 28.7640018463135 28.2430019378662 28.4790019989014 28.6070022583008 28.3690013885498 28.5340023040771 28.984001159668 28.7890014648438 28.560001373291 28.9160022735596 28.9440021514893 28.8530006408691 29.0870018005371 29.1060009002686 28.9690017700195 28.6700019836426 28.4680004119873 28.605001449585 28.2410011291504 28.1680011749268 27.9460010528564 27.8790016174316 27.9770011901855 27.8580017089844 27.7970008850098 27.7440013885498 27.5160007476807 27.3300018310547 27.0440006256104 26.9330005645752 27.0670013427734 27.1540012359619 27.0580005645752 26.8570003509521 26.7640018463135 26.6440010070801 26.5530014038086 26.3350009918213 26.1390018463135 26.3740005493164 26.4550018310547 26.476001739502 26.6020011901855 26.5890007019043 26.4490013122559 26.3450012207031 26.306001663208 26.431001663208 26.6790008544922 27.0480003356934 27.0660018920898
28.32200050354 28.1200008392334 28.2820014953613 28.3440017700195 28.6440010070801 28.7720012664795 28.4480018615723 28.6470012664795 29.0190010070801 28.6870021820068 28.8450012207031 28.9600009918213 28.9550018310547 29.0010013580322 29.0360012054443 28.9340019226074 28.859001159668 28.5900020599365 28.613000869751 28.2660007476807 28.1420021057129 27.8920021057129 27.9540004730225 27.9010009765625 27.851001739502 27.7790012359619 27.6210021972656 27.4200019836426 27.238000869751 27.2060012817383 27.189001083374 27.1440010070801 27.1420021057129 27.1240005493164 27.1650009155273 27.060001373291 26.9650020599365 26.7980003356934 26.568000793457 26.4370021820068 26.3790016174316 26.3870010375977 26.4820003509521 26.6740016937256 26.6060009002686 26.5660018920898 26.3600006103516 26.3370018005371 26.4380016326904 26.7020015716553 27.0270004272461 27.242000579834
28.4900016784668 28.6180019378662 28.6670017242432 28.5200004577637 28.7210006713867 28.8770008087158 28.7220020294189 28.7630004882812 28.8790016174316 28.855001449585 28.7100009918213 28.802001953125 28.8890018463135 28.9020004272461 28.8190021514893 29.0100021362305 29.1000022888184 28.6710014343262 28.6290016174316 28.3890018463135 28.2790012359619 28.0150012969971 28.056001663208 27.9990005493164 27.9370021820068 27.7450008392334 27.5790004730225 27.4280014038086 27.3050022125244 27.2660007476807 27.3010005950928 27.3470020294189 27.3570003509521 27.3790016174316 27.423002243042 27.359001159668 27.1790008544922 27.0840015411377 26.7580013275146 26.556001663208 26.6630020141602 26.5810012817383 26.8230018615723 26.8200016021729 26.8350009918213 26.7160015106201 26.6410007476807 26.5230007171631 26.6500015258789 26.6630020141602 26.9440021514893 27.1800022125244
28.6510009765625 28.6340007781982 28.7930011749268 28.8610019683838 28.8820018768311 28.7680015563965 28.8910007476807 28.8820018768311 28.7320022583008 28.7910022735596 28.6290016174316 28.5750007629395 28.5470008850098 28.6830005645752 28.7320022583008 28.8720016479492 28.7800006866455 28.5660018920898 28.5850009918213 28.3820018768311 28.2110004425049 28.0230007171631 28.1200008392334 28.1000003814697 28.0360012054443 27.8090019226074 27.617000579834 27.4550018310547 27.3960018157959 27.4400005340576 27.443000793457 27.4770011901855 27.560001373291 27.6700019836426 27.6540012359619 27.693000793457 27.6240005493164 27.4020004272461 27.1030006408691 27.1720008850098 27.0340003967285 26.8650016784668 27.1040019989014 27.07200050354 27.0470008850098 26.8700008392334 26.8200016021729 26.8460006713867 26.8580017089844 26.9110012054443 27.0290012359619 27.3300018310547
28.9780006408691 28.3960018157959 28.4440021514893 28.7710018157959 28.6980018615723 28.6940021514893 28.7060012817383 28.8320007324219 28.6900005340576 28.5700016021729 28.617000579834 28.3890018463135 28.5250015258789 28.5960006713867 28.6160011291504 28.6060009002686 28.7250022888184 28.5800018310547 28.5530014038086 28.3200016021729 28.1990013122559 28.1700019836426 28.1560020446777 28.1720008850098 28.0660018920898 27.7920017242432 27.6490020751953 27.5510005950928 27.5340003967285 27.5180015563965 27.5670013427734 27.6110019683838 27.7460021972656 27.9260005950928 28.0270004272461 27.9740009307861 27.9010009765625 27.7570018768311 27.5970020294189 27.4290008544922 27.2310009002686 27.1430015563965 27.2390022277832 27.1270008087158 27.1290016174316 27.0670013427734 27.0820007324219 27.0290012359619 26.984001159668 26.9440021514893 27.068000793457 27.5510005950928
29.1390018463135 28.7740020751953 28.3960018157959 28.685001373291 28.859001159668 28.8390007019043 28.8940010070801 28.7490005493164 28.609001159668 28.5700016021729 28.6540012359619 28.4420013427734 28.4040012359619 28.4910011291504 28.4620018005371 28.484001159668 28.5610008239746 28.5970020294189 28.5610008239746 28.3300018310547 28.1720008850098 28.1350021362305 28.1140022277832 28.1070022583008 27.9690017700195 27.9450016021729 27.734001159668 27.6450004577637 27.560001373291 27.6550006866455 27.7060012817383 27.7880020141602 28.0160007476807 28.230001449585 28.2320022583008 28.1290016174316 28.0340003967285 27.9790019989014 27.8910007476807 27.6560020446777 27.3860015869141 27.3160018920898 27.4440021514893 27.2750015258789 27.1860008239746 27.1510009765625 27.0750007629395 26.984001159668 27.0200004577637 26.9400005340576 26.9780006408691 27.4770011901855
29.185001373291 29.0750007629395 28.5700016021729 28.32200050354 28.3650016784668 28.3930015563965 28.4900016784668 28.6340007781982 28.5290012359619 28.5070018768311 28.5650005340576 28.6420021057129 28.605001449585 28.5790004730225 28.4790019989014 28.4520015716553 28.5120010375977 28.5820007324219 28.5920009613037 28.5090007781982 28.2710018157959 28.234001159668 28.1590003967285 28.0450019836426 28.003002166748 28.0350017547607 27.8300018310547 27.7540016174316 27.6760005950928 27.742000579834 27.8110008239746 27.8820018768311 28.0400009155273 28.2430019378662 28.2780017852783 28.2480010986328 28.1390018463135 28.1750011444092 27.988000869751 27.7450008392334 27.5930004119873 27.4900016784668 27.4820022583008 27.306001663208 27.1860008239746 27.101001739502 27.0400009155273 27.0060005187988 27.0360012054443 26.9960021972656 27.0280017852783 27.367000579834
28.8240013122559 28.8940010070801 28.8230018615723 28.4000015258789 28.1960010528564 28.3610019683838 28.4440021514893 28.4290008544922 28.3980007171631 28.3110008239746 28.3460006713867 28.4670009613037 28.5440006256104 28.5110015869141 28.5290012359619 28.5490016937256 28.5110015869141 28.5100021362305 28.5300006866455 28.5310020446777 28.5100021362305 28.3250007629395 28.2600021362305 28.1700019836426 28.0850009918213 28.0370006561279 27.9550018310547 27.7960014343262 27.8050022125244 27.8580017089844 27.7940006256104 27.9100017547607 27.9490013122559 27.9860019683838 28.1590003967285 28.0610008239746 28.0330009460449 28.0990009307861 27.8500003814697 27.5880012512207 27.5940017700195 27.5430011749268 27.4710006713867 27.2950019836426 27.2370014190674 27.1530017852783 27.0890007019043 27.0220012664795 27.0590019226074 27.0480003356934 27.0840015411377 27.3200016021729
28.689001083374 28.8000011444092 28.9110012054443 28.4790019989014 28.2770004272461 28.2850017547607 28.3750019073486 28.4770011901855 28.4220008850098 28.2900009155273 28.3610019683838 28.4130020141602 28.4030017852783 28.5240020751953 28.6040019989014 28.5930004119873 28.5220012664795 28.3890018463135 28.310001373291 28.3600006103516 28.4130020141602 28.3130016326904 28.2490005493164 28.1610012054443 28.1400012969971 28.1110019683838 27.9590015411377 27.8570022583008 27.8560009002686 27.8440017700195 27.8520011901855 27.802001953125 27.8150005340576 27.7150020599365 27.7620010375977 27.810001373291 27.7450008392334 27.7490005493164 27.5380020141602 27.4180011749268 27.5250015258789 27.5450019836426 27.5220012664795 27.3810005187988 27.2750015258789 27.1960010528564 27.1870021820068 27.1060009002686 27.0650005340576 27.0410003662109 26.9990005493164 27.0100021362305
28.7590007781982 28.8070011138916 28.8890018463135 28.7290019989014 28.4570007324219 28.3820018768311 28.4110012054443 28.4360008239746 28.3770008087158 28.476001739502 28.3690013885498 28.3070011138916 28.3790016174316 28.5200004577637 28.605001449585 28.7160015106201 28.6580009460449 28.5310020446777 28.3750019073486 28.3400020599365 28.3390007019043 28.2160015106201 28.2080020904541 28.177001953125 28.1670017242432 28.0880012512207 27.9960021972656 27.9730014801025 27.9140014648438 28.0140018463135 27.8970012664795 27.7480010986328 27.6540012359619 27.6180019378662 27.5940017700195 27.6500015258789 27.6310005187988 27.5210018157959 27.4940013885498 27.4410018920898 27.5340003967285 27.5470008850098 27.568000793457 27.3800010681152 27.3740005493164 27.4050006866455 27.3730010986328 27.2780017852783 27.2480010986328 27.2190017700195 27.1300010681152 27.1100006103516
28.5980014801025 28.6340007781982 28.6820011138916 28.7120018005371 28.6680011749268 28.6140022277832 28.5250015258789 28.6190013885498 28.5590019226074 28.5110015869141 28.378002166748 28.1960010528564 28.1740016937256 28.3840007781982 28.6420021057129 28.8540019989014 28.8030014038086 28.6200008392334 28.4240016937256 28.32200050354 28.2990016937256 28.2730007171631 28.2250022888184 28.2290019989014 28.1640014648438 28.0820007324219 28.0070018768311 28.0140018463135 28.0050010681152 28.0270004272461 27.931001663208 27.8150005340576 27.6200008392334 27.6040019989014 27.6490020751953 27.685001373291 27.6720008850098 27.5900020599365 27.4750003814697 27.5760021209717 27.6660003662109 27.560001373291 27.5060005187988 27.5040016174316 27.5400009155273 27.5300006866455 27.5000019073486 27.4020004272461 27.32200050354 27.3290004730225 27.3010005950928 27.2270011901855
28.5190010070801 28.3640022277832 28.3840007781982 28.480001449585 28.5850009918213 28.8580017089844 28.5570011138916 28.5810012817383 28.7550010681152 28.5660018920898 28.3650016784668 28.2060012817383 28.0960006713867 28.1640014648438 28.3860015869141 28.7150020599365 28.7400016784668 28.5040016174316 28.3300018310547 28.318000793457 28.3070011138916 28.2850017547607 28.2210006713867 28.2070007324219 28.1250019073486 28.0400009155273 27.9690017700195 28.0060005187988 27.9730014801025 27.9950008392334 27.9850006103516 27.8810005187988 27.7110004425049 27.6470012664795 27.5900020599365 27.6370010375977 27.6460018157959 27.6700019836426 27.738000869751 27.7270011901855 27.7400016784668 27.7030010223389 27.6200008392334 27.69700050354 27.685001373291 27.6080017089844 27.503002166748 27.3560009002686 27.4160003662109 27.4490013122559 27.359001159668 27.3000011444092
28.4810009002686 28.4990005493164 28.2460021972656 28.302001953125 28.3830013275146 28.9040012359619 28.923002243042 28.5550022125244 28.7480010986328 28.6380004882812 28.367000579834 28.0810012817383 27.9660015106201 27.8610019683838 28.1000003814697 28.3840007781982 28.4330005645752 28.3450012207031 28.2990016937256 28.2730007171631 28.2820014953613 28.2810020446777 28.2440013885498 28.181001663208 28.1220016479492 28.0790004730225 28.0010013580322 27.9960021972656 27.9410018920898 27.9570007324219 27.9530010223389 27.8710021972656 27.7950019836426 27.7250003814697 27.6550006866455 27.5260009765625 27.5490016937256 27.6830005645752 27.738000869751 27.7390022277832 27.7590007781982 27.7020015716553 27.6410007476807 27.6830005645752 27.6940021514893 27.609001159668 27.5330009460449 27.3990020751953 27.3190021514893 27.3340015411377 27.2800006866455 27.2780017852783
28.4280014038086 28.6220016479492 28.2800006866455 28.1180019378662 28.439001083374 28.9290008544922 29.1430015563965 29.0180015563965 28.7840023040771 28.7720012664795 28.4790019989014 28.1910018920898 27.8640022277832 27.8120021820068 27.9900016784668 28.1440010070801 28.230001449585 28.1990013122559 28.2400016784668 28.2360019683838 28.2290019989014 28.1590003967285 28.1610012054443 28.1680011749268 28.1210021972656 28.0790004730225 28.0770015716553 28.0010013580322 27.9640007019043 27.9200019836426 27.8680019378662 27.8300018310547 27.814001083374 27.8190021514893 27.7710018157959 27.6760005950928 27.6530017852783 27.6110019683838 27.5920009613037 27.734001159668 27.7150020599365 27.734001159668 27.7140007019043 27.69700050354 27.6390018463135 27.5650005340576 27.4770011901855 27.3360004425049 27.2580013275146 27.189001083374 27.1550006866455 27.1630020141602
28.4700012207031 28.6460018157959 28.5340023040771 28.0500011444092 28.3300018310547 28.6160011291504 28.7990016937256 28.9580020904541 28.8850021362305 28.6410007476807 28.4640007019043 28.3490009307861 28.185001373291 28.101001739502 28.2050018310547 28.2220020294189 28.1750011444092 28.128002166748 28.1350021362305 28.1230010986328 28.0860004425049 28.0610008239746 28.0460014343262 28.0700016021729 28.0770015716553 28.0250015258789 28.0290012359619 28.0130004882812 27.9750003814697 27.9690017700195 27.8500003814697 27.8240013122559 27.7450008392334 27.7270011901855 27.7330017089844 27.7550010681152 27.730001449585 27.5690021514893 27.5620021820068 27.6450004577637 27.6440010070801 27.7500019073486 27.6680011749268 27.6320018768311 27.5990009307861 27.5790004730225 27.4370021820068 27.3170013427734 27.2270011901855 27.0930004119873 27.0620021820068 27.060001373291
28.5260009765625 28.7890014648438 28.9080009460449 28.4480018615723 28.2940006256104 28.5090007781982 28.4780006408691 28.4550018310547 28.3660011291504 28.3960018157959 28.3990020751953 28.3570022583008 28.2520008087158 28.1450004577637 28.1380004882812 28.2760009765625 28.0780010223389 28.0540008544922 28.0460014343262 28.0130004882812 27.9900016784668 27.9750003814697 27.980001449585 28.0420017242432 28.0430011749268 28.0170021057129 28.0150012969971 28.0260009765625 27.9080009460449 27.8560009002686 27.8240013122559 27.7680015563965 27.6710014343262 27.5940017700195 27.6040019989014 27.6420021057129 27.6370010375977 27.6700019836426 27.6550006866455 27.6040019989014 27.6740016937256 27.6980018615723 27.6510009765625 27.609001159668 27.5490016937256 27.4970016479492 27.2820014953613 27.2060012817383 27.1560020446777 27.0130004882812 26.8440017700195 27.0400009155273
28.4600009918213 28.6360015869141 28.8830013275146 29.0000019073486 28.6030006408691 28.7390022277832 28.7210006713867 28.6500015258789 28.5890007019043 28.5650005340576 28.476001739502 28.3280010223389 28.2390022277832 28.1400012969971 28.1460018157959 28.1250019073486 28.1160011291504 28.0420017242432 28.0760021209717 28.0700016021729 27.9910011291504 27.9500007629395 27.9790019989014 27.94700050354 27.992000579834 27.9810009002686 27.9550018310547 27.8440017700195 27.7850017547607 27.7450008392334 27.7240009307861 27.6200008392334 27.5370006561279 27.5510005950928 27.5590019226074 27.5910015106201 27.6250019073486 27.5740013122559 27.5170021057129 27.5210018157959 27.6400012969971 27.6740016937256 27.6410007476807 27.5410003662109 27.4060020446777 27.2830009460449 27.2140007019043 27.1240005493164 27.0910015106201 27.0550022125244 26.9630012512207 27.0370006561279
28.4500007629395 28.5140018463135 28.4820022583008 28.7120018005371 29.1250019073486 29.1150016784668 29.1560020446777 28.9900016784668 28.730001449585 28.4530010223389 28.3800010681152 28.3480014801025 28.1760005950928 28.0890007019043 28.1160011291504 28.1540012359619 28.0670013427734 28.0230007171631 28.0450019836426 28.0570011138916 27.9940013885498 27.9370021820068 27.8990020751953 27.9040012359619 27.9040012359619 27.9420013427734 27.939001083374 27.855001449585 27.7780017852783 27.7400016784668 27.6310005187988 27.556001663208 27.548002243042 27.6240005493164 27.6460018157959 27.6320018768311 27.6430015563965 27.6350021362305 27.5420017242432 27.5200004577637 27.476001739502 27.4720020294189 27.5380020141602 27.4950008392334 27.3700008392334 27.2320003509521 27.1780014038086 27.1350021362305 27.1040019989014 27.0800018310547 27.181001663208 27.0770015716553
27.9640007019043 27.9710006713867 28.4140014648438 28.5690021514893 28.6640014648438 29.0000019073486 28.9850006103516 28.6160011291504 28.552001953125 28.5800018310547 28.3410015106201 28.2880020141602 28.1570014953613 28.060001373291 28.0700016021729 28.0940017700195 28.0310020446777 28.0110015869141 28.0460014343262 28.0350017547607 28.060001373291 28.0080013275146 27.9510021209717 27.927001953125 27.9150009155273 27.9400005340576 28.0120010375977 27.8970012664795 27.7370014190674 27.6800022125244 27.6150016784668 27.560001373291 27.5700016021729 27.6780014038086 27.7130012512207 27.7180004119873 27.6950016021729 27.6960010528564 27.6640014648438 27.6400012969971 27.5440006256104 27.5930004119873 27.568000793457 27.5180015563965 27.4370021820068 27.3040008544922 27.1910018920898 27.0740013122559 27.1400012969971 27.2750015258789 27.3430004119873 27.3320007324219
27.8970012664795 27.4900016784668 27.5910015106201 27.939001083374 28.2650012969971 28.8320007324219 28.9540004730225 28.6070022583008 28.2630004882812 28.2090015411377 28.2180004119873 28.238000869751 28.0830020904541 28.0080013275146 28.0270004272461 28.0650005340576 28.0090007781982 28.0140018463135 28.0330009460449 28.0630016326904 28.0340003967285 28.060001373291 28.060001373291 27.9660015106201 27.9170017242432 27.939001083374 27.9000015258789 27.8090019226074 27.7540016174316 27.6900005340576 27.6980018615723 27.6600017547607 27.7430019378662 27.7350006103516 27.6950016021729 27.7550010681152 27.8040008544922 27.7910022735596 27.7180004119873 27.7610015869141 27.685001373291 27.6480007171631 27.5370006561279 27.4770011901855 27.2680015563965 27.1360015869141 27.0330009460449 27.0880012512207 27.2160015106201 27.3490009307861 27.3560009002686 27.3070011138916
27.5350017547607 27.4410018920898 26.9040012359619 27.2250003814697 27.7330017089844 28.1920013427734 28.5440006256104 28.5710010528564 28.5070018768311 28.2060012817383 28.0920009613037 28.0090007781982 28.0920009613037 27.9900016784668 27.984001159668 28.0390014648438 28.0080013275146 27.9860019683838 28.0360012054443 28.068000793457 28.0700016021729 28.056001663208 28.0100021362305 28.0250015258789 27.9610004425049 27.9120006561279 27.8930015563965 27.8010005950928 27.7570018768311 27.7190017700195 27.6570014953613 27.7020015716553 27.7770004272461 27.7750015258789 27.7680015563965 27.7570018768311 27.730001449585 27.7090015411377 27.6980018615723 27.6610012054443 27.6590003967285 27.6870021820068 27.5510005950928 27.3480014801025 27.2320003509521 27.1800022125244 27.1870021820068 27.2370014190674 27.1690006256104 27.2110004425049 27.1980018615723 27.2020015716553
27.8160018920898 27.6250019073486 27.5200004577637 27.4730014801025 27.9570007324219 28.0340003967285 28.435001373291 28.7350006103516 28.4710006713867 28.1520004272461 27.8270015716553 27.8790016174316 27.9940013885498 27.9820022583008 27.9860019683838 28.0350017547607 27.9750003814697 27.9260005950928 27.9660015106201 28.0440006256104 28.0530014038086 27.9420013427734 27.9170017242432 27.8970012664795 27.9160022735596 27.9140014648438 27.9030017852783 27.8700008392334 27.8160018920898 27.7520008087158 27.7110004425049 27.7110004425049 27.7540016174316 27.7620010375977 27.6800022125244 27.6710014343262 27.6840019226074 27.6680011749268 27.6550006866455 27.6390018463135 27.6240005493164 27.5950012207031 27.4440021514893 27.2670021057129 27.2840003967285 27.3310012817383 27.4040012359619 27.4050006866455 27.2050018310547 27.2680015563965 27.3710021972656 27.2840003967285
